0.836
0.259
0.838
0.719
0.025
0.941
0.978
0.335
0.051
0.884
0.028
0.943
0.145
0.437
0.803
0.563
0.681
0.917
0.327
0.47
0.013
0.963
0.732
0.334
0.38
0.332
0.146
0.85
0.317
0.517
0.347
0.688
0.374
0.514
0.302
0.662
0.562
0.084
0.027
0.104
0.193
0.707
0.321
0.699
0.501
0.592
0.657
0.529
0.3
0.167
0.265
0.035
0.281
0.089
0.336
0.918
0.884
0.068
0.22
0.212
0.267
0.785
0.221
0.12
0.557
0.038
0.446
0.467
0.289
0.742
0.103
0.992
0.12
0.201
0.939
0.046
0.619
0.639
0.653
0.44
0.557
0.705
0.668
0.168
0.094
0.361
0.34
0.928
0.989
0.8
0.856
0.008
0.226
0.876
0.224
0.781
0.672
0.974
0.69
0.645
0.159
0.23
0.061
0.306
0.109
0.605
0.904
0.891
0.288
0.473
0.701
0.306
0.919
0.188
0.829
0.493
0.405
0.217
0.324
0.081
0.285
0.35
0.721
0.558
0.696
0.157
0.82
0.172
0.348
0.253
0.651
0.057
0.624
0.706
0.315
0.324
0.353
0.039
0.048
0.748
0.746
0.567
0.31
0.092
0.054
0.012
0.344
0.923
0.677
0.743
0.003
0.959
0.328
0.752
0.462
0.708
0.31
0.96
0.433
0.518
0.753
0.084
0.988
0.415
0.715
0.846
0.489
0.583
0.661
0.975
0.634
0.375
0.578
0.166
0.587
0.923
0.929
0.019
0.635
0.508
0.085
0.723
0.826
0.141
0.556
0.942
0.02
0.022
0.495
0.777
0.057
0.108
0.126
0.278
0.129
0.079
0.82
0.612
0.882
0.701
