0.327
0.959
0.916
0.152
0.052
0.208
0.752
0.586
0.141
0.978
0.133
0.93
0.921
0.26
0.62
0.628
0.292
0.717
0.218
0.974
0.114
0.516
0.813
0.385
0.812
0.757
0.183
0.283
0.079
0.46
0.61
0.822
0.226
0.639
0.335
0.115
0.631
0.29
0.514
0.691
0.822
0.252
0.63
0.04
0.339
0.951
0.195
0.062
0.318
0.759
0.127
0.84
0.536
0.655
0.426
0.207
0.696
0.895
0.844
0.369
0.681
0.902
0.62
0.552
0.713
0.416
0.753
0.29
0.977
0.3
0.387
0.007
0.18
0.008
0.564
0.466
0.235
0.739
0.887
0.678
0.38
0.715
0.969
0.273
0.293
0.399
0.143
0.145
0.147
0.275
0.837
0.186
0.551
0.668
0.979
0.447
0.696
0.111
0.418
0.481
0.79
0.555
0.612
0.591
0.626
0.518
0.851
0.615
0.431
0.657
0.714
0.894
0.699
0.866
0.818
0.603
0.591
0.552
0.356
0.223
0.334
0.572
0.836
0.261
0.043
0.136
0.5
0.13
0.724
0.467
0.345
0.774
0.396
0.388
0.929
0.386
0.964
0.961
0.675
0.259
0.55
0.98
0.345
0.371
0.56
0.035
0.029
0.319
0.346
0.339
0.359
0.372
0.465
0.073
0.601
0.183
0.957
0.398
0.66
ERROR
0.571
0.139
0.325
0.28
0.407
0.178
0.381
0.753
0.659
0.015
0.786
0.305
0.719
0.085
0.108
0.828
0.466
0.532
0.041
0.91
0.229
0.821
0.886
0.83
0.907
0.348
0.417
0.046
0.64
ERROR
0.356
0.746
0.875
0.34
0.267
0.413
0.131
0.131
0.734
0.025
