0.884
0.355
0.077
0.129
0.442
0.286
0.683
0.07
0.186
0.689
0.337
0.457
0.914
0.464
0.931
0.081
0.917
0.052
0.19
0.902
0.643
0.983
0.786
0.065
0.893
0.516
0.73
0.729
0.194
0.791
0.857
0.435
0.437
0.294
0.328
0.634
0.626
0.316
0.614
0.477
0.383
0.995
0.517
0.079
0.583
0.745
0.59
0.163
0.858
0.128
0.835
0.221
0.511
0.572
0.442
0.872
0.383
0.789
0.103
0.742
0.159
0.089
0.274
0.138
0.245
0.257
0.002
0.229
0.154
0.263
0.351
0.088
0.041
0.265
0.445
0.08
0.416
0.877
0.452
0.545
0.802
0.76
0.243
0.812
0.676
0.259
0.028
0.913
0.841
0.567
0.937
0.676
0.717
0.573
0.759
0.269
0.021
0.84
0.311
0.536
0.595
0.579
0.548
0.972
0.791
0.027
0.474
0.238
0.323
0.834
0.368
0.577
0.132
0.508
0.087
0.103
0.773
0.751
0.48
0.529
0.505
0.346
0.297
0.187
0.76
0.274
0.55
0.244
0.607
0.697
0.969
0.611
0.754
0.516
0.237
0.721
0.79
0.029
0.906
0.111
0.59
0.04
0.717
0.828
0.767
0.777
0.746
0.187
0.388
0.335
0.299
0.595
0.042
0.541
0.381
0.005
0.476
0.42
0.12
0.006
0.695
0.026
0.63
0.244
0.935
0.922
0.296
0.526
0.095
0.009
0.736
0.298
0.987
0.177
0.782
0.4
0.646
0.199
0.759
0.466
0.139
0.5
0.47
0.625
0.644
0.699
0.523
0.846
0.749
0.903
0.357
0.367
0.665
0.885
0.092
0.793
0.698
0.165
0.122
0.327
