0.983
0.325
ERROR
0.371
0.192
0.788
0.435
0.997
0.991
0.142
0.27
0.027
0.231
0.485
0.664
0.611
0.414
0.059
0.384
0.613
0.877
0.413
0.195
0.322
0.536
0.643
0.778
0.439
0.677
0.982
0.421
0.776
0.003
0.975
0.321
0.524
0.351
0.647
0.636
0.443
0.934
0.989
0.362
0.201
0.477
0.3
0.03
0.325
0.486
0.768
0.53
0.6
0.001
0.882
0.949
0.737
0.914
0.605
0.136
0.777
0.983
0.373
0.457
0.675
0.62
0.99
0.145
0.784
0.39
0.519
0.751
0.802
0.719
0.664
0.176
0.263
0.533
0.494
0.777
0.461
0.491
0.519
0.198
0.985
0.174
0.099
0.428
0.309
0.728
0.631
0.048
0.946
0.059
0.855
0.29
0.203
0.384
0.902
0.91
0.494
0.463
0.103
0.527
0.468
0.089
0.001
0.368
0.565
0.867
0.145
0.462
0.507
0.848
0.499
0.499
0.934
0.399
0.463
0.488
0.538
0.217
0.709
0.632
0.134
0.535
0.964
0.898
0.42
0.435
0.351
0.011
0.233
0.069
0.804
0.822
0.249
0.658
0.108
0.91
0.848
0.007
0.001
0.176
0.227
0.378
0.071
0.09
0.027
0.399
0.312
0.083
0.185
0.961
0.712
0.897
0.98
0.212
0.22
0.041
0.184
0.102
0.513
0.618
0.106
0.928
0.905
0.387
0.196
0.399
0.479
0.282
0.397
0.623
0.835
0.717
0.514
0.209
0.305
0.25
0.043
0.093
0.066
0.517
0.332
0.449
0.643
0.021
0.336
0.914
0.463
0.556
0.25
0.063
0.36
0.294
0.064
0.163
0.308
0.614
0.834
