0.869
0.23
0.289
0.012
0.152
0.825
0.862
0.757
0.394
0.571
0.503
0.759
0.384
0.358
0.317
0.944
0.091
0.082
0.942
0.581
0.387
0.145
0.147
0.032
0.102
0.788
0.9
0.087
0.176
0.318
0.102
0.246
0.106
0.938
ERROR
0.219
0.286
0.445
0.521
0.141
0.781
0.586
0.188
0.512
0.371
0.281
0.626
0.165
0.914
0.27
0.302
0.371
0.646
0.531
0.467
0.678
0.09
0.333
0.215
0.821
0.801
0.805
0.58
0.397
0.603
0.56
ERROR
0.641
0.5
0.924
0.505
0.212
0.426
0.811
0.664
0.226
0.201
0.626
0.811
0.412
0.553
0.74
0.972
0.096
0.739
0.638
0.164
0.19
0.934
0.501
0.843
0.545
0.787
0.598
0.43
0.858
0.048
0.811
0.045
0.889
0.568
0.603
0.702
0.885
0.75
0.459
0.893
0.505
0.257
0.797
0.769
0.561
0.635
0.797
0.854
0.949
0.046
0.224
0.423
0.03
0.116
0.532
0.25
0.886
0.843
0.146
0.808
0.929
0.056
0.869
0.603
0.096
0.749
0.879
0.635
0.762
0.787
0.548
0.142
0.534
0.097
0.008
0.735
0.776
0.862
0.067
0.922
0.545
0.046
0.746
0.773
0.582
0.36
0.462
0.127
0.747
0.907
0.205
0.75
0.986
0.808
0.486
0.076
0.335
0.739
0.481
0.123
0.906
0.63
0.652
0.768
0.176
0.774
0.434
0.681
0.632
0.009
0.479
0.354
0.665
0.928
0.066
0.228
0.861
0.441
0.751
0.14
0.055
0.995
0.78
0.029
0.926
0.222
0.121
0.284
0.474
0.325
0.854
0.443
0.689
