0.603
0.812
0.882
0.595
0.307
0.617
0.83
0.859
0.571
0.787
0.253
0.71
0.643
0.828
0.334
0.317
0.586
0.243
0.967
0.22
0.829
0.786
0.18
0.533
0.677
0.896
0.729
0.293
0.621
0.517
0.796
0.614
0.525
0.077
0.865
0.48
0.14
0.817
0.563
0.412
0.08
0.992
0.708
0.644
0.11
0.121
0.29
0.649
0.008
0.549
0.361
0.107
0.641
0.469
0.879
0.9
0.597
0.942
0.02
0.259
0.088
0.051
0.616
0.489
0.56
0.758
0.014
0.444
0.195
0.544
0.323
0.104
0.21
0.979
0.57
0.677
0.729
0.778
0.436
0.388
0.296
0.587
0.551
0.464
0.236
0.306
0.818
0.096
0.13
0.593
0.062
0.623
0.359
0.276
0.86
0.35
0.359
0.755
0.864
0.254
0.574
0.095
0.42
0.9
0.166
0.588
0.675
0.424
0.89
0.067
0.646
0.696
0.418
0.703
0.723
0.751
0.756
0.465
0.249
0.198
0.889
0.832
0.225
0.65
0.214
0.256
0.847
0.127
0.075
0.606
0.124
0.599
0.375
0.352
0.233
0.259
0.156
0.295
0.053
0.535
0.244
0.891
0.719
0.299
0.356
0.979
0.523
0.702
0.048
0.521
0.159
0.74
0.824
0.849
0.918
0.446
0.933
0.291
0.978
0.121
0.061
0.47
0.194
0.552
0.786
0.346
0.671
0.943
0.572
0.973
0.455
0.795
0.155
0.635
0.111
0.117
0.317
0.957
0.046
0.134
0.932
0.05
0.006
0.685
0.836
0.628
0.061
0.966
0.097
0.793
0.52
0.932
0.156
0.823
0.327
0.163
0.623
0.926
0.381
0.583
