0.064
0.138
0.786
0.36
0.757
0.206
0.357
0.571
0.386
0.909
0.127
0.543
0.491
0.109
0.968
0.651
0.685
0.812
0.695
0.201
0.336
0.663
0.556
0.184
0.465
0.858
0.97
0.968
0.663
0.699
0.069
0.32
0.861
0.615
0.178
0.322
0.423
0.494
0.368
0.264
0.159
0.746
0.597
0.977
0.724
0.338
0.607
0.336
0.888
0.551
0.234
0.164
0.334
0.928
0.209
0.097
0.571
0.284
0.438
0.63
0.641
0.917
0.868
0.561
0.475
0.645
0.494
0.721
0.947
0.142
0.431
0.417
0.343
0.676
0.774
0.748
0.401
0.868
0.879
0.452
0.391
0.239
0.735
0.716
0.113
0.949
0.403
0.197
0.618
0.276
0.163
0.682
0.512
0.767
0.266
0.46
0.542
0.755
0.944
0.153
0.1
0.363
0.99
0.097
0.206
0.642
0.65
0.689
0.804
0.4
0.93
0.255
0.341
0.865
0.837
0.988
0.626
0.299
0.046
0.472
0.134
0.131
0.771
0.168
0.085
0.853
0.436
0.028
0.346
0.127
0.766
0.01
0.655
0.92
0.419
0.713
0.512
0.845
0.36
0.941
ERROR
0.463
0.719
0.247
0.675
ERROR
0.432
0.305
0.42
0.948
0.166
0.542
0.32
0.946
0.109
0.827
0.683
0.855
0.372
0.906
0.574
0.607
0.454
0.764
0.521
0.834
0.874
0.125
0.429
0.288
0.879
0.144
0.499
0.06
0.786
0.613
0.382
0.809
0.87
0.302
0.14
0.84
0.531
0.489
0.241
0.735
0.943
0.304
0.991
0.747
0.847
0.426
0.734
0.089
0.628
0.743
0.633
0.752
0.189
0.591
