0.096
0.872
0.439
0.419
0.895
0.548
0.248
0.23
0.989
0.868
0.385
0.669
0.953
0.436
0.16
0.642
0.077
0.938
0.517
0.439
0.501
0.03
0.417
0.043
0.952
0.481
0.812
0.286
0.711
0.714
0.193
0.752
0.796
0.695
0.31
0.802
0.492
0.058
0.872
0.811
0.719
0.323
0.778
0.755
0.203
0.997
0.073
0.932
0.365
0.943
0.314
0.297
0.781
0.836
0.708
0.231
0.898
0.583
0.897
0.781
0.277
0.802
0.631
0.884
0.362
0.873
0.045
0.228
0.056
0.365
0.469
0.178
0.389
0.141
0.907
0.857
0.813
0.914
0.395
0.449
0.118
0.546
0.571
0.494
0.408
0.615
0.571
0.879
0.537
0.858
0.312
0.046
0.09
0.937
0.265
0.021
0.716
0.206
0.246
0.689
0.741
0.905
0.698
0.921
0.29
0.136
0.907
0.97
0.387
0.533
0.041
0.906
0.148
0.347
0.145
0.136
0.853
0.317
0.534
0.778
0.604
0.132
0.584
0.348
0.734
0.554
0.176
0.663
0.798
0.231
0.95
0.803
0.795
0.289
0.364
0.525
0.385
0.013
0.946
0.341
0.808
0.889
0.212
0.628
0.275
0.897
0.161
0.241
0.48
0.761
0.423
0.314
0.989
0.11
0.748
0.514
0.095
1.0
0.123
0.908
0.168
0.97
0.827
0.102
0.389
0.233
0.165
0.962
0.267
0.556
0.991
0.484
0.068
0.692
0.26
0.383
0.655
0.063
0.324
0.555
0.78
0.903
0.154
0.231
0.691
0.837
0.717
0.555
0.597
0.412
0.422
0.09
0.782
0.9
0.001
0.594
0.072
0.089
0.925
0.565
