0.376
0.031
0.221
0.122
0.769
0.547
0.345
0.028
0.271
0.864
0.078
0.801
0.832
0.392
0.548
0.328
0.602
0.72
0.019
0.876
0.899
0.255
0.887
0.184
0.026
0.684
0.26
0.139
0.428
0.753
0.615
0.546
0.965
0.399
0.22
0.157
0.489
0.329
0.184
0.518
0.5
0.097
0.91
0.577
0.741
0.986
0.226
0.221
0.482
0.217
0.913
0.803
0.104
0.609
0.423
0.807
0.676
0.597
0.643
0.444
0.122
0.863
0.735
0.066
0.16
0.053
0.376
0.698
0.347
0.266
0.074
0.06
0.597
0.114
0.622
0.884
0.883
0.36
0.919
0.78
0.117
0.234
0.325
0.668
0.281
0.402
0.318
0.637
0.993
0.114
0.534
0.11
0.437
0.665
0.605
0.391
0.498
0.543
0.108
0.37
0.158
0.068
0.266
0.583
0.717
0.708
0.86
0.763
0.412
0.102
0.309
0.716
0.816
0.123
0.016
0.105
0.907
0.827
0.984
0.985
0.83
0.676
0.932
0.525
0.225
0.821
0.54
0.673
0.175
0.67
0.188
0.187
0.484
0.835
0.173
0.169
0.063
0.339
0.409
0.292
0.349
0.156
0.021
0.349
0.996
0.535
0.893
0.289
0.632
0.758
0.5
0.795
0.155
0.894
0.32
0.533
0.775
0.89
0.034
0.79
0.102
0.43
0.384
0.831
0.753
0.244
0.404
0.116
0.71
0.501
0.059
0.182
0.254
0.796
0.711
0.515
0.994
0.649
0.272
0.13
0.599
0.809
0.438
0.843
0.103
0.184
0.328
0.98
0.861
0.977
0.717
0.635
0.047
0.315
0.789
0.41
0.953
0.5
0.577
0.341
