0.839
0.751
0.579
0.254
0.812
0.272
0.87
0.041
0.726
0.891
0.257
0.126
0.481
0.246
0.269
0.076
0.353
0.411
0.125
0.347
0.643
0.221
0.709
0.838
0.744
0.825
0.235
0.441
0.891
0.471
0.094
0.662
0.133
0.35
0.163
0.809
0.738
0.689
0.95
0.833
0.844
0.883
0.948
0.557
0.118
0.952
0.49
0.112
0.533
0.43
0.702
0.644
0.161
0.896
0.849
0.413
0.641
0.949
0.625
0.253
0.546
0.185
0.031
0.72
0.35
0.155
0.31
0.697
0.504
0.892
0.103
0.555
0.194
0.611
0.31
0.644
0.446
0.945
0.996
0.69
0.314
0.477
0.885
0.912
0.21
0.219
0.38
0.308
0.051
0.944
0.216
0.264
0.411
0.291
0.646
0.097
0.515
0.038
0.002
0.214
0.402
0.904
0.028
0.893
0.849
0.611
0.176
0.29
0.416
0.916
0.685
0.288
0.403
0.276
0.087
0.441
0.585
0.6
0.774
0.841
0.424
0.917
0.5
0.128
0.825
0.296
0.397
0.509
0.121
0.783
0.572
0.582
0.265
0.713
0.427
0.322
0.14
0.416
0.342
0.739
0.476
0.567
0.306
0.598
ERROR
0.959
0.298
0.459
0.354
0.189
0.657
ERROR
0.809
0.999
0.192
0.3
0.912
0.332
0.01
0.163
0.458
0.022
0.685
0.487
0.222
0.763
0.413
0.144
0.609
0.223
0.625
0.445
0.86
0.994
0.229
0.282
0.732
0.0
0.098
0.241
0.419
0.761
0.771
0.273
0.195
0.565
0.997
0.079
0.208
0.535
0.245
0.977
0.426
0.743
0.088
0.325
0.534
0.55
0.959
0.825
