0.587
0.577
0.616
0.384
0.371
0.013
0.632
0.524
0.002
0.229
0.107
0.18
0.493
0.14
0.284
0.901
0.069
0.536
0.742
0.869
0.52
0.849
0.11
0.14
0.188
0.691
0.008
0.598
0.608
0.259
0.533
0.918
0.803
0.019
0.672
0.246
0.198
0.263
0.871
0.655
0.912
0.594
0.309
0.28
0.194
0.362
0.54
0.724
0.33
0.372
0.82
0.857
0.716
0.687
0.633
0.13
0.795
0.448
0.569
0.717
0.122
0.013
0.773
0.497
0.991
0.154
0.082
0.29
0.848
0.552
0.757
0.963
0.968
0.51
0.276
0.352
0.211
0.229
0.721
0.565
0.952
0.944
0.307
0.344
0.754
0.725
0.456
0.879
0.341
0.21
0.864
0.268
0.001
0.279
0.328
0.326
0.463
0.807
0.744
0.235
0.122
0.281
0.242
0.518
0.991
0.61
0.606
0.495
0.415
0.528
ERROR
0.208
0.518
0.505
0.265
0.316
0.91
0.353
0.34
0.023
0.988
0.472
0.562
0.554
0.159
0.206
0.056
0.103
0.729
0.078
0.132
0.916
0.831
0.429
0.735
0.94
0.394
0.679
0.732
0.349
0.133
0.834
0.499
0.056
0.719
0.983
0.032
0.501
0.558
0.958
0.002
0.918
0.916
0.676
0.44
0.055
0.58
0.902
0.372
0.259
0.257
0.924
0.478
0.202
0.466
0.605
0.642
0.583
0.175
0.997
0.138
0.261
0.772
0.634
0.314
0.006
0.997
0.123
0.031
0.724
0.542
0.577
0.407
0.09
0.805
0.555
0.557
0.261
0.961
0.048
0.564
0.193
0.769
0.708
0.521
0.573
0.563
0.938
0.903
0.354
