0.514
0.181
0.237
0.32
0.396
0.419
0.401
0.895
0.53
0.366
0.048
0.939
0.965
0.847
0.165
0.354
0.654
0.444
0.996
0.241
0.977
0.779
0.567
0.902
0.817
0.178
0.384
0.498
0.105
0.385
0.482
0.366
0.018
0.176
0.831
0.898
0.163
0.009
0.394
0.44
0.747
0.51
0.264
0.745
0.5
0.93
0.038
0.506
0.389
0.263
0.721
0.45
0.901
0.638
0.584
0.644
0.744
0.77
0.273
0.423
0.016
0.922
0.218
0.752
0.096
0.323
0.619
0.279
0.366
0.382
0.826
0.702
0.469
0.961
0.743
0.805
0.115
0.419
0.305
0.631
0.242
0.391
0.045
0.035
0.344
0.035
0.667
0.517
0.946
0.287
0.515
0.192
0.492
0.693
0.73
0.094
0.587
0.004
0.729
0.183
0.579
0.899
0.568
0.637
0.54
0.281
0.355
0.101
0.316
0.657
0.051
0.468
0.22
0.873
0.718
0.043
0.321
0.101
0.906
0.474
0.151
0.483
0.123
0.046
0.831
0.536
0.115
0.144
0.974
0.851
0.116
0.439
0.362
0.683
0.838
0.082
0.734
0.172
0.838
0.166
0.574
0.052
0.068
0.819
0.853
0.891
0.656
0.56
0.181
0.052
0.508
0.705
0.773
0.244
0.021
0.93
0.588
0.966
0.022
0.057
0.516
0.969
0.233
0.921
0.911
0.159
0.532
0.801
0.119
0.073
0.271
0.131
0.042
0.969
0.71
0.715
0.044
0.597
0.524
0.992
0.715
0.731
0.109
0.322
0.59
0.072
0.726
0.118
0.976
0.944
0.465
0.725
0.822
0.515
0.579
0.454
0.474
0.912
0.242
0.797
