0.522
0.686
0.948
0.022
0.647
0.625
0.629
0.081
0.854
0.643
0.007
0.597
0.972
0.177
0.492
0.525
0.439
0.449
0.465
0.24
0.672
0.511
0.174
0.57
0.072
0.306
0.749
0.035
0.071
0.548
0.02
0.954
0.769
0.981
0.428
0.829
0.989
0.819
0.88
0.805
0.204
0.43
0.226
0.313
0.752
0.018
0.948
0.777
0.591
0.391
0.9
0.875
0.337
0.337
0.734
0.795
0.982
0.187
0.382
0.1
0.228
0.413
0.544
0.872
0.97
0.941
0.402
0.876
0.354
0.945
0.884
0.07
0.842
0.735
0.976
0.802
0.546
0.583
0.204
0.913
0.706
0.209
0.635
0.106
0.305
0.863
0.216
0.369
0.92
0.028
0.32
0.965
0.832
0.583
0.908
0.729
0.55
0.405
0.924
0.245
0.983
0.745
0.009
0.983
0.29
0.142
0.835
0.846
0.825
0.591
0.968
0.723
0.956
0.587
0.417
0.534
0.124
0.876
0.272
0.101
0.174
0.703
0.963
0.707
0.218
0.963
0.581
0.13
0.157
0.722
0.945
0.174
0.082
0.376
0.481
0.592
0.93
0.429
0.414
0.379
0.735
0.538
0.104
0.431
0.308
0.917
0.22
0.819
0.353
0.87
0.203
0.668
0.093
0.161
0.194
0.705
0.191
0.314
0.745
0.16
0.737
0.957
0.853
0.317
0.992
0.186
0.765
0.342
0.17
0.769
0.935
0.499
0.264
0.905
0.24
0.58
0.199
0.233
0.681
0.213
0.292
0.233
0.239
0.527
ERROR
0.321
0.107
0.597
0.843
0.496
0.395
0.401
0.774
0.62
0.886
0.281
0.328
0.231
0.503
0.86
