0.865
0.809
0.466
0.593
0.479
0.446
0.775
0.359
0.026
0.656
0.136
0.546
0.521
0.671
0.509
0.227
0.03
0.561
0.914
0.866
0.449
0.765
0.948
0.834
0.928
0.597
0.505
0.238
0.97
0.703
0.314
0.405
0.237
0.249
0.438
0.736
0.057
0.683
ERROR
0.967
0.406
0.878
0.658
0.597
0.205
0.398
0.46
0.302
0.855
0.685
0.738
0.534
0.416
0.249
0.469
0.195
0.83
0.358
0.777
0.943
0.615
0.155
0.926
0.942
0.742
0.372
0.899
0.035
0.556
0.515
0.277
0.358
0.379
0.212
0.118
0.518
0.09
0.271
0.909
0.43
0.705
0.405
0.577
0.378
0.244
0.152
0.402
0.448
0.16
0.969
0.65
0.886
0.771
0.722
0.316
0.003
0.722
0.018
0.944
0.96
0.687
0.006
0.643
0.281
0.035
0.224
0.993
0.525
0.923
0.561
0.587
0.863
0.501
0.146
0.628
0.655
0.562
0.725
0.727
0.405
0.582
0.832
0.875
0.953
0.935
0.377
0.447
0.789
0.767
0.162
0.315
0.261
0.685
0.711
0.019
0.551
0.612
0.773
0.844
0.735
0.654
0.371
0.019
0.513
0.487
0.821
0.011
0.455
0.041
0.876
0.987
0.669
0.199
0.758
0.672
0.889
0.815
0.029
0.961
0.591
0.713
0.777
0.929
0.209
0.149
0.988
0.569
0.897
0.327
0.787
0.429
0.873
0.217
0.024
0.234
0.44
0.88
0.007
0.24
0.885
ERROR
0.659
0.032
0.939
0.169
0.152
0.399
0.755
0.923
0.543
0.118
0.919
0.194
0.965
0.086
0.992
0.03
0.96
0.883
0.085
