0.383
0.633
0.012
0.892
0.932
0.682
0.669
0.798
0.467
0.797
0.046
0.765
0.881
0.374
0.336
0.446
0.308
0.957
0.929
0.83
0.042
0.359
0.839
0.916
0.539
0.692
0.688
0.5
0.697
0.855
0.609
0.917
0.217
0.061
0.824
0.867
0.985
0.969
0.386
0.908
0.234
0.15
0.504
0.586
0.377
0.804
0.282
0.693
0.585
0.959
0.995
0.834
0.013
0.463
0.75
0.059
0.519
0.328
0.616
0.707
0.56
0.728
0.5
0.887
0.901
0.673
0.951
0.441
0.725
0.117
0.562
0.511
0.903
0.762
0.211
0.018
0.727
0.903
0.159
0.095
0.605
0.821
0.08
0.281
0.226
0.932
0.301
0.851
0.589
0.307
0.488
0.689
0.403
0.008
0.523
0.296
0.539
0.814
0.528
0.459
0.549
0.548
0.217
0.269
0.692
0.001
0.639
0.682
0.507
0.546
0.641
0.82
0.131
ERROR
0.777
0.441
0.066
0.879
0.195
0.253
0.931
0.097
0.769
0.995
0.97
0.33
0.941
0.543
0.959
0.405
0.911
0.378
0.079
0.397
0.261
0.479
0.932
0.251
0.577
0.073
0.473
0.488
0.403
0.008
0.429
0.81
0.847
0.519
0.14
0.927
0.714
0.201
0.997
0.528
0.395
0.456
0.307
0.073
0.511
0.123
0.495
0.545
0.993
0.269
0.377
0.226
0.153
0.072
0.419
0.721
0.559
0.115
0.142
0.978
0.084
0.484
0.69
0.863
0.826
0.234
0.681
0.134
0.897
0.507
0.056
0.112
0.544
0.828
0.495
0.141
0.509
0.638
0.098
0.139
0.032
0.006
0.868
0.228
0.694
0.042
