0.471
0.598
0.553
0.607
0.85
0.533
0.792
0.967
0.536
0.407
0.179
0.76
0.094
0.996
0.212
0.31
0.757
0.265
0.773
0.218
0.011
0.091
0.67
0.261
0.965
0.955
0.943
0.352
0.657
0.619
0.58
0.216
0.707
0.61
0.539
0.831
0.106
0.604
0.552
0.855
0.74
0.872
0.851
0.916
0.583
0.811
0.831
0.859
0.657
0.513
0.617
0.494
0.787
0.814
0.554
0.385
0.493
0.793
0.464
0.983
0.963
0.387
0.918
0.972
0.539
0.075
0.677
0.432
0.538
0.465
0.28
0.012
0.398
0.93
0.861
0.486
0.569
0.117
0.644
0.418
0.8
0.52
0.797
0.81
0.729
0.1
0.193
0.955
0.677
0.911
0.525
0.255
0.935
0.846
0.79
0.33
0.72
0.342
0.425
0.334
0.073
0.461
0.534
0.539
0.787
0.422
0.104
0.179
0.026
0.005
0.558
0.366
0.204
0.339
0.686
0.865
0.849
0.45
0.953
0.001
0.912
0.614
0.884
0.576
0.689
0.72
0.726
0.825
0.671
0.17
0.581
0.845
0.081
0.883
0.404
0.863
0.542
0.754
0.849
0.434
0.33
0.039
0.454
0.135
0.263
0.899
0.209
0.042
0.304
0.256
0.613
0.731
0.365
0.746
0.781
0.321
0.992
0.35
0.442
0.946
0.407
0.703
0.456
0.362
0.792
0.6
0.515
0.782
0.12
0.039
0.044
ERROR
0.394
0.564
0.378
0.023
0.932
0.985
0.618
0.516
0.758
0.86
0.151
0.429
0.558
0.163
0.325
0.134
0.587
0.566
0.136
0.607
0.209
0.881
ERROR
0.801
0.634
0.426
0.171
0.158
