0.959
0.005
0.087
0.841
0.728
0.159
0.311
0.436
0.476
0.582
0.446
0.062
0.314
0.232
0.087
0.296
0.435
0.257
0.639
0.576
0.62
0.091
0.24
0.162
0.518
0.889
0.449
0.849
0.946
0.578
0.562
0.267
0.739
0.638
0.027
0.926
0.79
0.362
0.663
0.386
0.453
0.126
0.857
0.65
0.055
0.458
0.586
0.929
0.556
0.606
0.028
0.955
0.978
0.322
0.483
0.53
0.157
0.511
0.117
0.79
0.257
0.914
0.974
0.155
0.323
0.08
0.125
0.44
0.527
0.457
0.431
0.208
0.487
0.828
0.858
0.0
0.879
0.142
0.137
0.498
0.835
0.724
0.956
0.025
0.59
0.591
0.714
0.662
0.626
0.747
0.302
0.293
0.288
0.698
0.165
0.053
0.084
0.257
0.845
0.081
0.898
0.396
0.743
0.028
0.597
0.824
0.962
0.517
0.58
0.121
0.662
0.3
0.627
0.007
0.837
0.2
0.23
0.467
0.596
0.506
0.185
0.236
0.413
0.988
0.061
0.894
0.019
0.585
0.724
0.099
0.65
0.539
0.837
0.357
0.317
0.999
0.998
0.274
0.265
0.558
0.533
0.005
0.362
0.793
0.924
0.701
0.89
0.087
0.124
0.226
0.785
0.533
0.483
0.337
0.627
0.328
0.559
0.235
0.381
0.821
0.408
0.549
0.931
0.563
0.416
0.273
0.836
0.886
0.486
0.19
0.939
0.998
0.997
0.192
0.97
0.761
0.686
0.442
0.346
0.812
0.706
0.214
0.002
0.991
0.084
0.46
0.122
0.576
0.153
0.528
0.2
0.959
0.816
0.224
0.051
0.095
0.857
0.468
0.345
0.018
