0.988
0.277
0.858
0.451
0.304
0.434
0.086
0.969
0.07
0.153
0.811
0.689
0.074
0.507
0.589
0.0
0.926
0.961
0.171
0.83
0.43
0.003
0.158
0.212
0.118
0.206
0.194
0.385
0.717
0.856
0.218
0.4
0.65
0.227
0.063
0.759
0.718
0.899
ERROR
0.736
0.33
0.77
0.082
0.41
0.06
0.498
0.855
0.687
0.079
0.446
0.136
0.21
0.554
0.315
0.817
0.586
0.879
0.328
0.531
0.96
0.978
0.668
0.972
0.795
0.91
0.689
0.936
0.323
0.142
0.576
0.302
0.483
0.354
0.459
0.845
0.643
0.789
0.169
0.08
0.035
0.017
0.682
0.414
0.646
0.014
0.958
0.215
0.259
0.499
0.483
0.52
0.144
0.296
0.555
0.726
0.763
0.808
0.417
0.635
0.02
0.501
0.631
0.301
0.227
0.717
0.789
0.273
0.678
0.987
0.533
0.831
0.165
0.316
0.69
0.378
0.432
0.758
0.972
0.397
0.433
0.345
0.203
0.141
0.917
0.323
0.211
0.44
0.467
0.794
0.608
0.5
0.084
0.9
0.419
0.766
0.888
0.633
0.406
0.094
0.224
0.941
0.865
0.89
0.272
0.676
0.659
0.531
0.116
0.024
0.544
0.008
0.993
0.759
0.146
0.901
0.72
0.759
0.233
0.972
0.964
0.04
0.115
0.666
0.074
0.519
0.514
0.803
0.766
0.499
0.969
0.78
0.099
0.565
0.206
0.489
0.712
0.566
0.103
0.746
0.823
0.522
0.8
0.057
0.668
0.669
0.874
0.551
0.032
0.251
0.966
0.538
0.619
0.573
0.827
0.11
0.072
0.386
0.684
0.086
0.974
