0.74
0.526
0.825
0.527
0.881
0.899
0.45
0.839
0.92
0.028
0.511
0.824
0.306
0.35
0.776
0.502
0.473
0.68
0.057
0.435
0.697
0.209
0.633
0.742
0.772
0.348
0.085
0.235
0.625
0.967
0.956
0.483
0.774
0.306
0.931
0.166
0.389
0.947
0.414
0.194
0.306
0.007
0.827
0.275
0.425
0.361
0.335
0.424
0.082
0.358
0.841
0.415
0.487
0.806
0.793
0.197
0.191
0.88
0.473
0.171
0.362
0.338
0.517
0.723
0.946
0.168
0.705
0.093
0.409
0.297
0.085
0.943
0.138
0.189
0.772
0.891
0.406
0.105
0.62
0.31
0.225
0.805
0.279
0.073
0.674
0.788
0.441
0.225
0.585
0.984
0.074
0.27
0.915
0.436
0.166
0.303
0.122
0.146
0.115
0.828
0.366
0.861
0.894
0.285
0.089
0.632
0.009
0.746
0.789
0.479
0.239
0.902
0.257
0.085
0.93
0.016
0.662
0.13
0.273
0.041
0.977
0.606
0.285
0.144
0.177
0.92
0.87
0.166
0.366
0.134
0.111
0.605
0.313
0.937
0.234
0.115
0.14
0.659
0.927
0.765
0.314
0.845
0.4
0.27
0.439
0.603
0.399
0.06
0.6
0.291
0.91
0.038
0.464
0.418
0.259
0.528
0.371
0.736
0.345
0.939
0.606
0.976
0.921
0.155
0.038
0.999
0.183
0.592
0.645
0.365
0.581
0.775
0.06
0.645
0.704
0.336
0.825
0.341
0.897
0.408
0.648
0.514
0.412
0.844
0.419
0.285
0.022
0.726
0.519
0.583
0.405
0.549
0.337
0.287
0.001
0.173
0.736
0.836
0.855
0.232
