0.285
0.911
0.884
0.111
0.18
0.61
0.128
0.705
0.497
0.202
0.152
0.954
0.432
0.791
0.813
0.193
0.171
0.528
0.877
0.358
0.004
0.552
0.37
0.472
0.16
0.28
0.45
0.403
0.506
0.509
0.375
0.275
0.433
0.546
0.37
0.3
0.414
0.562
0.893
0.694
0.204
0.584
0.244
0.182
0.491
0.287
0.514
0.723
0.457
0.331
0.352
0.219
0.732
0.913
0.599
0.227
0.556
0.696
0.166
0.922
0.67
0.222
0.569
0.315
0.626
0.762
0.801
0.376
0.499
0.834
0.041
0.629
0.534
0.052
0.433
0.945
0.432
0.87
0.035
0.934
0.703
0.151
0.863
0.248
0.176
0.141
0.927
0.3
0.742
0.262
0.366
0.868
0.685
0.048
0.799
0.475
0.905
0.869
0.248
0.926
0.594
0.316
0.808
0.564
0.913
0.396
0.99
0.494
0.36
0.431
0.751
0.369
0.742
0.466
0.986
0.746
0.072
0.573
0.022
0.662
0.25
0.493
0.803
0.435
0.421
0.677
0.662
0.806
0.183
0.046
0.661
0.977
0.026
0.313
0.69
0.168
0.078
0.478
0.805
0.417
0.396
0.494
0.635
0.788
0.952
0.159
0.02
0.632
0.952
0.586
0.164
0.394
0.91
0.727
0.862
ERROR
0.225
0.627
0.244
0.83
0.084
0.028
0.757
0.754
0.59
0.274
0.849
0.518
0.408
0.182
0.71
0.263
0.031
0.298
0.002
0.485
0.42
0.325
0.637
0.615
0.527
0.255
0.587
0.043
0.331
0.296
0.403
0.608
0.771
0.408
0.629
0.269
0.262
0.715
0.173
0.327
0.631
0.618
0.047
0.985
