0.233
0.875
0.72
0.104
0.867
0.188
0.421
0.322
0.672
0.199
0.722
0.334
0.499
0.453
0.26
0.971
0.675
0.634
0.049
0.748
0.767
0.303
0.566
0.54
0.222
0.999
0.161
0.56
0.381
0.282
0.392
0.692
0.484
0.573
0.883
0.24
0.927
0.977
0.16
0.891
0.142
0.479
0.027
0.576
0.404
0.083
0.48
0.44
0.269
0.117
0.581
0.433
0.748
0.224
0.271
0.144
0.384
0.405
0.146
0.352
0.597
0.035
0.654
0.562
0.419
0.071
0.299
0.214
0.407
0.516
0.714
0.414
0.773
0.768
0.005
0.214
0.059
0.354
0.56
0.586
0.659
0.111
0.101
0.913
0.111
0.401
0.387
0.468
0.495
0.699
0.825
0.934
0.433
0.855
0.603
0.497
0.205
0.915
0.118
0.606
0.396
0.615
0.921
0.484
0.829
0.045
0.992
0.732
0.641
0.63
0.907
0.11
0.633
0.325
0.032
0.711
0.109
0.353
0.588
0.023
0.197
0.658
0.758
0.451
0.291
0.063
0.703
0.015
0.784
0.44
0.783
0.238
0.946
0.569
0.8
0.263
0.059
0.506
0.672
0.062
0.801
0.5
0.252
0.019
0.379
0.172
0.685
0.666
0.527
0.469
0.082
0.61
0.815
0.139
0.149
0.796
0.913
0.534
0.571
0.779
0.295
0.899
0.993
0.633
0.876
0.23
0.562
0.721
0.254
0.745
0.493
0.27
0.21
0.046
0.664
0.521
0.56
0.07
0.988
0.767
0.936
0.841
0.985
0.723
0.126
0.018
0.245
0.169
0.927
0.778
0.216
0.336
0.072
0.642
0.456
0.313
0.596
0.129
0.296
0.301
