0.256
0.207
0.812
0.786
0.225
0.379
0.797
0.659
0.561
0.623
0.774
0.584
0.326
0.996
0.997
0.754
0.135
0.377
0.504
0.858
0.03
0.956
0.638
0.255
0.58
0.564
0.405
0.204
0.303
0.879
0.982
0.914
0.039
0.332
0.663
0.219
0.228
0.6
0.906
0.558
0.231
0.512
0.856
0.269
0.354
0.761
0.859
0.687
0.954
0.064
0.385
0.096
0.194
0.03
0.722
0.935
0.022
0.347
0.542
0.345
0.609
0.607
0.884
0.098
0.258
0.28
0.542
0.672
0.292
0.331
0.338
0.976
0.355
0.943
0.006
0.909
0.245
0.807
0.297
0.645
0.357
0.194
0.085
0.369
0.115
0.299
0.61
0.584
0.455
0.666
0.248
0.341
0.68
0.209
0.119
0.555
0.749
0.475
0.064
0.217
0.998
0.25
0.381
0.843
0.361
0.118
0.319
0.847
0.783
0.932
0.523
0.728
0.447
0.922
0.196
0.976
0.084
0.455
0.088
0.228
0.241
0.129
0.169
0.903
0.604
0.41
0.951
0.191
0.268
0.192
0.742
0.474
0.707
0.811
0.767
0.91
0.561
0.742
0.99
0.304
0.524
0.406
0.658
0.783
0.33
0.697
0.693
0.688
0.633
0.795
0.818
0.239
0.169
0.41
0.901
0.808
0.327
0.464
0.263
0.744
0.981
0.21
0.996
0.977
0.585
0.897
0.08
0.706
0.77
0.597
0.199
0.215
0.854
0.64
0.229
0.773
0.85
0.531
0.44
0.056
0.169
0.04
0.893
0.404
0.404
0.834
0.543
0.617
0.711
0.604
0.693
0.993
0.904
0.071
0.266
0.815
0.476
0.944
0.953
0.965
