0.099
0.988
0.943
0.575
0.844
0.331
0.113
0.083
0.713
0.937
0.571
0.622
0.558
0.523
0.895
0.867
0.377
0.498
0.545
0.701
0.291
0.143
0.109
0.193
0.514
0.909
0.709
0.872
0.135
0.537
0.134
0.132
0.398
0.226
0.568
0.513
0.094
0.544
0.175
0.984
0.748
0.724
0.113
0.767
0.505
0.105
0.747
0.641
0.643
0.765
0.794
0.245
0.466
0.58
0.237
0.305
0.318
0.658
0.727
0.307
0.788
0.283
0.942
0.727
0.05
0.337
0.421
0.723
0.051
0.573
0.608
0.962
0.553
0.804
0.959
0.866
0.842
0.545
0.147
0.056
0.497
0.449
0.382
0.306
0.1
0.522
0.302
0.724
0.462
0.905
0.518
0.074
0.756
0.214
0.835
0.796
0.354
0.231
0.275
0.817
0.793
0.758
0.522
0.402
0.39
0.972
0.057
0.089
0.559
0.679
0.945
0.801
0.761
0.396
0.753
0.907
0.265
0.132
0.318
0.138
0.499
0.307
0.232
0.541
0.854
0.636
0.332
0.719
0.661
0.508
0.386
0.622
0.197
0.888
0.427
0.138
0.044
0.999
0.558
0.616
0.285
0.709
0.852
0.958
0.964
0.347
0.174
0.243
0.16
0.967
0.409
0.539
0.023
0.046
0.031
0.197
0.658
0.381
0.434
0.963
0.403
0.296
0.117
0.635
0.003
0.865
0.026
0.681
0.096
0.887
0.741
0.769
0.606
0.245
0.47
0.409
0.168
0.295
0.926
0.533
0.664
0.158
0.507
0.583
0.482
0.139
0.72
0.948
0.05
0.07
0.329
0.284
0.837
0.539
0.024
0.58
0.408
0.985
0.478
0.133
