0.297
0.42
0.071
0.36
0.392
0.475
0.162
0.645
0.229
0.781
0.25
0.511
0.826
0.822
0.549
0.715
0.219
0.804
0.149
0.628
0.353
0.165
0.409
0.745
0.981
0.396
0.627
0.806
0.342
0.689
0.275
0.205
0.476
0.418
0.779
0.838
0.345
0.652
0.956
0.445
0.67
0.617
0.403
0.061
0.272
0.694
0.886
0.513
0.466
0.971
0.951
0.045
0.891
0.341
0.66
0.525
0.185
0.927
0.983
0.551
0.593
0.104
0.606
0.084
0.541
0.345
0.193
0.157
0.554
0.972
0.061
0.892
0.23
0.303
0.576
0.404
0.019
0.776
0.869
0.538
0.262
0.101
0.725
0.092
0.869
0.567
0.418
0.617
0.933
0.841
0.587
0.885
0.623
0.756
0.199
0.323
0.349
0.056
0.812
0.285
0.82
0.066
0.148
0.922
0.804
0.143
0.998
0.978
0.893
0.974
0.47
0.525
0.397
0.928
0.323
0.498
0.371
0.165
0.886
0.45
0.786
0.015
0.197
0.403
0.195
0.668
0.282
0.676
0.36
0.506
0.587
0.697
0.788
0.548
0.391
0.23
0.45
0.554
0.186
0.253
0.773
0.513
0.243
0.815
0.776
0.88
0.04
0.397
0.135
0.565
0.453
0.114
0.145
0.821
0.949
0.33
0.956
0.724
0.383
0.938
0.946
0.648
0.083
0.888
0.123
0.325
0.384
0.366
0.189
0.341
0.148
0.53
0.519
0.035
0.139
0.618
0.127
0.54
0.975
0.481
0.518
0.843
0.445
0.39
0.043
0.328
0.44
0.64
0.933
0.651
0.9
0.608
0.492
0.444
0.694
0.271
0.099
0.515
0.011
0.112
