0.237
0.272
0.402
0.368
0.563
0.058
0.322
0.575
0.867
0.907
0.406
0.002
0.529
0.453
0.281
0.192
0.004
0.53
0.877
0.86
0.635
0.848
0.493
0.426
0.307
0.562
0.094
0.183
0.303
0.009
0.848
0.542
0.695
0.37
0.367
0.261
0.049
0.35
0.041
0.279
0.348
0.352
0.998
0.428
0.059
0.088
0.85
0.581
0.765
0.308
0.843
0.976
0.886
0.169
0.596
0.283
0.274
0.886
0.423
0.736
0.374
0.226
0.8
0.616
0.719
0.754
0.857
0.247
0.417
0.909
0.193
0.44
0.522
0.148
0.075
0.348
0.564
0.154
0.759
0.692
0.122
0.77
0.83
0.265
0.267
0.22
0.38
0.094
0.951
0.563
0.199
0.747
0.946
0.432
0.229
0.133
0.949
0.578
0.609
0.409
0.099
0.458
0.288
0.417
0.104
0.77
0.225
0.558
0.534
0.02
0.071
0.322
0.668
0.009
0.775
0.503
0.983
0.176
ERROR
0.688
0.706
0.038
0.662
0.311
0.37
0.889
0.202
0.816
0.897
0.344
0.58
0.59
0.58
0.925
0.474
0.317
0.745
0.357
0.562
0.763
0.162
0.45
0.006
0.256
0.744
0.897
0.285
0.045
0.137
0.536
0.666
0.042
0.802
0.727
0.944
0.614
0.468
0.644
0.22
0.656
0.078
0.166
0.625
0.57
0.143
0.601
0.038
0.189
0.283
0.601
0.172
0.099
0.228
0.328
0.393
0.479
0.683
0.712
0.449
0.114
0.23
0.337
0.202
0.09
0.259
0.471
0.16
0.405
0.924
0.947
0.74
0.73
0.535
0.052
0.645
0.795
0.184
0.904
0.561
0.233
