0.69
0.551
0.452
0.12
0.073
0.262
0.081
0.371
0.014
0.997
0.259
0.113
0.397
0.427
0.882
0.085
0.381
0.137
0.703
0.091
0.359
0.221
0.312
0.193
0.07
0.513
0.787
0.517
0.086
0.687
0.069
0.491
0.46
0.19
0.302
0.229
0.763
0.087
0.456
0.887
0.821
0.268
0.7
0.694
0.684
0.137
0.221
0.372
0.629
0.594
0.318
0.563
0.789
0.383
0.384
0.37
0.485
0.451
0.083
0.098
0.046
0.063
0.047
0.113
0.677
0.039
0.197
0.892
0.157
0.353
0.627
0.422
0.253
0.646
0.236
0.088
0.294
0.113
0.609
0.494
0.411
0.708
0.901
0.973
0.032
0.109
0.714
0.007
0.267
0.591
0.346
0.202
0.573
0.476
0.353
0.834
0.279
0.828
0.817
0.554
0.408
0.495
0.997
0.784
0.051
0.642
0.718
0.95
0.257
0.014
0.716
0.184
0.073
0.892
0.13
0.041
0.067
0.893
0.369
0.597
0.886
0.224
0.74
0.509
0.407
0.857
0.426
0.256
0.225
0.206
ERROR
0.972
0.527
0.631
0.067
0.253
0.775
0.191
0.85
0.738
0.953
0.21
0.863
0.327
0.577
0.176
0.006
0.472
0.464
0.391
0.275
0.054
0.163
0.955
0.811
0.981
0.19
0.53
0.487
0.79
0.13
0.814
0.694
0.493
0.882
0.812
0.645
0.594
0.215
0.739
0.096
0.92
0.304
0.047
0.309
0.067
0.793
0.907
0.058
0.537
0.275
0.261
0.276
0.857
0.807
0.383
0.993
0.74
0.936
0.947
0.292
0.521
0.953
0.041
0.315
0.9
0.66
0.605
0.702
0.633
