0.877
0.973
0.999
0.842
0.896
0.757
0.004
0.714
0.92
0.756
0.431
0.587
0.644
0.73
0.172
0.278
0.367
0.281
0.403
0.853
0.634
0.74
0.599
0.553
0.472
0.6
0.013
0.99
0.232
0.874
0.954
0.244
0.688
0.355
0.198
0.073
0.681
0.419
0.11
0.963
0.582
0.393
0.401
0.109
0.867
0.35
0.597
0.688
0.449
0.942
0.227
0.235
0.7
0.959
0.757
0.94
0.431
0.189
0.884
0.264
0.909
0.769
0.92
0.516
0.616
0.571
0.688
0.545
0.546
0.374
0.399
0.221
0.635
0.123
0.157
0.922
0.696
0.057
0.804
0.956
0.197
0.738
0.893
0.399
0.047
0.846
0.796
0.326
0.229
0.899
0.193
0.199
0.766
0.937
0.732
0.812
0.88
0.996
0.928
0.226
0.605
0.507
0.252
0.072
0.361
0.858
0.576
0.707
0.457
0.655
0.571
0.389
0.469
0.816
0.229
0.575
0.348
0.502
0.854
0.998
0.945
0.46
0.083
0.285
0.016
0.367
0.681
0.308
0.672
0.412
0.67
0.576
0.063
0.248
0.547
0.197
0.238
0.394
0.876
0.918
0.568
0.378
0.121
0.556
0.831
0.742
0.063
0.186
0.625
0.752
0.388
0.658
0.703
0.947
0.24
0.84
0.006
0.008
0.731
0.241
0.708
0.926
0.929
0.028
0.939
0.761
0.773
0.997
0.713
0.312
0.711
0.187
0.34
0.352
0.22
0.537
0.251
0.316
0.933
0.836
0.853
0.246
0.202
0.526
0.989
0.195
0.276
0.851
0.127
0.032
0.856
0.2
0.004
0.484
0.527
0.679
0.062
0.022
0.552
0.526
