0.139
0.26
0.024
0.164
0.051
0.769
0.251
0.593
0.343
0.847
0.32
0.564
0.704
0.791
0.937
0.541
0.213
0.235
0.938
0.046
0.422
0.54
0.62
0.725
0.591
0.81
0.194
0.694
0.035
0.879
0.045
0.151
0.312
0.909
0.162
0.911
0.105
0.891
0.114
0.628
0.871
0.003
0.315
0.598
0.997
0.256
0.398
0.349
0.834
0.3
0.028
0.023
0.548
0.681
0.383
0.958
0.718
0.372
0.942
0.495
0.961
0.325
0.304
0.938
0.761
0.122
0.485
0.964
0.384
0.346
0.694
0.839
0.315
0.173
0.375
0.087
0.159
0.534
0.768
0.814
0.927
0.257
0.282
0.062
0.05
0.05
0.56
0.091
0.576
0.376
0.482
0.933
0.652
0.421
0.669
0.631
0.36
0.328
0.11
0.993
0.563
0.311
0.655
0.98
0.733
0.841
0.526
0.342
0.691
0.609
0.033
0.47
0.422
0.764
0.31
0.547
0.689
0.266
0.17
0.633
0.933
0.126
0.653
0.31
0.072
0.193
0.114
0.937
0.47
0.184
0.504
0.44
0.095
0.885
0.048
0.774
0.172
0.052
0.988
0.608
0.813
0.422
0.065
0.454
0.51
0.942
0.56
0.865
0.006
0.997
0.935
0.663
0.629
0.855
0.269
0.237
0.525
0.281
0.655
0.376
0.036
0.289
0.804
0.32
0.945
0.203
0.988
0.416
0.712
0.698
0.991
0.398
0.483
0.62
0.268
0.28
0.169
0.005
0.081
0.362
0.59
0.643
0.639
0.416
0.14
0.401
0.532
0.275
0.596
0.0
0.444
0.488
0.773
0.107
0.122
0.559
0.265
0.153
0.264
0.589
