0.62
0.042
0.781
0.601
0.839
0.799
0.187
0.022
0.797
0.033
0.343
0.234
0.234
0.634
0.248
0.681
0.089
0.525
0.699
0.719
0.498
0.842
0.289
0.88
0.231
0.751
0.505
0.682
0.381
0.678
0.57
0.339
0.75
0.658
0.385
0.597
0.166
0.902
0.832
0.606
0.824
0.96
0.919
0.083
0.342
0.957
0.434
0.2
0.114
0.787
0.638
0.653
0.903
0.148
0.006
0.493
0.693
0.073
0.093
0.211
0.448
0.072
0.495
0.728
0.474
0.219
0.55
0.029
0.004
0.202
0.332
0.937
0.584
0.735
0.788
0.054
0.172
0.873
0.762
0.067
0.914
0.752
0.337
0.157
0.902
0.519
0.516
0.111
0.451
0.076
0.375
0.805
0.329
0.466
0.399
1.0
0.26
0.072
0.269
0.157
0.339
0.065
0.65
0.829
0.558
0.906
0.247
0.437
0.166
0.535
0.936
0.412
0.039
0.298
0.491
0.395
0.67
0.91
0.745
0.755
0.195
0.97
0.372
0.745
0.146
0.007
0.03
0.624
0.614
0.829
0.904
0.099
0.66
0.061
0.257
0.364
0.312
0.166
0.652
0.338
0.811
0.291
0.663
0.928
0.544
0.06
0.963
0.488
0.118
0.039
0.988
0.536
0.704
0.482
0.72
0.467
0.335
0.029
0.529
0.889
0.037
0.319
0.645
0.217
0.773
0.665
0.255
0.119
0.283
0.561
0.199
0.215
0.649
0.879
0.844
0.353
0.496
0.79
0.699
0.22
0.036
0.488
0.267
0.591
0.96
0.978
0.922
0.411
0.479
0.173
0.266
0.86
0.941
0.162
0.529
0.418
0.716
0.648
0.08
0.498
