0.097
0.053
0.331
0.179
0.703
0.594
0.864
0.731
0.783
ERROR
0.099
0.919
0.029
0.37
0.777
0.712
0.705
0.121
0.414
0.219
0.566
0.608
0.572
0.521
0.636
0.025
0.962
0.877
0.445
0.728
0.236
0.16
0.886
0.699
0.948
0.636
0.573
0.559
0.116
0.873
0.171
0.257
0.068
0.223
0.722
0.678
0.435
0.217
0.756
0.715
0.171
0.905
0.881
0.561
0.084
0.585
0.977
0.588
0.183
0.071
0.443
0.35
0.118
0.944
0.402
0.669
0.766
0.605
0.165
0.656
0.54
ERROR
0.51
0.164
0.886
0.637
0.871
0.46
0.621
0.383
0.213
0.347
0.791
0.732
0.382
0.894
0.902
0.143
0.981
0.726
0.159
0.024
0.036
0.672
0.664
0.893
0.947
0.018
0.006
0.258
0.49
0.924
0.198
0.111
0.115
0.513
0.176
0.243
0.736
0.988
0.267
0.482
0.658
0.393
0.35
0.539
0.045
0.114
0.959
0.704
0.873
0.224
0.856
0.306
0.749
0.473
0.85
0.922
0.564
0.776
0.221
0.821
0.072
0.082
0.108
0.314
0.373
0.75
0.884
0.514
0.867
0.279
0.217
0.284
0.326
0.466
0.242
0.929
0.809
0.108
0.636
0.157
0.432
0.14
0.379
0.536
0.653
0.351
0.277
0.024
0.229
0.929
0.716
0.196
0.247
0.767
0.689
0.442
0.685
0.771
0.464
0.483
0.033
0.112
0.225
0.885
0.609
0.933
0.291
0.399
0.851
0.89
0.81
0.101
0.073
0.427
0.199
0.771
0.702
0.578
0.77
0.269
0.584
0.071
0.432
0.964
0.944
0.795
0.782
0.645
