0.88
0.621
0.885
0.398
0.36
0.727
0.82
0.945
0.292
0.591
0.909
0.651
0.243
0.315
0.814
0.627
0.74
0.837
0.715
0.586
0.544
0.345
0.621
0.858
0.868
0.805
0.57
0.589
0.956
0.203
0.928
0.528
0.613
0.813
0.563
0.034
0.38
0.382
0.786
0.529
0.874
0.845
0.115
0.809
0.141
0.417
0.094
0.517
0.568
0.329
0.556
0.688
0.524
0.22
0.393
0.799
0.096
0.773
0.198
0.799
0.298
0.104
0.251
0.516
0.437
0.454
0.691
0.872
0.224
0.119
0.039
0.392
0.936
0.002
0.767
0.517
0.205
0.911
0.249
0.09
0.899
0.486
0.42
0.079
0.186
0.659
0.378
0.266
0.019
0.102
0.668
0.688
0.717
0.064
0.992
0.571
0.422
0.979
0.233
0.821
0.733
0.024
0.666
0.13
0.442
0.828
ERROR
0.529
0.205
0.428
0.827
0.123
0.369
0.314
0.78
0.17
0.808
0.661
ERROR
0.418
0.501
0.778
0.591
0.252
0.804
0.195
0.558
0.393
0.255
0.504
0.503
0.015
0.448
0.982
0.525
0.651
0.061
0.132
0.951
0.113
0.534
0.581
0.108
0.569
0.998
0.605
0.813
0.038
0.19
0.598
0.757
0.382
0.843
0.086
0.585
0.325
0.275
0.172
0.459
0.482
0.526
0.747
0.73
0.782
0.702
0.509
0.115
0.293
0.811
0.222
0.53
0.359
0.175
0.364
0.427
0.713
0.255
0.578
0.927
0.214
0.533
0.639
0.888
0.592
0.494
0.221
0.913
0.011
0.043
0.665
0.377
0.866
0.812
0.206
0.639
0.698
0.815
0.481
0.329
0.215
