0.998
0.502
0.211
0.541
0.745
0.031
0.502
0.626
0.073
0.762
0.251
0.892
0.918
0.055
0.152
0.713
0.662
0.245
0.443
0.625
0.647
0.969
0.213
0.419
0.134
0.974
0.0
0.184
0.903
0.609
0.216
0.384
0.321
0.894
0.378
0.382
0.241
0.223
0.775
0.308
0.972
0.278
0.917
0.801
0.45
0.253
0.476
0.903
0.592
0.155
0.87
0.206
0.677
0.458
0.661
0.394
0.01
0.065
0.56
0.258
0.357
0.184
0.78
0.487
0.913
0.715
0.679
0.62
0.371
0.356
0.18
0.815
0.716
0.93
0.66
0.945
0.791
0.485
0.392
0.421
0.197
0.99
0.791
0.142
0.966
0.238
0.085
0.348
0.15
0.021
0.591
0.001
0.028
0.783
0.556
0.665
0.456
0.584
0.769
0.866
0.829
0.192
0.031
0.9
0.853
0.527
0.334
0.907
0.978
0.144
0.04
0.385
0.957
0.445
0.081
0.25
0.087
0.384
0.057
0.822
0.603
0.307
0.35
0.689
0.48
0.526
0.896
0.309
0.203
0.929
0.82
ERROR
0.58
0.077
0.943
0.374
0.572
0.51
0.99
0.223
0.69
0.807
0.283
0.942
0.426
0.936
0.817
0.008
0.316
0.206
0.602
0.482
0.097
0.408
0.225
0.351
0.015
0.994
0.881
0.613
0.862
0.471
0.302
0.051
0.274
0.67
0.717
0.756
0.726
0.288
0.358
0.705
0.952
0.553
0.64
0.293
0.864
0.59
0.566
0.021
0.543
0.512
0.582
0.911
0.265
0.006
0.735
0.765
0.279
0.306
0.14
0.407
0.827
0.302
0.832
0.063
0.734
0.326
0.65
0.633
