0.103
0.129
0.509
0.946
0.812
0.095
0.208
0.804
0.256
0.432
0.733
0.905
0.134
0.89
0.976
0.121
0.856
0.232
0.858
0.978
0.998
0.789
0.43
0.015
0.438
0.747
0.163
0.382
0.772
0.103
0.794
0.029
0.922
0.294
0.777
0.325
0.176
0.633
0.955
0.919
0.658
0.191
0.929
0.351
0.572
0.823
0.354
0.945
0.729
0.875
0.633
ERROR
0.191
0.102
0.905
0.962
0.721
0.588
0.927
0.906
0.378
0.908
0.057
0.108
0.293
0.532
0.819
0.53
0.057
0.219
0.819
0.828
0.6
0.443
0.145
0.838
0.744
0.117
0.614
0.612
0.16
0.013
0.734
0.119
0.789
0.715
0.545
0.337
0.745
0.096
0.324
0.152
0.874
0.905
0.661
0.136
0.98
0.086
0.193
0.458
0.626
0.115
0.083
0.482
0.999
0.549
0.246
0.482
0.484
0.943
0.753
0.376
0.079
0.146
ERROR
0.396
0.964
0.43
0.106
0.48
0.952
0.021
0.045
0.363
0.554
0.729
0.116
0.263
0.151
0.046
0.261
0.572
0.058
0.704
0.886
0.143
0.001
0.989
0.991
0.293
0.939
0.177
0.355
0.563
0.701
0.129
0.768
0.841
0.561
0.639
0.825
0.35
0.009
0.296
0.881
0.599
0.761
0.307
0.353
0.859
0.405
0.851
0.189
0.845
0.618
0.492
0.514
0.772
0.472
0.866
0.746
0.365
0.264
0.27
0.096
0.224
0.368
0.297
0.187
0.383
0.741
0.878
0.786
0.366
0.554
0.596
0.37
0.169
0.972
0.011
0.847
0.62
0.78
0.104
0.512
0.783
0.728
0.596
0.172
0.533
