0.865
0.133
0.994
0.093
0.701
0.94
0.95
0.503
0.435
0.404
0.134
0.169
0.594
0.122
0.342
0.752
0.963
0.579
0.788
0.709
0.478
0.421
0.887
0.422
0.457
0.141
0.292
0.953
0.129
0.933
0.257
0.853
0.471
0.188
0.842
0.353
0.564
0.833
0.142
0.792
0.903
0.698
0.724
0.328
0.255
0.602
0.798
0.784
0.752
0.429
0.211
0.998
0.757
0.997
0.024
0.761
0.017
0.713
0.399
0.734
0.473
0.41
0.966
0.736
0.741
0.763
0.132
0.454
0.425
0.187
0.688
0.22
0.938
0.701
0.846
0.485
0.421
0.447
0.453
0.459
0.576
0.887
0.612
0.67
0.948
0.16
0.748
0.235
0.675
0.032
0.745
0.576
0.272
0.887
0.585
0.348
0.349
0.592
0.244
0.461
0.522
0.334
0.004
0.942
0.685
0.669
0.048
0.864
0.524
0.927
0.467
0.125
0.458
0.049
0.996
0.61
0.115
0.496
0.562
0.328
0.026
0.927
0.454
0.409
0.183
0.99
0.96
0.498
0.386
0.202
0.304
0.809
0.335
0.517
0.819
0.034
0.516
0.889
0.833
0.166
0.808
0.006
0.773
0.354
0.246
0.976
0.284
0.75
0.24
0.735
0.846
0.251
0.054
0.897
0.005
0.505
0.009
0.588
0.153
0.832
0.726
0.277
0.631
0.898
0.8
0.894
0.942
0.967
0.293
0.386
0.973
0.918
0.183
0.896
0.436
0.95
0.922
0.061
0.608
0.171
0.502
0.321
0.968
0.313
0.562
0.408
0.792
0.389
0.109
0.412
0.217
0.086
0.206
0.121
0.074
0.871
0.108
0.624
0.006
0.515
