0.636
0.518
0.248
0.281
0.474
0.382
0.931
0.195
0.945
0.368
0.274
0.185
0.087
0.865
0.876
0.681
0.778
0.798
0.814
0.735
0.693
0.728
0.594
0.317
0.401
0.876
0.415
0.206
0.452
0.423
ERROR
0.714
0.916
0.442
0.937
0.761
0.558
0.444
0.964
0.768
0.283
0.01
0.465
0.188
0.107
0.845
0.331
0.63
0.553
0.759
0.352
0.235
0.56
0.981
ERROR
0.082
0.962
0.494
0.107
0.714
0.148
0.153
0.854
0.283
0.844
0.95
0.714
0.26
0.45
0.512
0.465
0.517
0.079
0.15
0.652
0.996
0.873
0.174
0.496
0.989
0.499
0.475
0.169
0.366
0.681
0.862
0.523
0.724
0.446
0.852
0.746
0.66
0.881
0.16
0.319
0.992
0.983
0.085
0.242
0.629
0.08
0.541
0.923
0.738
0.817
0.8
0.711
0.905
0.86
0.147
0.53
0.086
0.587
0.543
0.66
0.149
0.836
0.862
0.549
0.456
0.889
0.959
0.033
0.564
0.691
0.19
0.596
0.837
0.981
0.036
0.719
0.806
0.087
0.486
0.849
0.76
0.89
0.48
0.526
0.79
0.675
0.649
0.758
0.17
0.821
0.711
0.284
0.548
0.146
0.539
0.35
0.314
0.799
0.432
0.215
0.567
0.898
0.693
0.186
0.972
0.152
0.776
0.69
0.149
0.359
0.543
0.104
0.4
0.102
0.137
0.345
0.081
0.053
0.943
0.564
0.152
0.025
0.297
0.682
0.404
0.218
0.615
0.603
0.457
0.541
0.945
0.251
0.595
0.329
0.068
0.63
0.621
0.945
0.14
0.323
0.726
0.861
0.836
0.325
0.729
