0.566
0.669
0.025
0.999
0.165
0.502
0.756
0.349
0.801
0.613
0.821
0.803
0.653
0.195
0.775
0.667
0.084
0.621
0.022
0.28
0.598
0.826
0.714
0.282
0.275
0.101
0.13
0.634
0.871
0.629
0.311
0.194
0.893
0.421
0.378
0.287
0.92
0.011
0.991
0.042
ERROR
0.219
0.926
0.449
0.866
0.862
0.46
0.007
0.626
0.647
0.995
0.108
0.794
0.44
0.686
0.81
0.998
0.268
0.717
0.291
0.388
0.172
0.062
0.387
0.36
0.307
0.407
0.753
0.092
0.592
0.558
0.248
0.029
0.062
0.452
0.551
0.156
0.3
0.761
0.122
0.026
0.84
0.862
0.766
0.19
0.601
0.689
0.068
0.014
0.424
0.337
0.161
0.329
0.611
0.022
0.36
0.886
0.698
0.421
0.824
0.469
0.805
0.043
0.559
0.011
0.187
0.822
0.104
0.395
0.581
0.591
0.321
0.677
0.766
0.915
0.602
0.954
0.584
0.382
0.035
0.591
0.506
0.574
0.683
0.094
0.708
0.663
0.521
0.506
0.668
0.349
0.998
0.194
0.452
0.903
0.316
0.387
0.304
0.846
0.565
0.926
0.72
0.832
0.091
0.709
0.98
0.529
0.347
0.34
0.943
0.044
0.507
0.821
0.634
0.702
0.46
0.31
0.705
0.449
0.986
0.841
0.026
0.4
0.921
0.879
0.188
0.715
0.531
0.62
ERROR
0.344
0.565
0.677
0.006
0.879
0.298
0.939
0.742
0.079
0.389
0.871
0.145
0.529
0.176
0.488
0.007
0.627
0.286
0.313
0.422
0.019
0.943
0.55
0.149
0.865
0.944
0.723
0.654
0.984
0.17
