0.407
0.139
0.514
0.39
0.931
0.426
0.261
0.106
0.558
0.955
0.021
0.31
0.695
0.839
0.344
0.273
0.639
0.597
0.186
0.61
0.362
0.174
0.647
0.427
0.95
0.77
0.245
0.781
0.979
0.567
0.43
0.591
0.659
0.724
0.417
0.915
0.752
0.341
0.083
0.813
0.761
0.239
0.259
0.008
0.825
0.461
0.169
0.543
0.025
0.868
0.884
0.162
0.117
0.309
0.76
0.688
0.317
0.577
0.582
0.018
0.051
0.32
0.304
0.696
0.949
0.968
0.62
0.876
0.507
0.52
0.001
0.85
0.86
0.666
0.32
0.311
0.91
0.428
0.434
0.804
0.723
0.237
0.561
0.992
0.015
0.442
0.895
0.455
0.113
0.425
0.602
0.556
0.716
0.95
0.875
0.878
0.345
0.98
0.244
0.577
0.919
0.841
0.358
0.173
0.804
0.021
0.093
0.309
0.672
0.032
0.846
0.892
0.378
0.866
0.284
0.302
0.995
0.645
0.479
0.007
0.617
0.23
0.2
0.76
0.56
0.07
0.691
0.932
0.06
0.854
0.888
0.479
0.954
0.393
0.698
0.73
0.797
0.099
0.117
0.606
0.875
0.274
0.774
0.335
0.591
0.052
0.473
0.293
0.489
0.894
0.86
0.132
0.999
0.988
0.239
0.72
0.7
0.813
0.375
0.415
0.299
0.376
0.872
0.681
0.884
0.266
0.751
0.392
0.999
0.933
0.022
0.987
0.019
0.222
0.498
0.563
0.162
0.815
0.88
0.492
0.795
0.733
0.744
0.116
0.066
0.032
0.853
0.642
0.073
0.334
0.062
0.044
0.057
0.047
0.284
0.407
0.439
0.496
0.136
0.617
