0.399
0.083
0.849
0.12
0.196
0.656
0.433
0.866
0.207
0.423
0.107
0.441
0.544
0.831
0.225
0.37
0.647
0.767
0.569
0.442
0.132
0.653
0.418
0.71
0.71
0.741
0.888
0.821
0.689
0.55
0.634
0.168
0.826
0.317
0.475
0.859
0.631
0.957
0.939
0.804
0.821
0.212
0.281
0.076
0.587
0.827
0.77
0.503
0.826
0.471
0.803
0.269
0.744
0.753
0.987
0.936
0.9
0.462
0.67
0.672
0.993
0.056
0.925
0.941
0.503
0.503
0.35
0.192
0.128
0.104
0.462
0.087
0.137
0.047
0.885
0.133
0.788
0.328
0.664
0.464
0.564
0.149
0.713
0.67
0.481
0.023
0.106
0.598
0.36
0.2
0.013
0.565
0.56
0.798
0.959
0.211
0.469
0.784
0.526
0.825
0.226
0.492
0.513
0.84
0.711
0.886
0.667
0.143
0.21
0.723
0.552
0.848
0.405
0.379
0.462
0.628
0.557
0.653
0.572
0.535
0.941
0.147
0.675
0.838
0.412
0.225
0.82
0.583
0.477
0.71
0.493
0.283
0.819
0.148
0.58
0.682
0.878
0.55
0.287
0.76
0.703
0.179
0.668
0.398
0.104
0.809
0.328
0.818
0.072
0.202
0.305
0.536
0.864
0.726
0.157
0.169
0.78
0.717
0.442
0.757
0.097
0.969
0.221
0.517
0.364
0.105
0.052
0.589
0.509
0.55
0.655
0.522
0.7
0.701
0.73
0.493
0.655
0.62
ERROR
0.65
0.827
0.605
0.895
0.778
0.617
0.019
0.827
0.286
0.746
0.173
0.422
0.417
0.8
0.815
0.721
0.053
0.873
0.26
0.546
0.73
