0.468
0.279
0.265
0.361
0.382
0.418
0.325
0.694
0.308
0.354
0.48
0.468
0.027
0.758
0.086
0.241
0.256
0.872
0.135
0.173
0.599
0.301
0.957
0.677
0.239
0.543
0.101
0.299
0.061
0.386
0.078
0.726
0.058
0.791
0.055
0.089
0.296
0.271
0.105
0.317
0.558
0.805
0.789
0.665
0.871
0.09
0.151
0.176
0.92
0.471
0.548
0.742
0.01
0.416
0.388
0.995
0.807
0.807
0.852
0.681
0.131
0.023
0.334
0.685
0.119
0.356
0.624
0.848
0.284
0.616
0.267
0.703
0.841
0.177
0.489
0.55
0.043
0.343
0.723
0.854
0.527
0.106
0.336
0.959
0.389
0.74
0.064
0.703
0.347
0.232
0.229
0.481
0.765
0.46
0.621
0.054
0.109
0.079
0.859
0.193
0.522
0.185
0.897
0.955
0.373
0.547
0.751
0.623
0.022
0.762
0.678
0.027
0.021
0.324
0.552
0.954
0.03
0.308
0.807
0.096
0.939
0.559
0.491
0.626
0.22
0.672
0.449
0.735
0.384
0.213
0.118
0.576
0.321
0.557
0.285
0.922
0.4
0.222
0.221
0.526
0.04
0.281
0.771
0.155
0.1
0.008
0.485
0.405
0.356
0.557
0.742
0.683
0.501
0.998
0.488
0.398
0.825
0.617
0.639
0.716
0.284
0.748
0.288
0.58
0.904
0.569
0.281
0.954
0.105
0.007
0.448
0.482
0.68
0.469
0.477
0.946
0.595
0.421
0.529
0.903
0.717
0.306
0.392
0.668
0.983
0.704
0.57
0.558
0.678
0.576
0.034
0.593
0.89
0.021
0.965
0.072
0.637
0.231
0.176
0.733
