0.25
0.141
0.083
0.896
0.84
0.455
0.855
0.678
0.093
0.572
0.824
0.535
0.39
0.981
0.111
0.527
0.116
0.53
0.623
0.024
0.701
0.508
0.161
0.314
0.074
0.01
0.574
0.863
0.497
0.872
0.944
0.766
0.409
0.624
0.653
0.363
0.591
0.645
0.107
0.415
0.832
0.024
0.417
0.384
0.132
0.25
0.459
0.638
0.736
0.211
0.062
0.031
0.892
0.316
0.304
0.92
0.4
0.702
0.89
0.659
0.865
0.276
0.103
0.796
0.381
0.554
0.935
0.94
0.972
0.559
0.841
0.143
0.616
0.286
0.172
0.286
0.599
0.693
ERROR
0.476
0.04
0.565
0.488
0.285
0.927
0.123
0.532
0.349
0.169
0.03
0.137
0.352
0.532
0.429
0.586
0.942
0.816
0.471
0.568
0.546
0.558
0.458
ERROR
0.817
0.593
0.458
0.6
0.382
0.702
0.837
0.135
0.443
0.485
0.784
0.213
0.376
0.503
0.517
0.784
0.362
0.501
0.171
0.139
0.834
0.334
0.156
0.328
0.193
0.474
0.266
0.953
0.778
0.015
0.756
0.723
0.193
0.915
0.353
0.73
0.071
0.938
0.758
0.693
0.753
0.882
0.779
0.116
0.504
0.593
0.934
0.218
0.557
0.823
0.624
0.689
0.752
0.514
0.841
0.268
0.036
0.582
0.155
0.06
0.904
0.47
0.584
0.007
0.921
0.194
0.031
0.12
0.175
0.576
0.557
0.049
0.192
0.826
0.304
0.855
0.012
0.2
0.017
0.303
0.861
0.188
0.393
0.984
0.859
0.719
0.832
0.749
0.595
0.873
0.655
0.582
0.092
0.322
0.369
0.398
0.911
