0.095
0.18
0.017
0.573
0.457
0.994
0.216
0.812
0.474
0.519
0.454
0.273
0.734
0.336
0.019
0.177
0.85
0.283
0.292
0.241
0.329
0.515
0.873
0.621
0.695
0.523
0.894
0.958
0.675
0.594
0.168
0.379
0.031
0.967
0.842
0.509
0.817
0.06
0.567
0.083
0.413
0.539
0.904
0.939
0.219
0.13
0.593
0.487
0.059
0.207
0.342
0.073
0.977
0.36
0.254
0.833
0.315
0.422
0.504
0.896
0.764
0.705
0.473
0.457
0.188
0.768
0.574
0.961
0.784
0.742
0.947
0.021
0.123
0.067
0.503
0.603
0.06
0.127
0.786
0.928
0.631
0.539
0.427
0.92
0.329
0.26
0.962
0.574
0.392
0.82
0.769
0.205
0.864
0.696
0.378
0.05
0.148
0.604
0.324
0.056
0.642
0.773
0.046
0.017
0.71
0.656
0.888
0.502
0.724
0.264
0.726
0.9
0.256
0.202
0.659
0.641
0.347
0.843
0.138
0.882
0.317
0.438
0.417
0.893
0.633
0.414
0.666
0.411
0.407
0.405
0.72
0.537
0.488
0.676
0.134
0.164
0.885
0.759
0.162
0.432
0.698
0.508
0.823
0.786
ERROR
0.678
0.603
0.808
0.858
0.969
0.372
0.363
0.664
0.15
0.049
0.19
0.732
0.254
0.35
0.245
0.266
0.495
0.547
0.317
0.875
0.265
0.887
0.727
0.84
0.222
0.311
1.0
0.513
0.184
0.718
0.456
0.203
0.171
0.078
0.912
0.728
0.501
0.148
0.484
0.711
0.735
0.59
0.6
0.434
0.15
0.282
0.084
0.028
0.588
0.388
0.059
0.184
0.006
0.894
0.219
