0.574
0.704
0.808
0.497
0.138
0.641
0.943
0.513
0.775
0.612
0.263
0.454
0.471
0.998
0.241
0.884
0.825
0.789
0.888
0.4
0.957
0.854
0.189
0.095
0.994
0.873
0.957
0.801
0.869
0.652
0.372
0.933
0.533
0.383
0.82
0.747
0.682
0.767
0.916
0.811
0.689
0.673
0.641
0.157
0.133
0.173
0.504
0.804
0.035
0.711
0.495
0.451
0.381
0.664
0.096
0.165
0.812
0.021
0.656
0.74
0.086
0.333
ERROR
0.378
0.651
0.062
0.65
0.411
0.004
0.487
0.268
0.787
0.557
0.549
0.156
0.535
0.311
0.399
0.358
0.385
0.421
0.329
0.946
0.609
0.605
0.043
0.516
0.442
0.111
0.23
ERROR
0.062
0.174
0.196
0.691
0.177
0.545
0.542
0.384
0.828
0.919
0.803
0.507
0.869
0.594
0.237
0.981
0.362
0.247
0.766
0.259
0.675
0.235
0.207
0.664
0.028
0.641
0.3
0.437
0.277
0.088
0.141
0.421
0.439
0.0
0.388
0.224
0.226
0.698
0.513
0.991
0.743
0.063
0.91
0.315
0.225
0.526
0.394
0.946
0.228
0.106
0.44
0.117
0.552
0.088
0.466
0.767
0.121
0.234
0.92
0.548
0.143
0.079
0.084
0.254
0.81
0.77
0.498
0.181
0.98
0.949
0.519
0.413
0.097
0.653
0.23
0.255
0.615
0.859
0.91
0.45
0.239
0.736
0.097
0.53
0.654
0.639
0.163
0.903
0.623
0.782
0.196
0.274
0.992
0.575
0.459
0.455
0.118
0.025
0.324
0.971
0.575
0.783
0.647
0.429
0.622
0.971
0.668
0.745
0.734
