0.375
0.816
0.489
0.768
0.602
0.875
0.993
0.119
0.608
0.507
0.976
0.82
0.877
0.05
0.622
0.576
0.822
0.733
0.042
0.484
0.577
0.38
0.217
0.425
0.805
0.774
0.894
0.411
0.337
0.437
0.069
0.338
0.352
0.176
0.167
0.827
0.631
0.339
0.693
0.839
0.46
0.436
0.852
0.273
0.73
0.349
0.395
0.787
0.534
0.974
0.982
0.134
0.469
0.355
0.554
0.57
0.933
0.719
0.734
0.817
0.788
0.837
0.523
0.063
0.006
0.398
0.456
0.114
0.134
0.001
0.186
0.142
0.858
0.54
0.969
0.721
0.991
0.605
0.674
0.558
0.662
0.544
0.433
0.121
0.626
0.729
0.602
0.634
0.506
0.117
0.887
0.175
0.296
0.239
0.069
0.273
0.318
0.443
0.281
0.165
0.114
0.849
0.577
0.57
0.646
0.025
0.391
0.531
0.821
0.055
0.955
0.464
0.006
0.715
0.409
0.131
0.534
0.55
0.76
0.995
0.106
0.258
0.124
0.632
0.953
0.038
0.952
0.357
0.961
0.313
0.381
0.847
0.47
0.772
0.42
0.116
0.942
0.872
0.355
0.446
0.82
0.882
0.285
0.367
0.573
0.641
0.156
0.388
0.983
0.862
0.385
0.644
0.64
0.032
0.803
0.359
0.234
0.505
0.508
0.107
0.972
0.075
0.36
0.554
0.377
0.926
0.265
0.845
0.864
0.312
0.263
0.218
0.937
0.703
0.269
0.591
0.847
0.221
0.705
0.721
0.998
0.941
0.651
0.512
0.184
0.718
0.076
0.635
0.772
0.153
0.901
0.399
0.184
0.575
0.41
0.238
0.801
0.882
0.895
0.234
