0.455
0.129
0.073
0.596
0.413
0.372
0.791
0.473
0.769
0.655
0.427
0.543
0.125
0.818
0.355
0.362
0.742
0.297
0.439
0.505
0.289
0.532
0.743
0.915
0.177
0.117
0.026
0.062
0.81
0.889
0.362
0.038
0.153
0.456
0.926
0.163
0.534
0.721
0.981
0.769
0.029
0.629
0.369
0.247
0.139
0.577
0.405
0.641
0.686
0.335
0.063
0.122
0.556
0.596
0.556
0.875
0.04
0.795
0.247
0.038
0.506
0.14
0.487
0.538
0.531
0.986
0.853
0.069
0.814
0.116
0.18
0.322
0.582
0.543
0.281
0.451
0.278
0.262
0.401
0.979
0.034
0.924
0.766
0.678
0.749
0.37
0.974
0.718
0.894
0.708
0.823
0.285
0.758
0.814
0.714
0.248
0.068
0.745
0.756
0.205
0.167
0.423
0.394
0.289
0.758
0.146
0.152
0.601
0.79
0.663
0.568
0.081
0.071
0.243
0.717
0.985
0.751
0.468
0.38
0.577
0.069
0.356
0.542
0.978
0.755
0.231
0.026
0.714
0.742
0.763
0.1
0.407
0.884
0.272
0.055
0.628
0.139
0.529
0.899
0.631
0.156
0.331
0.18
0.925
0.492
0.347
0.714
0.069
0.871
0.388
0.224
0.818
0.554
0.692
0.603
0.024
0.164
0.745
0.525
0.45
0.948
0.546
0.548
0.292
0.011
0.043
0.02
0.132
0.664
0.802
0.917
0.049
0.493
0.532
0.362
0.027
0.644
0.678
0.201
0.418
0.94
0.765
0.478
0.317
0.006
0.825
0.235
0.399
0.945
0.504
0.459
0.498
0.579
0.322
0.98
0.595
0.143
0.561
0.816
0.334
