0.666
0.942
0.256
0.875
0.976
0.411
0.663
0.495
0.922
0.48
0.656
0.239
0.885
0.812
0.454
0.217
0.708
0.835
0.176
0.587
0.728
0.975
0.403
0.266
0.72
0.384
0.044
0.291
0.221
0.697
0.469
0.639
0.642
0.728
0.375
0.152
0.401
0.598
0.92
0.676
0.72
0.315
0.867
0.789
0.619
0.754
0.91
0.725
0.627
0.907
0.525
0.88
0.307
0.193
0.822
0.835
0.356
0.772
0.427
0.254
0.596
0.477
0.467
0.854
0.752
0.828
0.55
0.736
0.13
0.742
0.19
0.818
0.776
0.083
0.001
0.727
0.988
0.367
0.924
0.072
0.836
0.94
0.308
0.41
0.376
0.546
0.018
0.264
0.426
0.531
0.844
0.685
0.181
0.417
0.172
0.017
0.766
0.367
ERROR
0.61
0.036
0.967
0.212
0.823
0.148
0.535
0.344
0.295
0.053
0.165
0.277
0.724
0.949
0.797
0.074
0.03
0.351
0.878
0.045
0.732
0.925
0.593
0.828
0.319
0.869
0.157
0.026
0.46
0.33
0.695
0.534
0.438
0.235
0.518
0.965
0.129
0.068
0.362
0.194
0.598
0.163
0.2
0.393
0.3
0.953
0.588
0.066
0.837
0.724
0.1
0.96
0.293
0.844
0.423
0.777
0.295
0.706
0.785
0.169
0.92
0.963
0.176
0.896
0.426
0.158
0.212
0.097
0.358
0.434
0.158
0.038
0.497
0.369
0.884
0.882
0.627
0.705
0.409
0.376
0.058
0.216
0.326
0.095
0.788
0.729
0.228
0.589
0.568
0.599
0.731
0.179
0.131
0.002
0.514
0.579
0.613
0.065
0.106
0.122
0.37
