0.91
0.087
0.352
0.97
0.343
0.602
0.73
0.394
0.769
0.711
0.118
0.395
0.03
0.531
0.3
0.847
0.38
0.017
0.142
0.166
0.325
0.352
0.162
0.422
0.528
0.683
0.181
0.98
0.043
0.732
0.121
0.098
0.81
0.262
0.419
0.687
0.423
0.726
0.787
0.808
0.511
0.869
0.471
0.887
0.213
0.438
0.117
1.0
0.912
0.082
0.062
0.572
0.641
0.245
0.532
0.047
0.36
0.751
0.596
0.736
0.162
0.317
0.389
0.426
0.417
0.703
0.914
0.851
0.21
0.707
0.188
0.534
0.393
0.126
0.896
0.556
0.424
0.973
0.239
0.633
0.395
0.532
0.031
0.024
0.265
0.924
0.824
0.416
0.726
0.619
0.33
0.839
0.095
0.468
0.4
0.485
0.295
0.436
0.974
0.913
0.249
ERROR
0.685
0.375
0.906
0.59
0.844
0.221
0.334
0.69
0.704
0.045
0.242
0.381
0.171
0.49
0.35
0.496
0.779
0.224
0.204
0.858
0.122
0.015
0.961
0.023
0.877
0.412
0.166
0.032
0.152
0.543
0.676
0.729
0.527
0.691
0.459
0.998
0.086
0.148
0.156
0.852
0.538
0.127
0.597
0.428
0.432
0.851
0.549
0.972
0.762
0.366
0.404
0.328
0.037
0.411
0.078
0.923
0.482
0.243
0.361
0.847
0.871
0.993
0.171
0.88
0.307
0.932
0.939
0.74
0.308
0.49
0.719
0.857
0.357
0.289
0.813
0.084
0.158
0.107
0.263
0.862
0.161
0.489
0.861
0.318
0.668
0.022
0.935
0.338
0.894
0.732
0.659
0.472
0.424
0.417
0.748
0.746
0.459
0.545
