0.245
0.535
0.207
0.608
0.719
0.541
0.226
0.248
0.867
0.669
0.97
0.745
0.438
0.861
0.332
0.529
0.048
0.43
0.052
0.438
0.763
0.513
0.96
0.365
0.268
0.885
0.818
0.452
0.047
0.948
0.818
0.674
0.874
0.931
0.978
0.298
0.059
0.533
0.879
0.278
0.879
0.591
0.605
0.056
0.646
0.715
0.726
0.012
0.59
0.763
0.266
0.849
0.27
0.774
0.406
0.849
0.725
0.355
0.957
0.866
0.853
0.488
0.061
0.529
0.751
0.075
0.996
0.02
0.92
0.476
0.399
0.576
0.408
0.421
0.398
0.813
ERROR
0.641
0.104
0.404
0.371
0.035
0.204
0.553
0.103
0.94
0.357
0.947
0.458
0.9
0.419
0.048
0.844
0.987
0.256
0.327
0.396
0.949
0.496
0.546
0.482
0.926
0.241
0.378
ERROR
0.594
0.279
0.662
0.604
0.121
0.208
0.636
0.251
0.735
0.884
0.278
0.599
0.044
0.511
0.426
0.839
0.183
0.044
0.421
0.277
0.493
0.565
0.555
0.955
0.483
0.628
0.003
0.844
0.727
0.74
0.03
0.378
0.702
0.724
0.106
0.903
0.934
0.773
0.741
0.702
0.578
0.857
0.164
0.767
0.697
0.051
0.382
0.937
0.076
0.076
0.292
0.97
0.207
0.294
0.166
0.731
0.476
0.824
0.793
0.852
0.468
0.643
0.542
0.502
0.012
0.356
0.723
0.792
0.891
0.888
0.078
0.957
0.775
0.634
0.207
0.856
0.031
0.725
0.569
0.182
0.866
0.343
0.155
0.547
0.35
0.941
0.272
0.407
0.663
0.897
0.333
0.97
0.207
0.865
0.186
