0.011
0.065
0.017
0.801
0.506
0.432
0.256
0.139
0.981
0.286
0.46
0.802
0.131
0.718
0.084
0.966
0.688
0.745
0.223
0.58
0.209
0.81
0.093
0.121
0.181
0.899
0.768
0.318
0.23
0.402
0.721
0.008
0.783
0.267
0.114
0.346
0.025
0.329
0.161
0.575
0.026
0.041
0.658
0.162
0.551
0.352
0.313
0.681
0.765
0.182
0.467
0.25
0.888
0.576
0.867
0.542
0.506
0.335
0.826
0.732
0.094
0.279
0.765
0.231
0.897
0.546
0.168
0.893
0.835
0.84
0.488
0.33
0.497
0.824
0.253
0.557
0.95
0.532
0.94
0.255
0.908
0.161
0.799
0.369
0.999
0.773
0.769
0.332
0.169
0.65
0.029
0.315
0.257
0.557
0.172
0.155
0.02
0.159
0.904
0.596
0.289
0.338
0.127
0.811
0.819
0.9
0.921
0.814
0.374
0.341
0.047
0.721
0.621
0.663
0.429
0.269
0.277
0.437
0.973
0.814
0.375
0.597
0.363
0.009
0.289
0.147
0.562
0.704
0.168
0.537
0.6
0.084
0.083
0.994
0.815
0.712
0.954
0.818
0.912
0.383
0.002
0.7
0.755
0.586
0.349
0.025
0.408
0.613
0.838
0.199
0.092
0.426
0.757
0.35
0.279
0.983
0.767
0.015
0.516
0.159
0.019
0.261
0.809
0.63
0.221
0.67
0.198
0.836
0.282
0.235
0.382
0.546
0.364
0.351
0.007
0.035
0.763
ERROR
0.799
0.968
0.171
0.41
0.444
0.604
0.94
0.009
0.57
0.76
0.16
0.0
0.898
0.216
0.838
0.92
0.574
ERROR
0.566
0.389
0.915
0.895
