0.021
0.636
0.095
0.182
0.191
0.891
0.797
0.473
0.626
0.587
0.23
0.965
0.537
0.243
0.055
0.465
0.238
0.937
0.101
0.349
0.781
0.009
0.452
0.212
0.244
0.379
0.212
0.963
0.355
0.086
0.298
0.564
0.986
0.374
0.407
0.967
0.363
0.606
0.292
0.209
0.596
0.041
0.162
0.157
0.617
0.416
0.743
0.355
0.753
0.297
0.194
0.339
0.671
0.364
0.109
0.386
0.083
0.779
0.309
0.237
0.299
0.55
0.815
0.337
0.055
0.851
0.184
0.04
0.281
0.553
0.03
0.464
0.307
0.315
0.291
0.389
0.86
0.25
0.027
0.363
0.494
0.827
0.322
0.102
0.688
0.679
0.882
0.247
0.99
0.544
0.909
0.876
0.157
ERROR
0.474
0.634
0.308
0.904
0.383
0.146
0.149
0.865
0.886
0.978
0.441
0.47
0.124
0.426
0.634
0.812
0.663
0.78
0.593
0.878
0.258
0.966
0.515
0.136
0.287
0.746
0.019
0.445
0.674
0.701
0.161
0.418
0.439
0.407
0.434
0.569
0.933
0.906
0.789
0.313
0.149
0.452
0.173
0.995
0.056
0.905
0.814
0.338
0.85
0.199
0.491
0.848
0.789
0.913
0.792
0.261
0.956
0.017
0.071
0.875
0.44
0.835
0.505
0.254
0.659
0.767
0.719
0.92
0.351
0.718
0.189
0.074
0.008
0.959
0.581
0.943
0.16
0.948
0.972
0.238
0.425
0.498
0.052
ERROR
0.61
0.057
0.123
0.209
0.928
0.568
0.12
0.142
0.971
0.092
0.13
0.792
0.727
0.568
0.447
0.351
0.848
0.073
0.317
0.308
0.652
0.159
