0.608
0.262
0.191
0.326
0.908
0.477
ERROR
0.514
0.555
0.391
0.534
0.872
0.836
0.949
0.314
0.454
0.187
0.575
0.413
0.95
0.06
0.138
0.158
0.42
0.574
0.354
0.725
0.853
0.298
0.901
0.198
0.879
0.868
0.055
0.571
0.521
0.242
0.476
0.478
0.563
0.112
0.041
0.72
0.289
0.108
0.222
0.25
0.573
0.515
0.628
0.711
0.856
0.616
0.173
0.372
0.659
0.46
0.462
0.765
0.593
0.165
0.143
0.017
ERROR
0.27
0.261
0.335
0.563
0.558
0.533
0.208
0.295
0.562
0.825
0.449
0.859
0.432
0.602
0.804
0.367
0.531
0.368
0.501
0.447
0.806
0.724
0.737
0.222
0.794
0.191
0.061
0.952
0.648
0.904
0.87
0.877
0.195
0.525
0.147
0.747
0.555
0.881
0.407
0.234
0.103
0.045
0.067
0.326
0.826
0.48
0.374
0.352
0.653
0.277
0.128
0.592
0.086
0.549
0.324
0.901
0.598
0.138
0.025
0.989
0.839
0.11
0.339
0.621
0.656
0.745
0.792
0.075
0.641
0.892
0.15
0.714
0.313
0.664
0.059
0.641
0.74
0.31
0.446
0.361
0.79
0.792
0.782
0.768
0.605
0.4
0.577
0.067
0.701
0.563
0.58
0.203
0.512
0.779
0.467
0.13
0.386
0.212
0.718
0.525
0.81
0.857
0.469
0.484
0.269
0.713
0.981
0.366
0.797
0.558
0.394
0.898
0.72
0.308
0.689
0.371
0.315
0.836
0.649
0.596
0.792
0.288
0.677
0.935
0.943
0.339
0.497
0.662
0.714
0.2
0.261
0.661
0.98
0.915
0.423
0.295
