0.465
0.839
0.403
0.838
0.748
0.041
0.738
0.192
0.562
0.056
0.531
0.963
0.137
0.325
0.923
0.593
0.971
0.405
0.648
0.425
0.225
0.033
0.443
0.462
0.549
0.319
0.345
0.141
0.855
0.022
0.853
0.548
0.44
0.789
0.707
0.813
0.397
0.745
0.37
0.972
0.061
0.392
0.703
0.754
0.839
0.987
0.644
0.621
0.077
0.664
0.925
0.266
0.38
0.305
0.881
0.652
0.697
0.913
0.522
0.234
0.715
0.547
0.601
0.526
0.277
0.251
0.893
0.692
0.749
0.918
0.202
0.657
0.465
0.702
0.438
0.876
0.62
0.747
0.222
0.622
0.885
0.853
0.358
0.25
0.608
0.999
0.971
0.072
0.298
0.95
0.461
0.117
0.621
0.063
0.427
0.224
0.136
0.98
0.729
0.103
0.586
0.405
0.231
0.536
0.008
0.285
0.595
0.813
0.886
0.505
0.01
0.537
0.363
0.321
0.938
0.328
0.53
0.341
0.986
0.691
ERROR
0.069
0.755
0.856
0.879
0.214
0.215
0.76
0.693
0.412
0.244
0.602
0.144
0.351
0.153
0.543
0.545
ERROR
0.161
0.544
0.807
0.302
0.699
0.917
0.428
0.784
0.549
0.331
0.184
0.301
0.99
0.9
0.446
0.53
0.974
0.358
0.847
0.77
0.721
0.926
0.244
0.246
0.695
0.928
0.974
0.893
0.534
0.896
0.928
0.565
0.686
0.492
0.832
0.816
0.7
0.565
0.226
0.2
0.612
0.922
0.906
0.673
0.907
0.162
0.216
0.61
0.467
0.354
0.984
0.85
0.48
0.744
0.227
0.39
0.094
0.852
0.351
0.392
0.65
0.823
