0.71
0.857
0.22
0.814
0.626
0.073
0.019
0.048
0.256
0.404
0.022
0.588
0.743
0.524
0.501
0.931
0.833
0.742
0.93
0.984
0.716
0.172
0.361
0.008
0.688
0.229
0.702
0.803
0.521
0.577
0.109
0.574
0.469
0.264
0.876
0.49
0.561
0.932
0.695
0.846
0.851
0.889
0.922
0.811
0.226
0.869
0.1
0.651
0.972
0.174
0.253
0.882
0.458
0.518
0.649
0.023
0.098
0.653
0.099
0.432
0.969
0.08
0.348
0.478
0.74
0.081
0.318
0.95
0.008
0.99
0.504
0.88
0.447
0.738
0.857
0.257
0.663
0.103
0.909
0.515
0.151
0.501
0.609
0.096
0.861
0.258
0.028
0.002
0.167
0.373
0.697
0.348
0.897
0.809
0.943
0.709
0.997
0.018
0.669
0.919
0.66
0.827
0.652
0.138
0.989
0.617
0.476
0.096
0.77
0.186
0.307
0.293
0.369
0.798
0.229
0.857
0.045
0.178
0.014
0.951
0.34
0.815
0.663
0.942
0.101
0.415
0.672
0.106
0.195
0.462
0.029
0.759
0.52
0.526
0.345
0.556
0.286
0.594
0.604
0.003
0.423
0.015
0.38
0.007
0.754
0.525
0.447
0.889
0.572
0.8
0.279
0.4
0.789
0.067
0.555
0.058
0.542
0.392
0.854
0.338
0.063
0.549
0.176
0.99
0.706
0.503
0.588
0.962
0.301
0.74
0.921
0.333
0.182
0.387
0.191
0.213
0.606
0.122
0.556
0.966
0.071
0.687
0.106
0.434
0.485
0.346
0.265
0.447
0.828
0.901
0.462
0.228
0.351
0.189
0.142
0.526
0.064
0.302
0.692
0.577
