0.069
0.971
0.116
0.868
0.629
0.901
0.726
0.288
0.5
0.508
0.071
0.722
0.711
0.2
0.565
0.043
0.547
0.918
0.143
0.461
0.205
0.667
0.639
0.963
0.273
0.76
0.405
0.316
0.658
0.27
0.268
0.926
0.527
0.049
0.558
0.036
0.949
0.535
0.467
0.257
0.08
0.317
0.928
0.731
0.753
0.013
0.179
0.163
0.165
0.721
0.117
0.693
0.69
0.429
0.804
0.587
0.022
0.404
0.849
0.254
0.964
0.926
0.832
0.134
0.787
0.511
0.832
0.351
0.138
0.519
0.957
0.197
0.994
0.683
0.003
0.377
0.303
0.69
0.228
0.106
0.234
0.662
0.467
0.955
0.065
0.986
0.839
0.349
0.357
0.015
0.298
0.338
0.08
0.121
0.711
0.322
0.39
0.514
0.12
0.794
0.925
0.466
0.156
0.543
0.529
0.915
0.278
0.961
0.628
0.918
0.428
0.911
0.987
0.544
0.872
0.147
0.821
0.691
0.209
0.233
0.65
0.514
0.465
0.643
0.079
0.914
0.134
0.164
0.483
0.859
0.124
0.553
0.389
0.048
0.776
0.729
0.12
0.336
0.9
0.76
0.928
0.139
0.217
0.731
0.964
0.042
0.023
0.754
0.45
0.465
0.061
0.403
0.154
0.689
0.897
0.547
0.747
0.595
0.198
0.545
0.486
0.115
0.612
0.889
0.175
0.517
0.387
0.07
0.107
ERROR
0.6
0.003
0.895
0.147
0.023
0.694
0.995
0.406
0.54
0.92
0.968
0.134
0.069
0.126
0.272
0.557
0.269
0.973
0.119
0.241
0.235
0.831
0.886
0.873
0.646
0.234
0.77
0.955
0.781
0.86
