0.352
0.529
0.36
0.809
0.745
0.83
0.682
0.723
0.742
0.453
0.114
0.172
0.734
0.15
0.68
0.452
0.782
0.797
0.01
0.247
0.124
0.402
0.924
0.409
0.114
0.98
0.714
0.236
0.521
0.44
0.186
0.073
0.548
0.777
0.194
0.521
0.427
0.098
0.331
0.056
0.485
0.068
0.376
0.039
0.163
0.16
0.06
0.103
0.39
0.071
0.483
0.281
0.116
0.421
0.807
0.85
0.563
0.672
0.184
0.055
0.571
0.466
0.129
0.806
0.639
0.691
0.639
0.628
0.832
0.387
0.557
0.781
0.377
0.507
0.418
0.661
0.999
0.378
0.908
0.003
0.921
0.455
0.751
0.755
0.001
0.383
0.432
0.482
0.628
0.511
0.323
0.924
0.076
0.616
0.258
0.2
0.926
0.708
0.627
0.068
0.973
0.227
0.92
0.775
0.349
0.134
0.299
0.248
0.409
0.229
0.327
0.011
0.787
0.989
0.505
0.775
0.076
0.729
0.788
0.464
0.549
0.657
0.844
0.679
0.946
0.273
0.563
0.116
0.797
0.365
0.968
0.376
0.405
0.006
0.339
0.596
0.65
0.461
0.604
0.147
0.826
0.884
0.147
0.148
0.843
0.286
0.216
0.776
0.583
0.831
0.738
0.305
0.595
0.776
0.723
0.674
0.961
0.144
0.77
0.045
0.622
0.709
0.632
0.852
0.263
0.648
0.815
0.964
0.405
0.229
0.795
0.659
0.952
0.994
0.469
0.311
0.821
0.253
0.204
0.221
0.378
0.307
0.875
0.447
0.003
0.349
0.53
0.951
0.603
0.545
0.487
0.728
0.051
0.352
0.2
0.922
0.389
0.373
0.967
0.438
