0.448
0.182
0.013
0.032
0.325
0.775
0.292
0.796
0.341
0.122
0.671
0.573
0.797
0.787
0.449
0.956
0.815
0.614
0.441
0.706
0.299
0.087
0.443
0.527
0.808
0.83
0.381
0.092
0.607
0.087
0.036
0.204
0.04
0.672
0.795
0.754
0.281
0.177
0.253
0.64
0.676
0.025
0.262
0.746
0.351
0.55
0.258
0.597
0.631
0.56
0.441
0.505
0.809
0.219
0.222
0.081
0.964
0.946
0.302
0.306
0.13
0.294
0.167
0.297
0.465
0.818
0.751
0.597
0.367
0.832
0.99
0.633
0.038
0.451
0.797
0.07
0.069
0.526
0.652
0.913
0.069
0.534
0.413
0.185
0.352
0.136
0.147
0.555
0.487
0.227
0.973
0.687
0.13
0.906
0.455
0.593
0.945
0.509
0.847
0.034
0.52
0.755
0.876
0.875
0.866
0.266
0.456
0.62
0.736
0.817
0.561
0.943
0.263
0.19
0.166
0.183
0.466
0.887
0.036
0.384
0.196
0.677
0.371
0.901
0.614
0.632
0.738
0.887
0.791
0.837
0.286
0.967
0.652
0.62
0.201
0.969
0.919
0.495
0.709
0.496
0.563
0.368
0.503
0.58
0.112
0.012
0.282
0.311
0.05
0.18
0.871
0.453
0.502
0.668
0.508
0.589
0.373
0.155
0.557
0.472
0.124
0.326
0.906
0.914
0.033
0.589
0.604
0.009
0.453
0.575
0.737
0.798
0.503
0.651
0.973
0.226
0.32
0.19
0.905
0.723
0.059
0.913
0.724
0.044
0.511
0.115
0.089
0.186
0.507
0.871
0.713
0.32
0.873
0.136
0.857
0.124
0.333
0.001
0.527
0.867
