0.921
0.018
0.2
0.462
0.687
0.967
0.575
0.486
0.136
0.251
0.726
0.674
0.989
0.638
0.743
0.829
0.601
0.336
0.129
0.799
0.343
0.885
0.175
0.949
0.033
0.093
0.077
0.684
0.362
0.834
0.564
0.328
0.679
0.397
0.734
0.57
0.085
0.598
0.166
0.22
0.652
0.161
0.826
ERROR
0.433
0.556
0.3
0.932
0.463
0.89
0.811
0.27
0.075
0.521
0.066
0.501
0.996
0.569
0.932
0.616
0.704
0.332
0.03
0.069
0.633
0.281
0.835
0.133
0.878
0.419
0.874
0.649
0.814
0.177
0.668
0.62
0.467
0.457
0.599
0.747
0.063
0.371
0.596
0.761
0.183
0.579
0.505
0.314
0.126
0.154
0.625
0.131
0.369
0.472
0.115
0.933
0.126
0.823
0.945
0.637
0.473
0.152
0.535
0.556
0.567
0.364
0.474
0.11
0.606
ERROR
0.748
0.678
0.511
0.776
0.992
0.391
0.925
0.115
0.937
0.862
0.255
0.926
0.326
0.289
0.789
0.326
0.229
0.897
0.152
0.413
0.691
0.752
0.84
0.135
0.39
0.392
0.605
0.104
0.101
0.373
0.217
0.471
0.765
0.137
0.823
0.352
0.328
0.484
0.341
0.933
0.644
0.252
0.81
0.683
0.793
0.926
0.262
0.629
0.51
0.083
0.695
0.934
0.877
0.937
0.869
0.931
0.288
0.956
0.082
0.881
0.818
0.636
0.236
0.161
0.15
0.401
0.673
0.71
0.205
0.72
0.494
0.081
0.2
0.163
0.582
0.986
0.168
0.322
0.678
0.343
0.484
0.644
0.443
0.587
0.136
0.218
0.949
0.803
0.97
0.858
