0.066
0.291
0.844
0.133
0.997
0.778
0.146
0.086
0.614
0.332
0.11
0.7
0.824
0.356
0.066
0.444
0.736
0.721
0.668
0.326
0.337
0.421
0.471
0.098
0.532
0.817
0.385
0.5
0.563
0.031
0.27
0.974
0.695
0.315
0.999
0.779
0.939
0.488
0.146
0.257
0.824
0.205
0.744
0.763
0.155
0.43
0.8
0.414
0.824
0.396
0.776
0.14
0.514
0.114
0.522
0.642
0.426
0.273
0.826
0.263
0.065
0.905
0.458
0.096
0.912
0.375
0.086
0.367
0.532
0.849
0.956
0.729
0.01
0.526
0.03
0.597
0.184
0.112
0.866
0.852
0.869
0.397
0.726
0.537
0.42
0.141
0.866
0.627
0.393
0.851
0.813
0.517
0.587
0.574
0.089
0.824
0.74
0.401
0.941
0.919
0.055
0.089
0.093
0.958
0.699
0.986
0.038
0.414
0.936
0.622
0.212
0.632
0.44
0.25
0.339
0.966
0.984
0.713
0.097
0.495
0.721
0.104
0.165
ERROR
0.802
0.135
0.496
0.411
0.61
0.73
0.293
0.19
0.978
0.129
0.92
0.854
0.238
0.564
0.328
0.228
0.297
0.038
0.406
0.527
0.607
0.574
0.315
0.265
0.736
0.831
0.347
0.892
0.359
0.271
0.123
0.956
0.685
0.029
0.712
0.522
0.027
0.682
0.979
0.706
0.772
0.312
ERROR
0.559
0.105
0.996
0.795
0.104
0.248
0.207
0.074
0.345
0.198
0.663
0.561
0.07
0.75
0.457
0.56
0.953
0.733
0.77
0.817
0.422
0.983
0.35
0.981
0.508
0.248
0.072
0.391
0.721
0.931
0.849
0.283
0.771
