0.05
0.337
0.57
0.785
0.778
0.832
0.78
0.124
0.498
0.735
0.632
0.463
0.819
0.383
0.167
0.735
0.036
0.521
0.371
0.004
0.624
0.768
0.128
0.86
0.997
0.937
0.702
0.243
0.463
0.435
0.449
0.333
0.161
0.069
0.867
0.305
0.162
0.03
0.304
0.643
0.448
0.303
0.73
0.102
0.242
0.011
0.292
0.37
0.163
0.161
0.397
0.39
0.184
0.004
0.526
0.616
0.083
0.428
0.096
0.925
0.692
0.388
0.325
0.757
0.319
0.857
0.412
0.404
0.074
0.941
0.639
0.685
0.579
0.384
0.115
0.654
0.573
0.993
0.454
0.302
0.175
0.487
0.747
0.237
0.366
0.629
0.016
0.511
0.61
0.428
0.703
0.84
0.524
0.798
0.165
0.58
0.008
0.03
0.708
0.45
0.953
0.667
0.431
0.297
0.875
0.622
0.257
0.974
0.825
0.369
0.948
0.725
0.767
0.326
0.963
0.91
0.81
0.976
0.468
0.216
0.863
0.627
0.603
0.067
0.051
0.165
0.312
0.138
0.442
0.606
0.203
0.37
0.11
0.484
0.536
0.778
0.627
0.819
0.273
0.623
0.81
0.565
0.015
0.896
0.413
0.053
0.09
0.207
0.129
0.372
0.261
0.301
0.041
0.614
0.182
0.238
0.844
0.475
0.59
0.191
0.098
0.677
0.656
0.737
0.907
0.762
0.004
0.401
0.497
0.003
0.455
0.007
0.802
0.437
0.976
0.737
0.068
0.867
ERROR
0.293
0.509
0.699
0.585
0.164
0.068
0.365
0.683
0.945
0.931
0.238
0.997
0.683
0.728
0.083
ERROR
0.152
0.209
0.046
0.854
0.644
