0.734
0.54
0.508
0.444
0.46
0.07
0.217
0.335
0.083
0.658
0.579
0.055
0.56
0.002
0.796
0.648
0.8
0.096
0.492
0.641
0.676
0.78
0.007
0.6
0.328
0.388
0.276
0.578
0.051
0.727
0.891
0.674
0.442
0.628
0.494
0.275
0.888
0.533
0.887
0.205
0.325
0.728
0.669
0.182
0.797
0.695
0.191
0.259
0.334
0.224
0.463
0.666
0.805
0.635
0.838
0.439
0.241
0.448
0.73
0.477
0.3
0.968
0.491
0.102
0.377
0.987
0.965
0.788
0.03
0.444
0.926
0.506
0.065
0.199
0.275
0.021
0.873
0.231
1.0
0.564
0.822
0.198
0.76
0.054
0.102
0.583
0.715
0.334
0.079
0.293
0.156
0.678
0.142
0.162
0.558
0.882
0.141
0.456
0.251
0.505
0.308
0.481
0.716
0.904
0.603
0.048
0.565
0.454
0.79
0.557
0.92
0.032
0.276
0.69
0.005
0.87
0.476
0.018
0.113
0.541
0.269
0.871
0.753
0.372
0.461
0.007
0.889
0.524
0.597
0.836
0.902
0.074
0.52
0.809
0.32
0.896
0.197
0.813
0.475
0.806
0.751
0.716
0.58
0.618
0.45
0.8
0.373
0.964
0.149
0.954
0.861
0.462
0.232
0.135
0.302
0.053
0.129
0.802
0.092
0.696
0.384
0.279
0.001
0.854
0.832
0.962
0.735
0.53
0.213
0.721
0.234
0.708
0.838
0.481
0.456
0.366
0.565
0.352
0.125
0.214
0.751
0.942
0.849
0.025
0.009
0.969
0.535
0.35
0.537
0.162
0.469
0.913
0.334
0.81
0.722
0.248
0.493
0.883
0.735
0.805
