0.875
0.274
0.079
0.688
0.792
0.502
0.922
0.49
0.787
0.553
0.577
0.035
0.954
0.276
0.003
0.189
0.315
0.134
0.774
0.285
0.852
0.325
0.678
0.638
0.681
0.067
0.718
0.874
0.512
0.322
ERROR
0.095
0.791
0.351
0.43
0.606
0.564
0.719
0.93
0.013
0.864
0.255
0.523
0.116
0.426
0.823
0.403
0.852
0.338
0.135
0.33
0.399
0.193
0.067
0.252
0.541
0.477
0.97
0.027
0.323
0.02
0.459
0.441
0.617
0.384
0.224
0.34
0.837
0.909
0.273
0.876
0.614
0.601
0.833
0.066
0.921
0.6
0.056
0.738
0.507
0.183
0.512
0.562
0.403
0.03
0.595
0.602
0.547
0.001
0.375
0.736
0.02
0.316
0.468
0.822
0.475
0.626
0.244
0.421
0.466
0.965
0.876
0.76
0.266
0.834
0.686
0.807
0.253
0.62
0.022
0.084
0.595
0.879
0.622
0.571
0.208
0.706
0.468
0.03
0.022
0.005
0.768
0.187
0.191
0.92
0.983
0.098
0.011
0.035
0.138
0.976
0.924
0.584
0.479
0.424
0.354
0.352
0.833
0.858
0.912
0.614
0.446
0.248
0.746
0.652
0.941
0.96
0.764
0.039
0.751
0.06
0.374
0.522
0.594
0.115
0.995
0.875
0.52
0.308
0.59
0.429
0.697
0.321
0.607
0.768
0.2
0.033
0.398
0.355
0.928
0.586
0.521
0.156
0.029
0.229
0.703
0.896
0.207
0.701
0.327
0.325
0.273
0.862
0.451
0.2
0.531
0.419
0.689
0.76
0.994
0.832
0.179
0.767
0.82
0.37
0.631
0.195
0.824
0.838
0.761
