0.359
0.299
0.648
0.216
0.087
0.062
0.571
0.304
0.482
0.421
0.363
0.674
0.865
0.724
0.152
0.727
0.38
0.786
0.404
0.441
0.771
0.197
0.042
0.538
0.457
0.438
0.674
0.907
0.565
0.528
0.533
0.493
0.931
0.978
0.739
0.65
0.315
0.073
0.362
0.45
0.823
0.227
0.236
0.605
0.178
0.548
0.204
0.757
0.338
0.111
0.335
0.577
0.545
0.657
0.136
0.127
0.299
0.367
0.475
0.356
0.105
0.856
0.067
0.94
0.917
0.732
0.503
0.259
0.72
0.584
0.511
0.516
0.056
0.543
0.295
0.719
0.303
0.641
0.092
0.4
0.763
0.198
0.954
0.816
0.752
0.894
0.382
0.283
0.053
0.057
0.019
0.992
0.12
0.055
0.618
0.355
0.891
0.321
0.401
0.154
0.751
0.442
0.117
0.395
0.698
0.825
0.904
0.801
0.922
0.207
0.813
0.0
0.384
0.678
0.329
ERROR
0.945
0.565
0.602
0.969
0.492
0.613
0.695
0.434
0.762
0.495
0.369
0.678
0.792
0.936
0.635
0.841
0.927
0.179
0.605
0.796
0.718
0.872
0.243
0.04
0.56
0.268
0.452
0.21
0.024
0.983
0.468
0.668
0.955
0.797
0.634
0.8
0.411
0.896
0.962
0.319
0.264
0.963
0.784
0.999
0.717
0.109
0.483
0.643
0.237
0.827
0.462
0.522
0.961
0.35
0.292
0.065
0.954
0.641
0.168
0.912
0.12
0.939
0.024
0.564
0.573
0.106
0.977
0.623
0.338
0.126
0.973
0.344
0.365
0.289
0.423
0.134
0.528
0.185
0.817
0.824
0.649
0.86
0.745
0.126
