0.442
0.363
0.617
0.927
0.003
0.837
0.415
0.634
0.502
0.375
0.842
0.854
0.193
0.01
0.83
0.334
0.324
0.15
0.02
0.157
0.87
0.914
0.67
0.24
0.739
0.175
0.745
0.895
ERROR
0.26
0.46
0.354
0.204
0.684
0.204
0.848
0.989
0.283
0.858
0.691
0.351
0.765
0.168
0.313
0.044
0.393
0.191
0.295
0.499
0.48
0.611
0.513
0.868
0.43
0.947
0.094
0.414
0.091
0.843
0.3
0.423
0.301
0.389
0.488
0.609
0.368
0.334
0.835
0.597
0.714
0.603
0.109
0.568
0.851
0.979
0.23
0.122
0.781
0.015
0.219
0.673
0.732
0.764
0.849
0.624
0.746
0.563
0.104
0.988
0.647
0.829
0.93
0.443
0.579
0.342
0.789
0.887
ERROR
0.445
0.795
0.508
0.712
0.792
0.635
0.661
0.714
0.694
0.958
0.973
0.321
0.15
0.783
0.451
0.495
0.41
0.96
0.875
0.202
0.043
0.387
0.663
0.808
0.937
0.733
0.534
0.297
0.667
0.002
0.651
0.228
0.354
0.217
0.772
0.56
0.942
0.062
0.628
0.324
0.425
0.644
0.864
0.312
0.357
0.643
0.942
0.302
0.741
0.259
0.15
0.326
0.136
0.618
0.88
0.115
0.567
0.985
0.996
0.689
0.918
0.892
0.419
0.339
0.547
0.43
0.95
0.449
0.886
0.783
0.255
0.718
0.965
0.729
0.9
0.162
0.935
0.867
0.901
0.595
0.402
0.823
0.944
0.795
0.441
0.517
0.165
0.111
0.599
0.842
0.771
0.578
0.328
0.249
0.33
0.305
0.926
0.957
0.763
0.887
0.366
0.335
