0.713
0.532
0.645
0.079
0.932
0.878
0.656
0.195
0.058
0.829
0.189
0.254
0.959
0.653
0.996
0.768
0.793
0.257
0.239
0.269
0.456
0.356
0.518
0.319
0.155
0.296
0.29
0.456
0.547
0.006
0.545
0.95
0.608
0.079
0.105
0.168
0.797
0.468
0.55
0.706
0.803
0.041
0.602
0.393
0.977
0.755
0.39
0.88
0.141
0.717
0.501
0.175
0.99
0.852
0.962
ERROR
0.202
0.39
0.049
0.803
0.071
0.215
0.079
0.902
0.657
0.451
0.448
0.884
0.432
0.267
0.788
0.149
0.205
0.368
0.951
0.672
0.57
0.884
0.924
0.229
0.368
0.508
0.505
0.729
0.538
0.964
0.593
0.87
0.446
0.298
0.664
0.139
0.804
0.006
0.149
0.001
0.45
0.594
0.129
0.657
0.367
0.818
0.101
ERROR
0.507
0.68
0.804
0.111
0.531
0.491
0.15
0.572
0.477
0.388
0.532
0.106
0.19
0.64
0.491
0.312
0.092
0.713
0.432
0.686
0.804
0.018
0.409
0.943
0.051
0.738
0.597
0.029
0.484
0.603
0.71
0.799
0.48
0.676
0.637
0.223
0.754
0.432
0.249
0.41
0.593
0.87
0.034
0.031
0.301
0.261
0.31
0.264
0.171
0.676
0.746
0.611
0.001
0.585
0.101
0.966
0.794
0.191
0.104
0.053
0.594
0.741
0.687
0.682
0.257
0.725
0.946
0.181
0.579
0.36
0.943
0.244
0.988
0.011
0.067
0.548
0.134
0.893
0.133
0.03
0.044
0.914
0.021
0.907
0.763
0.828
0.22
0.098
0.485
0.969
0.61
0.428
0.777
0.464
0.435
0.356
