0.732
0.092
0.029
0.581
0.336
0.304
0.899
0.39
0.214
0.724
0.765
0.852
0.46
0.181
0.887
0.516
0.972
0.92
0.334
0.971
0.674
0.2
0.296
0.539
0.587
0.049
0.221
0.779
0.166
0.657
0.844
0.373
0.737
0.677
0.459
0.312
0.144
0.091
0.989
0.729
0.378
0.416
0.286
0.102
0.367
0.668
0.302
0.031
0.548
0.078
0.148
0.242
0.154
0.717
0.653
0.352
0.543
0.046
0.921
0.242
0.188
0.794
0.956
0.855
0.554
0.584
0.338
0.672
0.295
0.532
0.33
0.538
0.93
0.542
0.777
0.961
0.682
0.976
0.545
0.747
0.112
0.131
0.361
0.644
0.295
0.279
0.083
0.336
0.175
0.487
0.512
0.439
0.065
0.199
0.215
0.071
0.981
0.788
0.832
0.182
0.312
0.778
0.585
0.622
0.952
0.071
0.848
0.005
0.213
0.607
0.441
0.439
0.123
0.793
0.583
0.224
0.926
0.763
0.982
0.591
0.519
0.743
0.462
0.5
0.388
0.849
ERROR
0.277
0.887
0.641
0.901
0.451
0.587
0.801
0.012
0.352
0.928
0.522
0.822
0.838
0.185
0.889
0.325
0.506
0.565
0.804
0.436
0.66
0.583
0.279
0.325
0.26
0.754
0.311
0.565
0.812
0.538
0.031
0.297
0.605
0.576
0.075
0.434
0.666
0.615
0.189
0.878
0.71
0.6
0.377
0.333
0.517
0.676
0.24
0.297
0.267
0.399
0.713
0.776
0.292
0.778
0.393
0.81
0.577
0.363
0.572
0.442
0.535
0.215
0.516
0.242
0.732
0.162
0.32
0.423
0.694
0.101
0.304
0.089
0.899
