0.394
0.721
0.618
0.823
0.058
0.549
ERROR
0.972
0.436
0.631
0.918
0.936
0.947
0.318
0.017
0.529
0.743
0.772
0.326
0.881
0.546
0.092
0.474
0.68
0.639
0.605
0.52
0.495
0.537
0.106
0.252
0.7
0.007
0.782
0.218
0.514
0.632
0.219
0.242
0.248
0.227
0.914
0.717
0.524
0.32
0.017
0.11
0.366
0.305
0.698
0.94
0.57
0.287
0.553
0.556
0.626
0.284
0.987
0.135
0.276
0.684
0.586
0.699
0.56
0.543
0.11
0.628
0.942
0.304
0.2
0.786
0.389
0.575
0.675
0.116
0.826
0.376
0.314
0.113
0.028
0.44
0.633
0.303
0.639
0.338
0.775
0.523
0.342
0.548
0.188
0.933
0.825
0.422
0.598
0.341
0.44
0.496
0.242
0.458
0.077
0.064
0.277
0.876
0.285
0.841
0.308
0.779
0.045
0.938
0.732
0.263
0.67
0.722
0.628
0.865
0.517
0.195
0.074
0.865
0.843
0.784
0.383
0.175
0.585
0.059
0.134
0.528
0.711
0.303
0.504
0.458
0.272
0.371
0.601
0.506
0.01
0.22
0.644
0.081
0.182
0.936
0.136
0.145
0.04
0.025
0.065
0.932
0.185
0.802
0.613
0.189
0.547
0.003
0.555
0.045
0.547
0.76
0.269
0.92
0.883
0.471
0.02
0.614
0.635
0.761
0.947
0.811
0.459
0.773
0.17
0.937
0.481
0.309
0.075
0.342
0.391
0.905
0.697
0.433
0.163
0.135
0.459
0.835
0.08
0.04
0.621
0.995
0.089
0.551
0.394
0.505
0.047
0.747
0.169
0.615
0.829
0.504
0.174
0.403
0.963
