0.465
0.937
0.936
0.021
0.666
0.861
0.828
0.699
0.899
0.366
0.043
0.198
0.112
0.019
0.376
0.034
0.323
0.473
0.838
0.095
0.086
0.592
0.349
0.877
0.406
0.494
0.812
0.072
0.267
0.1
0.135
0.808
0.504
0.124
0.712
0.838
0.919
0.802
0.591
0.81
0.394
0.42
0.764
0.876
0.293
0.618
0.202
0.871
0.057
0.564
0.725
0.538
0.321
0.779
0.925
0.205
0.918
0.68
0.789
0.293
0.114
0.166
0.683
0.835
0.971
0.91
0.34
0.034
0.427
0.022
0.302
0.046
0.175
0.031
0.902
0.908
0.744
0.038
0.492
0.311
0.814
0.543
0.456
0.767
0.452
0.063
0.636
0.106
0.285
0.479
0.643
0.457
0.36
0.188
0.008
0.757
0.825
0.263
0.904
0.703
0.602
0.74
0.605
0.001
0.377
0.75
0.645
0.374
0.69
0.2
0.126
0.414
0.148
0.802
0.977
0.566
0.557
0.819
0.388
0.784
0.113
0.038
0.772
0.025
0.207
0.202
0.625
0.355
0.667
0.48
0.714
0.085
0.13
0.818
0.46
0.752
0.628
0.634
0.003
0.052
0.207
0.802
0.881
0.106
0.277
0.444
0.274
0.959
0.907
0.387
0.683
0.553
0.198
0.915
0.193
0.95
0.792
0.485
0.307
0.965
0.634
0.307
0.185
0.54
0.459
0.539
0.883
0.086
0.4
0.478
0.957
0.609
0.654
0.335
0.122
0.31
0.37
0.621
0.156
0.213
0.69
0.289
0.624
0.154
0.884
0.257
0.9
0.067
0.995
0.564
0.695
0.633
0.319
0.678
0.395
0.62
0.239
0.091
0.765
0.658
