0.508
0.239
0.284
0.403
0.267
0.803
0.302
0.032
0.505
0.067
0.179
0.316
0.321
0.3
0.909
0.024
0.21
0.479
0.369
0.391
0.611
0.682
0.056
0.071
0.984
0.704
0.666
0.473
0.053
0.239
0.789
0.056
0.627
0.635
0.775
0.195
0.653
0.014
0.997
0.913
0.212
0.361
0.608
0.88
0.322
0.375
0.937
0.822
0.091
0.764
0.702
0.363
0.801
0.76
0.057
0.969
0.997
0.006
0.548
0.617
0.593
0.406
0.769
0.612
0.494
0.662
0.606
0.55
0.431
0.587
0.887
0.474
0.672
0.349
0.509
0.425
0.846
0.753
0.632
0.464
0.412
0.362
0.536
0.962
0.443
0.613
0.368
0.792
0.709
0.51
0.311
0.486
0.032
0.202
0.822
0.114
0.998
0.287
0.803
0.237
0.583
0.878
0.434
0.592
0.216
0.924
0.065
0.004
0.345
0.976
0.333
0.176
0.028
0.361
0.052
0.112
0.085
0.184
0.279
0.053
0.092
0.445
0.662
0.387
0.618
0.082
0.595
0.231
0.88
0.013
0.637
0.635
0.012
0.058
0.312
0.661
0.672
0.703
0.75
0.019
0.038
0.237
0.467
0.717
0.373
0.999
0.629
0.854
0.036
0.777
0.005
0.668
0.734
0.935
0.68
0.423
0.836
0.052
0.204
0.578
0.77
0.995
0.732
0.561
0.684
0.635
0.443
0.142
0.285
0.136
0.837
0.982
0.384
0.133
0.592
0.635
0.47
0.549
0.154
0.008
0.101
0.633
0.549
0.678
0.486
0.916
0.674
0.024
0.451
0.41
0.137
0.232
0.649
0.63
0.203
0.991
0.219
0.647
0.695
0.328
