0.423
0.232
0.187
0.57
0.821
0.485
0.436
0.435
0.16
0.687
0.72
0.711
0.752
0.781
0.513
0.109
0.804
0.806
0.717
0.101
0.642
0.901
0.324
0.697
0.881
0.031
0.13
0.27
0.096
0.749
0.671
0.42
0.215
0.323
0.155
0.251
0.259
0.418
0.413
0.887
0.578
0.278
0.769
0.023
0.431
0.779
0.968
0.628
0.8
0.067
0.839
0.875
0.838
0.838
0.371
0.29
0.621
0.937
0.431
0.547
0.51
0.458
0.879
0.596
0.545
ERROR
0.429
0.714
0.935
0.138
0.496
0.931
0.812
0.964
0.142
0.46
0.365
0.463
0.241
0.089
0.924
0.978
0.675
0.399
0.486
0.936
0.661
0.948
0.232
0.303
0.494
0.446
0.897
0.101
0.025
0.417
0.67
0.628
0.214
0.418
0.329
0.465
0.154
0.098
0.703
0.714
0.789
0.517
0.024
0.47
0.84
0.383
0.907
0.8
0.363
0.123
0.917
0.049
0.937
0.065
0.891
0.127
0.046
0.786
0.708
0.214
0.177
0.14
0.056
0.373
0.896
0.028
0.165
0.029
0.737
0.868
0.433
0.73
0.313
0.894
0.5
0.317
0.974
0.837
0.104
0.711
0.962
0.563
0.144
0.361
0.05
0.923
0.142
0.987
0.595
0.225
0.634
0.865
0.151
0.067
0.781
0.799
0.812
0.886
0.756
0.815
0.48
0.378
0.446
0.666
0.055
0.372
0.979
0.054
0.384
0.108
0.339
0.488
0.157
0.623
0.571
0.136
0.049
0.714
0.749
0.475
0.485
0.716
0.969
0.078
0.304
0.083
0.635
0.322
0.254
0.558
0.151
0.364
0.587
0.089
