0.853
0.575
0.783
0.743
0.675
0.247
0.942
0.52
0.266
0.764
0.918
0.843
0.738
0.429
0.743
0.693
0.449
0.863
0.651
0.932
0.068
0.808
0.495
0.855
0.527
0.955
0.627
0.501
0.032
0.645
0.479
0.208
0.838
0.817
0.973
0.053
0.772
0.796
0.025
0.773
0.855
0.747
0.749
0.98
0.547
0.064
0.844
0.281
0.06
0.054
0.654
0.084
0.844
0.567
0.595
0.351
0.853
0.831
0.35
0.67
0.139
0.883
0.027
0.89
0.287
0.727
0.196
0.383
0.449
0.151
0.756
0.862
0.9
0.367
0.276
0.688
0.534
0.6
0.011
0.625
0.967
0.735
0.482
0.579
0.706
0.622
0.083
0.414
0.717
0.215
0.602
0.811
0.473
0.201
0.378
0.177
0.884
0.722
0.813
0.728
0.992
ERROR
0.29
0.948
0.33
0.212
0.731
0.115
0.824
0.79
0.386
0.298
0.628
0.69
0.229
0.952
0.866
0.256
0.322
0.089
0.648
0.472
0.824
0.153
0.882
0.462
0.432
0.127
0.921
0.32
0.315
0.673
0.232
0.092
0.524
0.886
0.3
0.604
0.864
0.674
0.422
0.767
0.929
0.055
0.99
0.037
0.181
0.174
0.227
0.939
0.101
0.797
0.95
0.949
0.93
0.136
0.764
0.643
0.849
0.791
0.27
0.422
0.178
0.23
0.691
ERROR
0.573
0.54
0.349
0.681
0.373
0.198
0.48
0.595
0.021
0.98
0.77
0.111
0.754
0.683
0.342
0.68
0.37
0.128
0.832
0.287
0.659
0.849
0.311
0.018
0.045
0.349
0.132
0.109
0.816
0.065
0.098
0.742
0.074
0.313
