0.72
0.477
0.599
0.603
0.095
0.032
0.112
0.361
0.022
0.007
0.084
0.229
0.384
0.85
0.11
0.485
0.96
0.901
0.932
0.931
0.989
0.72
0.853
0.019
0.112
0.145
0.177
0.904
0.228
0.349
0.49
0.024
0.216
0.957
0.401
0.588
0.167
0.849
0.572
0.372
0.267
0.08
0.521
0.197
0.114
0.743
0.116
0.218
0.835
0.532
0.996
0.104
0.85
0.106
0.736
0.344
0.628
0.224
0.189
0.756
0.821
0.536
0.26
0.441
0.406
0.386
0.385
0.305
0.501
0.361
0.541
0.354
0.285
0.836
0.129
0.943
0.168
0.52
0.97
0.35
0.95
0.848
0.506
0.087
0.661
0.587
0.527
0.539
0.046
0.837
0.577
0.351
0.49
0.18
0.789
0.863
0.344
0.061
0.596
0.942
0.057
0.636
0.829
0.449
0.957
0.266
0.396
0.021
0.865
0.543
0.265
0.424
0.185
0.16
0.779
0.832
0.572
0.453
0.03
0.604
0.449
0.513
0.533
0.465
0.195
0.069
0.755
0.473
0.52
0.904
0.554
0.717
0.412
0.282
0.646
0.859
0.59
0.975
0.856
0.652
0.081
0.826
0.903
0.917
0.427
0.14
0.572
0.545
0.765
0.592
0.257
0.466
0.649
0.654
0.52
0.487
0.037
0.901
0.454
0.397
0.489
0.76
0.6
0.558
0.378
0.727
0.938
0.996
0.703
0.682
0.937
0.323
0.928
0.374
0.456
0.653
0.229
0.263
0.285
0.533
0.453
0.564
0.422
0.127
0.352
0.933
0.995
0.43
0.854
0.09
0.29
0.928
0.314
0.852
0.949
0.855
0.626
0.847
0.467
0.27
