0.562
0.621
0.041
0.778
0.401
0.163
0.431
0.634
0.928
0.568
0.187
0.676
0.894
0.461
0.359
0.722
0.987
0.444
0.318
0.243
0.19
0.164
0.642
0.425
0.922
0.687
0.79
0.226
0.697
0.708
0.903
0.896
0.272
0.753
0.703
0.356
0.223
0.281
0.882
0.741
0.132
0.133
0.903
0.339
0.634
0.337
0.677
0.072
0.025
0.234
0.411
0.201
0.992
0.404
0.192
0.276
0.542
0.899
0.725
0.787
0.374
0.167
0.957
0.518
0.967
0.143
0.97
0.746
0.504
0.381
0.559
0.507
0.793
0.264
0.774
0.86
0.111
0.074
0.541
0.858
0.126
0.704
0.558
0.551
0.495
0.711
0.372
0.459
0.135
0.948
0.301
0.787
0.695
0.16
0.283
0.619
0.259
0.307
0.965
0.839
0.555
0.343
0.635
0.308
0.09
0.327
0.417
0.97
0.467
0.513
0.055
0.053
0.143
0.903
0.07
0.278
0.517
0.752
0.893
0.125
0.886
0.469
0.224
0.176
0.05
0.913
0.723
0.049
0.494
0.371
0.081
0.011
0.827
0.356
0.917
0.161
0.688
0.636
0.241
0.019
0.907
0.917
0.283
0.84
0.364
0.601
0.427
0.527
0.914
0.801
0.647
0.277
0.139
0.093
0.269
0.46
0.143
0.402
0.821
0.375
0.585
0.359
0.755
0.408
0.574
0.25
0.975
0.683
0.482
0.86
0.963
0.719
0.845
0.234
0.328
0.903
0.178
0.915
0.019
0.653
0.458
0.631
0.812
0.112
0.793
0.441
0.35
0.219
0.851
0.512
0.152
0.022
0.755
0.504
0.417
0.679
0.951
0.756
0.336
0.075
