0.86
0.952
0.087
0.819
0.593
0.996
0.553
0.371
0.87
0.815
0.592
0.451
0.302
0.976
0.917
0.688
0.644
0.368
0.677
0.874
0.12
0.202
0.45
0.582
0.741
0.54
0.871
0.581
0.268
0.701
0.892
0.995
0.588
0.712
0.895
0.345
0.541
0.914
0.738
0.477
0.588
0.673
0.068
0.035
0.813
0.695
0.928
0.075
0.204
0.879
0.29
0.685
0.641
0.367
0.75
0.792
0.62
0.163
0.213
0.048
0.041
0.339
0.568
0.929
0.899
0.512
0.278
0.156
0.484
0.886
0.32
0.202
0.294
0.3
0.245
0.457
0.005
0.827
0.78
0.191
0.632
0.847
0.584
0.888
0.032
0.38
0.114
0.862
0.235
0.79
0.193
0.918
0.817
0.096
0.218
0.767
0.971
0.434
0.149
0.24
0.623
0.17
0.858
0.513
0.229
0.784
0.239
0.788
0.937
0.952
0.287
0.021
0.079
0.466
0.342
0.991
0.687
0.756
0.381
0.717
0.381
0.702
0.935
0.537
0.111
0.121
0.154
0.93
0.487
0.792
0.614
0.184
0.642
0.05
0.099
0.834
0.586
0.16
0.428
0.889
0.405
0.935
0.434
0.809
0.621
0.698
0.667
0.646
0.732
0.096
0.722
0.419
0.146
0.386
0.678
0.607
0.222
0.062
0.019
0.606
0.629
0.41
0.15
0.513
0.242
0.735
0.17
0.692
0.609
0.008
0.346
0.237
0.92
0.202
0.559
0.604
0.053
0.293
0.972
0.842
0.445
0.744
0.057
0.002
0.296
0.591
0.007
0.957
0.859
0.405
0.313
0.529
0.659
0.837
0.097
0.293
0.068
0.234
0.607
0.144
