0.732
0.738
0.827
0.99
ERROR
0.08
0.48
0.734
0.769
0.576
0.572
0.312
0.545
0.365
0.375
0.451
0.854
0.418
0.261
0.102
0.876
0.137
0.117
0.108
0.418
0.586
0.964
0.186
0.632
0.834
0.456
0.708
0.516
0.815
0.846
0.915
0.594
0.487
0.029
0.478
0.533
0.786
0.627
0.334
0.342
0.464
0.562
0.583
0.965
0.366
0.197
0.227
0.402
0.868
0.147
0.347
0.524
0.807
0.876
0.977
0.047
0.245
0.641
0.659
0.768
0.612
0.012
0.521
0.199
0.786
0.83
0.074
0.76
0.096
0.86
0.015
0.683
0.692
0.064
0.109
0.448
0.205
0.807
0.346
0.508
0.328
0.11
0.519
0.572
0.152
0.327
0.854
0.443
0.72
0.845
0.606
0.55
0.596
0.912
0.39
0.062
0.095
0.336
0.915
0.173
0.747
0.817
0.734
0.78
0.633
0.703
0.636
0.788
0.834
0.424
0.738
0.731
0.336
0.072
0.927
0.474
0.829
0.498
0.421
0.89
0.926
0.04
0.556
0.875
0.827
0.756
0.568
0.416
0.822
0.831
0.468
0.792
0.306
0.925
0.116
0.71
0.787
0.03
0.317
0.701
0.736
0.273
0.954
0.312
0.761
0.608
0.993
0.409
0.858
0.404
0.146
0.514
0.412
0.719
0.949
0.968
0.408
0.182
0.617
0.184
0.323
0.207
0.265
0.004
0.677
0.851
0.529
0.164
0.619
0.44
0.456
0.693
0.429
0.878
0.035
0.578
0.844
0.035
ERROR
0.152
0.575
0.953
0.114
0.421
0.452
0.359
0.616
0.922
0.553
0.488
0.878
0.103
0.58
0.758
0.323
