0.05
0.956
0.907
0.482
0.517
0.029
0.916
0.4
0.411
0.922
0.392
0.689
0.539
0.937
0.28
0.667
0.709
0.152
0.629
0.864
0.302
0.7
0.235
0.2
0.579
0.159
0.894
0.789
0.238
0.008
0.825
0.721
0.228
0.144
0.793
0.146
0.168
0.588
0.898
0.261
0.352
0.387
0.445
0.307
0.276
0.591
0.709
0.598
0.972
0.052
0.071
0.201
0.006
0.605
0.858
0.468
0.764
0.75
0.473
0.305
0.638
0.832
0.453
0.235
0.077
0.684
0.801
0.41
0.749
0.832
0.47
0.426
0.322
0.311
0.795
0.41
0.74
0.101
0.442
0.49
0.577
0.27
0.86
0.029
0.774
0.025
0.735
0.892
0.216
0.976
0.799
0.6
0.437
0.459
0.501
0.546
0.447
0.654
0.152
0.896
0.164
0.842
0.962
0.903
0.705
0.547
0.566
0.808
0.07
0.958
0.532
0.228
0.832
0.77
0.293
0.448
0.224
0.304
0.053
0.886
0.943
0.071
0.47
0.274
0.056
0.515
0.463
0.89
0.811
0.892
0.52
0.387
0.361
0.755
0.731
0.513
0.208
0.484
0.966
0.977
0.479
0.207
0.339
0.223
0.195
0.23
0.711
0.294
0.503
0.554
0.989
0.843
0.856
0.426
0.4
0.521
0.511
0.79
0.099
0.707
0.553
0.75
0.257
0.596
0.742
0.911
0.585
0.033
0.302
0.694
0.246
0.407
0.708
0.895
0.261
0.106
0.093
0.978
0.529
0.916
0.994
0.805
0.23
0.501
0.243
0.329
0.084
0.258
0.627
0.352
0.994
0.973
0.142
0.583
0.301
0.189
0.633
0.559
0.527
0.218
