0.476
0.328
0.618
0.71
0.985
0.138
0.303
0.295
0.331
0.363
0.714
0.913
0.451
0.659
0.052
0.186
0.824
0.427
0.71
0.705
0.849
0.756
0.015
0.346
0.128
0.678
0.137
0.269
0.729
0.719
0.564
0.115
0.459
0.239
0.639
0.497
0.357
0.314
0.176
0.994
0.087
0.406
0.446
0.559
0.076
0.334
0.812
0.994
0.426
0.234
0.144
0.198
0.656
0.198
0.523
0.034
0.552
0.805
0.986
0.013
0.361
0.512
0.147
0.764
0.086
0.588
0.281
0.921
0.428
0.299
0.502
0.735
0.262
0.911
0.524
0.03
0.763
0.379
0.249
0.722
0.974
0.942
0.076
0.927
0.626
0.596
0.356
0.57
0.072
0.755
0.181
0.578
0.489
0.798
0.589
0.215
0.768
0.878
0.438
0.844
0.32
0.705
0.702
0.999
0.851
0.112
0.603
0.256
0.195
0.954
0.546
0.338
0.969
0.364
0.588
0.88
0.195
0.284
0.676
0.078
0.084
0.184
0.843
0.298
0.429
0.591
0.504
0.542
0.453
0.091
0.912
0.461
0.678
0.516
0.641
0.464
0.402
0.711
0.051
0.172
0.41
0.345
0.425
0.035
0.782
0.652
0.623
0.077
0.605
0.051
0.693
0.417
0.637
0.309
0.479
0.316
0.029
0.102
0.854
0.412
0.157
0.648
0.738
0.132
0.855
0.585
0.703
0.356
0.351
0.45
0.111
0.78
0.99
0.992
0.017
0.042
0.936
0.643
0.301
0.467
0.75
0.251
0.35
0.967
0.834
0.103
0.689
0.939
0.178
0.212
0.595
0.596
0.66
0.119
0.766
0.591
0.661
0.423
0.82
0.276
