0.949
0.895
0.588
0.986
0.764
0.618
0.954
0.04
0.395
0.541
0.191
0.539
0.18
0.17
0.196
0.732
0.853
0.807
0.24
0.009
0.917
0.224
0.11
0.513
0.518
0.763
0.006
0.823
0.445
0.9
0.246
0.117
0.376
0.83
0.024
0.333
0.718
0.251
0.02
0.562
0.2
0.149
0.008
0.188
0.128
0.902
0.892
0.444
0.352
0.337
0.56
0.663
0.234
0.847
0.531
0.016
0.895
0.001
0.499
0.723
0.041
0.467
0.391
0.331
0.233
0.361
0.314
0.448
0.041
0.268
0.488
0.093
0.126
0.884
0.361
0.583
0.88
0.311
0.002
0.577
0.483
0.35
0.382
0.834
0.391
0.371
0.748
0.516
0.329
0.648
0.973
0.281
0.989
0.694
0.533
0.276
0.622
0.635
0.139
0.287
0.491
0.562
0.306
0.78
0.95
0.428
0.523
0.865
0.806
0.474
0.335
0.652
0.065
0.424
0.158
0.841
0.991
0.094
0.885
0.879
0.056
0.299
0.383
0.517
0.684
0.216
0.689
0.273
0.74
0.259
0.803
0.106
0.055
0.972
0.595
0.269
0.817
0.872
0.956
0.124
0.048
0.994
0.299
0.172
0.304
0.036
0.671
0.113
0.414
0.658
0.967
0.099
0.467
0.314
0.589
0.131
0.348
0.105
0.501
0.394
0.841
0.092
0.671
0.188
0.162
0.851
0.121
0.214
0.565
0.647
0.88
0.064
0.134
0.499
0.979
0.403
0.994
0.672
0.601
0.758
0.806
0.967
0.469
0.115
0.267
0.031
0.039
0.556
0.603
0.203
0.21
0.395
0.304
0.929
0.324
0.706
0.025
0.102
0.086
0.325
