0.758
0.664
0.113
0.874
0.093
0.021
0.288
0.446
0.517
0.014
0.463
0.357
0.786
0.228
0.814
0.508
0.933
0.207
0.091
ERROR
0.785
0.255
0.852
0.038
0.467
0.507
0.809
0.553
0.807
0.686
0.202
0.179
0.196
0.534
0.364
0.828
0.739
0.772
0.676
0.65
0.553
0.26
0.934
0.786
0.14
0.112
0.448
0.595
0.708
0.236
0.255
0.824
0.424
0.512
0.178
0.031
0.031
0.022
0.328
0.637
0.392
0.634
0.719
0.182
0.608
0.708
0.456
0.113
0.054
0.118
0.659
0.21
0.042
0.722
0.983
0.591
0.76
0.27
0.912
0.607
0.407
0.032
0.951
0.396
0.132
0.139
0.39
0.913
0.001
0.212
0.999
0.483
0.557
0.163
0.291
0.955
0.507
0.311
0.304
0.287
0.551
0.946
0.638
0.644
0.104
0.081
0.348
0.414
0.073
0.023
0.746
0.483
0.839
0.933
0.836
0.183
0.056
0.476
0.331
0.854
0.628
0.246
0.045
0.179
0.814
0.2
0.906
0.231
0.64
0.574
0.082
0.668
0.235
0.265
0.507
0.4
0.637
0.317
0.554
0.57
0.639
0.305
0.804
0.901
0.971
0.203
0.117
0.015
0.188
0.649
0.349
0.457
0.733
0.574
0.679
0.517
0.17
0.44
0.12
0.764
0.216
0.608
0.475
0.27
0.012
0.459
0.46
0.191
0.826
0.531
0.798
0.836
0.758
0.878
0.099
0.241
0.493
0.477
0.534
0.366
0.17
0.966
0.127
0.236
0.162
0.426
0.447
0.273
0.43
0.858
0.849
0.379
0.901
0.946
0.873
0.373
0.144
0.844
0.895
0.159
