0.086
0.578
0.654
0.302
0.236
0.321
0.225
0.533
0.318
0.487
0.156
0.44
0.141
0.393
0.453
0.262
0.411
0.149
0.161
0.235
0.147
0.276
0.838
0.658
0.607
0.737
0.909
0.466
0.634
0.284
0.856
0.476
0.813
0.287
0.062
0.532
0.491
0.096
0.112
0.032
0.142
0.582
0.495
0.994
0.425
0.065
0.181
0.601
0.719
0.531
0.154
0.66
0.127
0.264
0.899
0.074
0.968
0.916
0.199
0.124
0.251
0.797
0.666
0.032
0.937
0.467
0.51
0.011
0.552
0.791
0.503
0.598
0.035
0.236
0.975
0.321
0.091
0.493
0.01
0.786
0.46
0.008
0.32
0.376
0.211
0.468
0.399
0.16
0.643
0.109
0.877
0.668
0.13
0.593
0.821
0.85
0.425
0.65
0.994
0.146
0.729
0.431
0.309
0.953
0.506
0.361
0.061
0.295
0.539
0.44
0.235
0.503
0.185
0.498
0.232
0.495
0.172
0.951
0.749
0.022
0.904
0.15
0.253
0.407
0.848
0.967
0.458
0.611
0.938
0.545
0.87
0.184
0.726
0.774
0.671
0.027
0.17
0.925
0.923
0.584
0.918
0.895
0.721
0.364
0.296
0.942
0.944
0.403
0.091
0.359
0.454
0.62
0.128
0.55
0.764
0.331
0.995
0.546
0.819
0.825
0.736
0.085
0.078
0.419
0.928
0.904
0.199
0.648
0.833
0.807
0.41
0.4
0.041
0.281
0.181
0.84
0.984
0.032
0.227
0.127
0.387
0.917
0.958
0.399
0.857
0.317
0.134
0.999
0.835
0.592
0.485
0.963
0.195
0.32
0.761
0.636
0.053
0.203
0.203
0.15
