0.876
0.796
0.473
0.513
0.13
0.255
0.942
0.041
0.104
0.598
0.598
0.965
0.044
0.531
0.715
0.542
0.306
0.693
0.607
0.629
0.052
0.066
0.56
0.545
0.63
0.33
0.316
0.818
0.462
0.463
0.031
0.635
0.547
0.39
0.699
0.736
0.298
0.088
0.32
0.053
0.987
0.45
0.019
0.15
0.623
0.508
0.651
0.84
0.43
0.197
0.745
0.264
0.947
0.242
0.772
0.411
0.19
0.94
0.97
0.877
0.911
0.099
0.303
0.115
0.87
0.783
0.341
0.213
0.47
0.847
0.469
0.567
0.706
0.843
0.327
0.645
0.999
0.196
0.793
0.138
0.391
0.301
0.365
0.888
0.391
0.946
0.199
0.215
0.934
0.224
0.898
0.848
0.173
0.306
0.309
0.364
0.094
0.866
0.703
0.398
0.687
0.171
0.08
0.359
0.322
0.31
0.768
0.589
0.031
0.999
0.451
0.8
0.372
0.643
0.856
0.451
0.632
0.823
0.395
0.021
0.89
0.037
0.159
0.082
0.373
0.382
0.28
0.878
0.67
0.714
0.388
0.039
0.348
0.75
0.648
0.524
0.614
0.365
0.252
0.779
0.711
0.385
0.525
0.666
0.053
0.877
0.414
0.036
0.951
0.154
0.897
0.861
0.042
0.305
0.633
0.098
0.012
0.413
0.527
0.036
0.916
0.969
0.094
0.371
0.214
0.787
0.586
0.123
0.194
0.896
0.43
0.65
0.661
0.909
0.495
0.559
0.623
0.557
0.627
0.869
0.132
0.787
0.367
0.138
0.755
0.158
0.698
0.119
0.482
0.439
0.708
0.011
0.028
0.564
0.929
0.989
0.535
0.983
0.765
0.785
