0.073
0.189
0.434
0.053
0.348
0.278
0.255
0.485
0.839
0.616
0.678
0.879
0.165
0.289
0.131
0.75
0.753
0.307
0.903
0.945
0.926
0.961
0.654
0.635
0.949
0.12
0.675
0.474
0.808
0.75
0.957
0.707
0.484
0.962
0.221
0.182
0.537
0.08
0.224
0.37
0.333
0.484
0.884
0.007
0.485
0.852
0.7
0.906
0.079
0.905
0.607
0.347
0.095
0.379
0.506
0.615
0.641
0.665
0.841
0.453
0.341
0.173
0.076
0.296
0.495
0.065
0.432
0.665
0.94
0.115
0.372
0.833
0.875
0.152
0.446
0.484
0.372
0.883
0.381
0.088
0.478
0.335
0.578
0.245
0.23
0.538
0.84
0.265
0.668
0.394
0.185
0.629
0.86
0.697
0.555
0.601
0.21
0.42
0.191
0.253
0.911
0.415
0.295
0.845
0.882
0.419
0.804
0.52
0.788
0.139
0.887
0.074
0.759
0.274
0.265
0.222
0.862
0.308
0.607
0.734
0.166
0.875
0.821
0.738
0.321
0.775
0.11
0.899
0.839
0.769
0
0.899
0.661
0
0.991
0.948
0.414
0.313
0.075
0.704
0.878
0.861
0.201
0.771
0.28
0.588
0.167
0.011
0.596
0.661
0.869
0.28
0.794
0.115
0.973
0.537
0.333
0.931
0.035
0.241
0.329
0.156
0.774
0.051
0.113
0.869
0.213
0.516
0.623
0.866
0.841
0.801
0.946
0.05
0.43
0.18
0.685
0.343
0.317
0.606
0.856
0.644
0.172
0.973
0.392
0.668
0.41
0.054
0.488
0.887
0.947
0
0.991
0.611
0.043
0.432
0.376
0.179
0.267
0.342
0.156
0.049
0.379
0.66
0.403
0.437
0.399
0.24
0.571
0.236
0.999
0.626
0.236
0.78
0.225
0.856
0.417
0.099
0.565
0.945
0.366
0.204
0.844
0.65
0.449
0.347
0.667
0.679
0.683
0.024
0.069
0.68
0.323
0.395
0.718
0.287
0.576
0.396
0.494
0.27
0.718
0.067
0.197
0.374
0.448
0.089
0.193
0.318
0.913
0.196
0.654
0.305
0.759
0.234
0.087
0.717
0.856
0.956
0.737
0.6
0.702
0.017
0.727
0.623
0.373
0.758
0.867
0.146
0.068
0.181
0.995
0.609
0.999
0.448
0.783
0.778
0.539
0.466
0.366
0.035
0.068
0.103
0.879
0.571
0.206
0.568
0.044
0.483
0.661
0.368
0.017
0.545
0.413
0.361
0.543
0.379
0.624
0.152
0.904
0.894
0.574
0.023
0.697
0.183
0.41
0.458
0.674
0.133
0.098
0.423
0.784
0.078
0.581
0.407
0.165
0.893
0.504
0.714
0.208
0.903
0.418
0.256
0.145
0.431
0.745
0.07
0.201
0.723
0.528
0.223
0.476
0.598
0.352
0.69
0.78
0.145
0.35
0.117
0.822
0.34
0.396
0.099
0.417
0.833
0.534
0.489
0.052
0.363
0.151
0.017
0.313
0.26
0.646
0.768
0.861
0.783
0.084
0.644
0.999
0.776
0.363
0.128
0.557
0.059
0.778
0.396
0.423
0.621
0.737
0.085
0.442
0.367
0.102
0.921
0.344
0.079
0.818
0.974
0.445
0.569
0.261
0.855
0.103
0.412
0.114
0.01
0.963
0.569
0.647
0.087
0.716
0.622
0.879
0.965
0.921
0.161
0.037
0.473
0.414
0.964
0.065
0.43
0.029
0.378
0.565
0.686
0.809
0.453
0.833
0.229
0.86
0.06
0.338
0.179
0.583
0.954
0.96
0.217
0.857
0.778
0.442
0.96
0.531
0.387
0.918
0.164
0.895
0.098
0.674
0.853
0.356
0.392
0.143
0.414
0.353
0.011
0.996
0.507
0.329
0.701
0.911
0
0.294
0.172
0.948
0.045
0.827
0.055
0.596
0.473
0.039
0.905
0.835
0.764
0.756
0.396
0.881
0.958
0.067
0.308
0.437
0.186
0.918
0.986
0.286
0.49
0.109
0.984
0.17
0.405
0.667
0.656
0.668
0.076
0.413
0.755
0.874
0.301
0.673
0.466
0.22
0.938
0.881
0.885
0.634
0.35
0.946
0.345
0.977
0.838
0.666
0.859
0.751
0.886
0.039
0.574
0.398
0.151
0.934
0.047
0.254
0.111
0.222
0.643
0.185
0.605
0.931
0.278
0.399
0.833
0.349
0.943
0.007
0.929
0
0.065
0.109
0.004
0.888
0.884
0.309
0.084
0.135
0.273
0.55
0.084
0.918
0.386
0.282
0.224
0.841
0.216
0.967
0.22
0.527
0.142
0.756
0.646
0.1
0.308
0.994
0.269
0.352
0.228
0.584
0.161
0.098
0.698
0.838
0.477
0.647
0.002
0.879
0.273
0.624
0.02
0.551
0.011
0
0.301
0.296
0.711
0.558
0.245
0.287
0.169
0.358
0.73
0.771
0.142
0.741
0.338
0.407
0.176
0.072
0.431
0.988
0.62
0.627
0.887
0.011
0.304
0.077
0.737
0.291
0.507
0.033
0.998
0.299
0.816
0.202
0.282
0.931
0.21
0.583
0.838
0.123
0.785
0.05
0.817
0.05
0.255
0.985
0.326
0.867
0.832
0.593
0.332
0.739
0.772
0.545
0.818
0.884
0.726
0.807
0.159
0.281
0.887
0.939
0.711
0.848
0.291
0.209
0.478
0.039
0.491
0.295
0.235
0.572
0.541
0.375
0.771
0.433
0.962
0.793
0.003
0.273
0.922
0.109
0.537
0.463
0.754
0.531
0.873
0.732
0.834
0.131
0.136
0.952
0.017
0.924
0.591
0.461
0.886
0.566
0.705
0.131
0.168
0.375
0.386
0.836
0.293
0.705
0.98
0.359
0.755
0.865
0.459
0.764
0.901
0.502
0.002
0.39
0.237
0.345
0.307
0.941
0.757
0.898
0.485
0.961
0.37
0.005
0.032
0.876
0.628
0.564
0.198
0.362
0.044
0.287
0.135
0.338
0.949
0.43
0.303
0.109
0.38
0.855
0.887
0.854
0.596
0.437
0.841
0.081
0.845
0.549
0.41
0.208
0.468
0.486
0.964
0.948
0.725
0.745
0.107
0.781
0.615
0.16
0.376
0.465
0.828
0.3
0.123
0.767
0.582
0.184
0.186
0.734
0.237
0.852
0.158
0.735
0.394
0.992
0.283
0.379
0.422
0.748
0.26
0.321
0.413
0.167
0.974
0.825
0.956
0.647
0.559
0.04
0.081
0.705
0.071
0.321
0.374
0.686
0.429
0.713
0.892
0.544
0.542
0.423
0.788
0.327
0.83
0.024
0.459
0.5
0.181
0.11
0.265
0.607
0.046
0.193
0.426
0.951
0.441
0.751
0.814
0.51
0.115
0.818
0.09
0.656
0.683
0.255
0.046
0.909
0.258
0.963
0.406
0.831
0.799
0.237
0.842
0.76
0.246
0.123
0.894
0.28
0.334
0.657
0.836
0.677
0.963
0.336
0.541
0.723
0.327
0.166
0.493
0.429
0.525
0.353
0.937
0.48
0.406
0.751
0.509
0.798
0.627
0.83
0.467
0.659
0.353
0.496
0.002
0.817
0.502
0.025
0.126
0.949
0
0.916
0.804
0.128
0.448
0.868
0.79
0.428
0.526
0.741
0.613
0.916
0.474
0.784
0.201
0.062
0.496
0.324
0.533
0.994
0.677
0.338
0.412
0.539
0.289
0.003
0.813
0.286
0.095
0.141
0.549
0.255
0.284
0.892
0.143
0.758
0.935
0.771
0.535
0.828
0.831
0.969
0.279
0.225
0.304
0.946
0.524
0.637
0.005
0.54
0.461
0.592
0.104
0.383
0.915
0.04
0.114
0.171
0.341
0.573
0.672
0.179
0.311
0.971
0.797
0.745
0.355
0.764
0.229
0.983
0.792
0.163
0.432
0.785
0.961
0.429
0.188
0.283
0.029
0.577
0.851
0.305
0.178
0.477
0.773
0.198
0.858
0.56
0.437
0.287
0.512
0.764
0.362
0.395
0.982
0.49
0.15
0
0.951
0.634
0.322
0.696
0.117
0.036
0.241
0.839
0.15
0.981
0.289
0.811
0.901
0.167
0.552
0.952
0.777
0.115
0.582
0.044
0.732
0.757
0.165
0.271
0.311
0.457
0.267
0.467
0.896
0.675
0.817
0.042
0.063
0.504
0.614
0.875
0.288
0.455
0.312
0.696
0.552
0.168
0.504
0.051
0.873
0.47
0.844
0.759
0.299
0.163
0.595
0.703
0.856
0.94
0.38
0.686
0.881
0.624
0.031
0.552
0.39
0.147
0.188
0.484
0.286
0.947
0.502
0.14
0.758
0.426
0.547
