0.779
0.334
0.55
0.866
0.451
0.329
0.654
0.834
0.739
0.615
0.073
0.407
0.097
0.845
0.543
0.554
0.516
0.061
0.444
0.039
0.873
0.721
0.873
0.684
0.648
0.34
0.647
0.569
0.766
0.414
0.371
0.952
0.686
0.139
0.558
0.858
0.684
0.83
0.196
0.618
0.294
0.08
0.705
0.508
0.405
0.299
0.114
0.315
0.666
0.304
0.373
0.637
0.585
0.084
0.996
0.82
0.006
0.418
0.358
0.567
0.061
0.82
0.223
0.196
0.124
0.104
0.456
0.936
0.335
0.885
0.256
0.912
0.771
0.451
0.417
0.335
0.435
0.091
0.501
0.791
0.47
0.62
0.254
0.717
0.563
0.3
0.818
0.312
0.905
0.993
0.385
0.947
0.248
0.093
0.367
0.955
0.629
0.065
0.925
0.729
0.119
0.507
0.313
0.751
0.531
0.782
0.853
0.204
0.279
0.719
0.097
0.553
0.388
0.865
0.315
0.046
0.607
0.513
0.238
0.047
0.877
0.277
0.164
0.213
0.348
0.372
0.445
0.153
0.459
0.418
0.951
0.623
0.291
0.758
0.637
0.191
0.063
0.006
0.971
0.396
0.366
0.988
0.507
0.01
0.007
0.155
0.403
0.424
0.733
0.703
0.293
0.463
0.598
0.909
0.768
0.961
0.376
0.222
0.877
0.659
0.518
0.322
0.667
0.624
0.491
0.977
0.618
0.917
0.052
0.18
0.81
0.552
0.456
0.351
0.453
0.474
0.228
0.294
0.275
0.761
0.859
0.973
0.932
0.606
0.642
0.361
0.972
0.057
0.011
0.359
0.66
0.438
0.037
0.81
0.997
0.164
0.544
0.516
0.814
0.37
0.016
0.222
0.394
0.277
0.131
0.648
0.235
0.156
0.158
0.821
0.139
0.073
0.339
0.676
0.478
0.128
0.203
0.775
0.861
0.309
0.738
0.815
0.446
0.976
0.261
0.649
0.605
0.86
0.509
0.142
0.378
0.987
0.185
0.446
0.248
0.605
0.621
0.917
0.603
0.188
0.892
0.635
0.717
0.37
0.411
0.854
0.597
0.377
0.715
0.524
0.603
0.385
0.7
0.082
0.702
0.738
0.472
0.461
0.756
0.336
0.392
0.144
0.793
0.097
0.137
0.324
0.219
0.689
0.174
0.894
0.603
0.461
0.348
0.042
0.393
0.717
0.247
0.858
0.909
0.414
0.842
0.559
0
0.539
0.801
0.202
0.116
0.507
0.806
0.42
0.292
0.827
0.144
0.282
0.656
0.297
0.097
0.894
0.486
0.546
0.473
0.636
0.599
0.958
0.407
0.729
0.326
0.217
0.842
0.462
0.45
0.625
0.02
0.029
0.978
0.721
0.821
0.441
0.344
0.418
0.245
0.928
0.921
0.81
0.312
0.317
0.86
0.724
0.132
0.068
0.216
0.258
0.768
0.393
0.453
0.565
0.392
0.684
0.673
0.405
0.197
0.111
0.363
0.203
0.444
0.367
0.377
0.87
0.852
0.487
0.619
0.028
0.836
0.893
0.977
0.394
0.7
0.216
0.904
0.928
0.62
0.24
0.34
0.944
0.012
0.121
0.356
0.415
0.436
0.818
0.076
0.352
0.352
0.63
0.079
0.713
0.586
0.179
0.402
0.004
0.085
0.429
0.544
0.787
0.306
0.638
0.611
0.902
0.704
0.544
0.44
0.108
0.929
0.61
0.232
0.989
0.764
0.111
0.554
0.945
0.23
0.793
0.658
0.821
0.074
0.522
0.245
0.595
0.971
0.471
0.96
0.852
0.105
0.919
0.283
0.157
0.334
0.723
0.236
0.506
0.678
0.093
0.391
0.432
0.297
0.953
0.305
0.644
0.819
0.331
0.672
0.448
0.209
0.738
0.282
0.435
0.348
0.273
0.608
0.967
0.89
0.549
0.319
0.814
0.882
0.605
0.365
0.68
0.996
0.647
0.338
0.342
0.787
0.001
0.673
0.496
0.138
0.738
0.639
0.817
0.911
0.513
0.452
0.922
0.852
0.557
0.232
0.889
0.308
0.956
0.656
0.058
0.78
0.484
0.29
0.903
0.049
0.716
0.936
0.975
0.566
0.196
0.878
0.019
0.945
0.097
0.67
0.085
0.019
0.497
0.212
0.099
0.857
0.775
0.723
0.849
0.991
0.263
0.802
0.778
0.819
0.948
0.535
0.925
0.241
0.062
0.772
0.314
0.07
0.951
0.441
0.236
0.973
0.039
0.762
0.295
0.554
0.941
0.47
0.994
0.644
0.206
0.391
0.588
0.165
0.303
0.424
0.927
0.447
0.217
0.397
0.843
0.038
0.189
0.133
0.82
0.548
0.28
0.415
0.061
0.48
0.648
0.443
0.546
0.502
0.822
0.679
0.247
0.772
0.717
0.722
0.476
0.178
0.905
0.089
0.025
0.421
0.792
0.509
0.591
0.914
0.056
0.52
0.36
0.629
0.161
0.853
0.038
0.868
0.532
0.196
0.091
0.706
0.78
0.168
0.035
0.287
0.598
0.634
0.732
0.517
0.437
0.657
0.966
0.718
0.256
0.003
0.31
0.156
0.628
0.882
0.334
0.45
0.437
0.982
0.897
0.918
0.811
0.196
0.363
0.043
0.378
0.981
0.628
0.351
0.145
0.516
0.742
0.257
0.815
0.448
0.065
0.3
0.331
0.735
0.953
0.427
0.564
0.163
0.623
0.281
0.229
0.236
0.368
0.413
0.793
0.388
0.24
0.63
0.35
0.429
0.772
0.637
0.55
0.002
0.439
0.89
0.276
0.683
0.538
0.654
0.593
0.084
0.963
0.403
0.564
0.582
0.48
0.871
0.761
0.31
0.977
0.807
0.822
0.102
0.605
0.84
0.277
0.247
0.258
0.203
0.034
0
0.879
0.698
0.565
0.104
0.029
0.471
0.482
0.233
0.909
0.022
0.642
0.585
0.524
0.279
0.048
0.465
0.242
0.538
0.906
0.972
0.244
0.844
0.654
0.254
0.072
0.096
0.386
0.561
0.823
0.365
0.09
0.118
0.956
0.68
0.061
0.707
0.134
0.588
0.656
0.367
0.247
0.094
0.398
0.639
0.415
0.11
0.803
0.518
0.196
0.499
0.237
0.913
0.909
0.785
0.036
0.15
0.54
0.605
0.556
0.171
0.07
0.61
0.136
0.198
0.853
0.789
0.868
0.63
0.466
0.477
0.067
0.927
0.809
0.751
0.35
0.147
0.185
0.731
0.463
0.004
0.979
0.922
0.693
0.646
0.555
0.345
0.064
0.449
0.694
0.984
0.713
0.038
0.618
0.973
0.642
0.391
0.566
0.599
0.084
0.147
0.883
0.134
0.096
0.813
0.589
0.225
0.337
0.64
0.365
0.779
0.513
0.922
0.518
0.972
0.162
0.035
0.236
0.857
0.874
0.59
0.513
0.394
0.425
0.71
0.519
0.031
0.645
0.056
0.236
0.719
0.061
0.419
0.866
0.851
0.583
0.238
0.264
0.455
0.972
0.818
0.574
0.691
0.454
0.681
0.875
0.626
0.483
0.493
0.352
0.352
0.991
0.131
0.459
0.64
0.346
0.65
0.739
0.661
0.691
0.732
0.827
0.229
0.792
0.44
0.358
0.192
0.794
0.064
0.749
0.132
0.963
0.264
0.622
0.611
0.449
0.921
0.921
0.301
0.273
0.91
0.296
0.554
0.187
0.003
0.693
0.778
0.156
0.029
0.961
0.603
0.735
0.96
0.726
0.244
0.385
0.058
0.269
0.562
0.933
0.03
0.732
0.356
0.127
0.363
0.127
0.429
0.027
0.242
0.353
0.852
0.287
0.061
0.123
0.837
0.126
0.05
0.371
0.164
0.548
0.631
0.754
0.481
0.68
0.023
0.052
0.905
0.96
0.791
0.949
0.715
0.468
0.653
0.508
0.603
0.508
0.137
0.723
0.851
0.607
0.795
0.483
0.446
0.636
0.819
0.223
0.949
0.289
0.063
0.999
0.742
0.501
0.887
0.689
0.926
0.015
0.793
0.806
0.513
0.746
0.872
0.357
0.539
0.094
0.999
0.977
0.462
0.37
0.01
0.856
0.851
0.202
0.871
0.491
0.911
0.933
0.699
0.987
0.84
0.36
0.891
0.213
0.214
0.43
0.046
0.605
0.079
0.389
0.777
0.266
0.609
0.702
0.249
0.908
0.418
0.34
0.198
0.962
0.567
0.453
0.954
0.613
0.669
0.896
0.728
0.857
0.474
0.848
0.071
0.666
0.602
0.825
0.059
0.376
0.529
0.342
0.419
0.735
0.686
0.177
0.622
0.119
0.55
0.367
0.013
0.326
0.16
0.016
0.973
0.008
0.419
0.617
0.386
0.743
0.856
0.033
0.067
0.948
