0.458
0.197
0.586
0.653
0.07
0.418
0.867
0.965
0.26
0.075
0.974
0.951
0.148
0.414
0.452
0.407
0.015
0.305
0.238
0.58
0.916
0.438
0.056
0.131
0.36
0.641
0.948
0.583
0.648
0.083
0.669
0.124
0.327
0.287
0.988
0.369
0.748
0.515
0.946
0.217
0.843
0.301
0.823
0.871
0.972
0.877
0.051
0.723
0.06
0.82
0.991
0.309
0.369
0.713
0.597
0.407
0.923
0.419
0.734
0.02
0.501
0.487
0.59
0.687
0.788
0.937
0.357
0.136
0.202
0.29
0.575
0.293
0.788
0.524
0.042
0.394
0.756
0.845
0.63
0.424
0.756
0.723
0.097
0.034
0.048
0.649
0.88
0.505
0.898
0.089
0.207
0.292
0.956
0.722
0.859
0.835
0.277
0.938
0.72
0.888
0.714
0.816
0.337
0.165
0.982
0.352
0.827
0.089
0.876
0.227
0.427
0.284
0.31
0.256
0.005
0.493
0.089
0.749
0.389
0.186
0.699
0.003
0.076
0.214
0.36
0.119
0.239
0.077
0.028
0.587
0.64
0.184
0.369
0.895
0.296
0.228
0.075
0.774
0.477
0.159
0.78
0.896
0.241
0.585
0.24
0.307
0.708
0.678
0.528
0.183
0.796
0.394
0.455
0.843
0.04
0.936
0.009
0.384
0.885
0.928
0.263
0.614
0.579
0.606
0.478
0.791
0.286
0.337
0.211
0.923
0.391
0.973
0.496
0.811
0.308
0.457
0.261
0.478
0.459
0.137
0.172
0.137
0.158
0.736
0.847
0.741
0.42
0.772
0.491
0.517
0.418
0.406
0.6
0.585
0.445
0.194
0.55
0.566
0.805
0.132
0.252
0.493
0.72
0.975
0.324
0.578
0.087
0.757
0.646
0.477
0.607
0.963
0.576
0.16
0.649
0.596
0.276
0.495
0.351
0.228
0.688
0.849
0.497
0.33
0.545
0.804
0.098
0.972
0.721
0.67
0.02
0.714
0.722
0.483
0.522
0.492
0.041
0.238
0.176
0.907
0.824
0.632
0.479
0.298
0.369
0.3
0.692
0.479
0.978
0.257
0.801
0.655
0.981
0.504
0.732
0.814
0.417
0.644
0.249
0.576
0.036
0.044
0.662
0.077
0.045
0.631
0.045
0.1
0.318
0.869
0.079
0.015
0.045
0.835
0.768
0.163
0.458
0.716
0.314
0.404
0.365
0.136
0.61
0.579
0.364
0.191
0.656
0.391
0.072
0.923
0.545
0.776
0.513
0.672
0.775
0.456
0.353
0.114
0.15
0.861
0.993
0.06
0.847
0.484
0.754
0.115
0.707
0.263
0.702
0.914
0.179
0.108
0.634
0.328
0.927
0.395
0.18
0.197
0.891
0.782
0.532
0.522
0.931
0.241
0.073
0.794
0.451
0.327
0.042
0.062
0.087
0.267
0.431
0.132
0.583
0.36
0.098
0.647
0.209
0.775
0.494
0.577
0.63
0.406
0.488
0.73
0.125
0.968
0.049
0.021
0.089
0.846
0.393
0.627
0.463
0.2
0.594
0.963
0.437
0.665
0.879
0.487
0.615
0.984
0.29
0.519
0.101
0.91
0.774
0.031
0.841
0.079
0.776
0.268
0.319
0.045
0.925
0.273
0.661
0.002
0.09
0.571
0.537
0.876
0.627
0.909
0.169
0.42
0.133
0.339
0.07
0.322
0.646
0.559
0.943
0.13
0.263
0.975
0.315
0.535
0.252
0.479
0.234
0.492
0.919
0.924
0.92
0.945
0.825
0.332
0.512
0.375
0.516
0.721
0.273
0.145
0.253
0.077
0.614
0.649
0.314
0.338
0.364
0.766
0.999
0.137
0.041
0.754
0.286
0.186
0.264
0.61
0.55
0.409
0.431
0.491
0.873
0.257
0.912
0.492
0.343
0.474
0.958
0.238
0.459
0.935
0.801
0.417
0.148
0.327
0.261
0.817
0.736
0.095
0.126
0.295
0.809
0.021
0.328
0.536
0.124
0.055
0.368
0.197
0.143
0.269
0.664
0.347
0.563
0.164
0.483
0.391
0.682
0.113
0.492
0.96
0.816
0.452
0.24
0.398
0.762
0.272
0.502
0.728
0.037
0.225
0.143
0.281
0.147
0.695
0.248
0.258
0.442
0.817
0.301
0.687
0.031
0.269
0.282
0.295
0.971
0.212
0.683
0.165
0.799
0.852
0.371
0.663
0.741
0.372
0.116
0.402
0.954
0.588
0.234
0.367
0.472
0.808
0.932
0.111
0.303
0.06
0.145
0.146
0.993
0.46
0.604
0.185
0.197
0.56
0.961
0.03
0.353
0.136
0.244
0.753
0.491
0.748
0.704
0.049
0.445
0.215
0.082
0.873
0.04
0.873
0.144
0.488
0.053
0.72
0.543
0.404
0.995
0.93
0.377
0.865
0.671
0.594
0.573
0.567
0.402
0.288
0.345
0.551
0.442
0.724
0.842
0.095
0.358
0.794
0.066
0.244
0.257
0.648
0.598
0.177
0.712
0.398
0.221
0.602
0.076
0.385
0.283
0.286
0.608
0.336
0.548
0.391
0.564
0.879
0.477
0.285
0.311
0.313
0.979
0.11
0.295
0.279
0.608
0.507
0.703
0.512
0.304
0.063
0.86
0.171
0.272
0.326
0.638
0.286
0.48
0.089
0.768
0.67
0.163
0.221
0.184
0.376
0.378
0.236
0.884
0.34
0.309
0.958
0.528
0.886
0.165
0.356
0.514
0.316
0.757
0.752
0.819
0.777
0.315
0.952
0.592
0.263
0.641
0.699
0.489
0.274
0.265
0.502
0.802
0.475
0.412
0.863
0.289
0.635
0.574
0.01
0.888
0.221
0.844
0.214
0.482
0.197
0.911
0.959
0.553
0.894
0.901
0.332
0.253
0.279
0.538
0.57
0.677
0.921
0.495
0.252
0.449
0.132
0.941
0.807
0.238
0.771
0.373
0.12
0.262
0.088
0.963
0.567
0.258
0.748
0.009
0.561
0.602
0.596
0.637
0.196
0.946
0.331
0.026
0.255
0.098
0.641
0.286
0.957
0.77
0.622
0.847
0.648
0.74
0.512
0.668
0.807
0.87
0.158
0.812
0.515
0.521
0.318
0.291
0.729
0.043
0.914
0.2
0.585
0.677
0.067
0.879
0.906
0.951
0.157
0.731
0.842
0.884
0.86
0.649
0.036
0.892
0.495
0.953
0.162
0.007
0.664
0.398
0.74
0.382
0.997
0.022
0.264
0.197
0.556
0.192
0.502
0.908
0.093
0.156
0.166
0.244
0.186
0.417
0.132
0.235
0.144
0.204
0.331
0.628
0.1
0.731
0.018
0.675
0.803
0.147
0.015
0.814
0.435
0.25
0.954
0.3
0.017
0.41
0.048
0.863
0.644
0.11
0.58
0.8
0.836
0.495
0.734
0.593
0.479
0.813
0.585
0.771
0.375
0.741
0.383
0.051
0.799
0.431
0.939
0.091
0.67
0.816
0.916
0.852
0.383
0.712
0.831
0.433
0.355
0.878
0.51
0.409
0.08
0.113
0.181
0.83
0.448
0.375
0.772
0.611
0.039
0.253
0.333
0.287
0.423
0.186
0.346
0.643
0.079
0.135
0.186
0.74
0.438
0.152
0.92
0.881
0.618
0.233
0.946
0.251
0.435
0.314
0.523
0.131
0.072
0.941
0.865
0.78
0.908
0.463
0.958
0.248
0.973
0.973
0.578
0.452
0.626
0.334
0.106
0.924
0.955
0.024
0.947
0.238
0.169
0.157
0.54
0.455
0.532
0.474
0.506
0.114
0.492
0.995
0.715
0.815
0.404
0.974
0.851
0.304
0.386
0.899
0.591
0.637
0.169
0.036
0.862
0.803
0.935
0.068
0.683
0.613
0.574
0.878
0.07
0.851
0.832
0.191
0.746
0.732
0.137
0.42
0.545
0.023
0.844
0.568
0.753
0.042
0.133
0.716
0.277
0.737
0.623
0.186
0.865
0.898
0.561
0.006
0.252
0.392
0.834
0.319
0.591
0.703
0.129
0.169
0.788
0.043
0.05
0.93
0.602
0.98
0.597
0.377
0.687
0.408
0.52
0.67
0.374
0.207
0.618
0.236
0.858
0.617
0.227
0.398
0.14
0.045
0.063
0.508
0.55
0.678
0.231
0.492
0.384
0.39
0.476
0.039
0.507
0.253
0.69
0.382
0.575
0.066
0.359
0.912
0.396
0.344
0.141
0.302
0.74
0.224
0.988
0.268
0.546
0.147
0.626
0.422
0.12
0.963
0.347
0.848
0.31
0.981
0.199
0.833
0.725
0.617
0.34
0.514
0.135
0.448
0.715
0.55
0.133
0.562
0.072
0.825
0.679
0.456
0.264
0.204
0.313
