0.695
0.141
0.612
0.837
0.424
0.23
0.493
0.802
0.853
0.384
0.096
0.571
0.804
0.909
0.356
0.748
0.518
0.989
0.308
0.129
0.914
0.848
0.318
0.536
0.846
0.794
0.162
0.302
0.418
0.977
0.157
0.662
0.287
0.358
0.257
0.517
0.017
0.494
0.038
0.657
0.635
0.345
0.372
0.823
0.637
0.645
0.815
0.264
0.226
0.165
0.422
0.465
0.639
0.721
0.567
0.535
0.148
0.983
0.206
0.964
0.463
0.436
0.022
0.6
0.458
0.351
0.472
0.3
0.576
0.417
0.853
0.012
0.772
0.968
0.813
0.984
0.198
0.438
0.034
0.517
0.079
0.796
0.648
0.998
0.881
0.972
0.604
0.578
0.43
0.043
0.645
0.45
0.084
0.781
0.269
0.396
0.923
0.503
0.516
0.567
0.059
0.066
0.262
0.418
0.541
0.305
0.349
0.004
0.234
0.182
0.352
0.842
0.667
0.908
0.868
0.368
0.989
0.581
0.587
0.831
0.089
0.447
0.612
0.693
0.588
0.388
0.02
0.608
0.059
0.102
0.07
0.69
0.859
0.929
0.607
0.937
0.634
0.413
0.71
0.964
0.336
0.832
0.753
0.448
0.361
0.675
0.839
0.604
0.481
0.945
0.538
0.672
0.158
0.778
0.233
0.823
0.97
0.19
0.661
0.206
0.86
0.56
0.548
0.311
0.542
0.628
0.889
0.081
0.774
0.232
0.976
0.159
0.186
0.522
0.943
0.529
0.157
0.931
0.571
0.352
0.289
0.761
0.274
0.057
0.359
0.339
0.788
0.89
0.735
0.9
0.982
0.859
0.291
0.465
0.63
0.378
0.554
0.459
0.062
0.68
0.951
0.905
0.209
0.371
0.01
0.533
0.975
0.395
0.504
0.251
0.67
0.518
0.424
0.555
0.255
0.393
0.507
0.449
0.855
0.117
0.308
0.239
0.336
0.72
0.559
0.03
0.777
0.148
0.036
0.212
0.097
0.907
0.454
0.736
0.904
0.705
0.275
0.012
0.745
0.209
0.709
0.678
0.46
0.302
0.598
0.203
0.928
0.376
0.903
0.901
0.488
0.051
0.444
0.6
0.613
0.838
0.916
0.512
0.138
0.955
0.54
0.144
0.689
0.959
0.373
0.007
0.432
0.534
0.417
0.235
0.822
0.711
0.076
0.616
0.731
0.808
0.966
0.002
0.255
0.444
0.074
0.012
0.887
0.306
0.859
0.549
0.308
0.408
0.798
0.565
0.846
0.871
0.859
0.526
0.083
0.587
0.038
0.49
0.651
0.077
0.229
0.045
0.321
0.473
0.885
0.71
0.234
0.523
0.448
0.918
0.407
0.349
0.366
0.166
0.399
0.448
0.653
0.866
0.553
0.053
0.925
0.253
0.8
0.866
0.416
0.824
0.058
0.212
0.383
0.05
0.317
0.547
0.112
0.764
0.841
0.12
0.868
0.173
0.869
0.067
0.358
0.558
0.365
0.169
0.748
0.258
0.829
0.979
0.323
0.076
0.853
0.036
0.252
0.903
0.386
0.981
0.431
0.936
0.383
0.262
0.889
0.461
0.029
0.609
0.437
0.243
0.321
0.621
0.157
0.851
0.76
0.195
0.366
0.215
0.327
0.274
0.816
0.009
0.549
0.09
0.663
0.157
0.191
0.241
0.196
0.979
0.35
0.687
0.155
0.111
0.305
0.458
0.41
0.914
0.471
0.42
0.791
0.22
0.241
0.825
0.776
0.647
0.74
0.138
0.217
0.023
0.614
0.621
0.146
0.795
0.497
0.167
0.729
0.714
0.367
0.428
0.136
0.383
0.861
0.24
0.397
0.876
0.111
0.572
0.807
0.394
0.437
0.429
0.545
0.169
0.445
0.166
0.66
0.464
0.509
0.201
0.776
0.827
0.517
0.419
0.827
0.597
0.358
0.089
0.849
0.311
0.35
0.358
0.169
0.164
0.812
0.771
0.406
0.087
0.089
0.948
0.849
0.016
0.069
0.474
0.106
0.552
0.824
0.653
0.826
0.018
0.703
0.218
0.765
0.729
0.167
0.894
0.399
0.891
0.773
0.587
0.349
0.649
0.574
0.46
0.398
0.986
0.733
0.078
0.642
0.987
0.162
0.272
0.051
0.01
0.515
0.543
0.558
0.877
0.485
0.741
0.932
0.808
0.163
0.576
0.611
0.756
0.534
0.708
0.06
0.01
0.459
0.632
0.648
0.754
0.009
0.327
0.127
0.397
0.115
0.416
0.339
0.529
0.668
0.42
0.651
0.474
0.87
0.19
0.445
0.819
0.301
0.736
0.592
0.954
0.632
0.458
0.335
0.452
0.694
0.301
0.781
0.842
0.419
0.857
0.253
0.759
0.866
0.578
0.517
0.183
0.737
0.16
0.698
0.272
0.32
0.051
0.527
0.472
0.263
0.157
0.664
0.265
0.379
0.252
0.642
0.789
0.171
0.977
0.771
0.731
0.688
0.716
0.949
0.306
0.32
0.339
0.123
0.705
0.215
0.177
0.416
0.613
0.497
0.538
0.223
0.996
0.758
0.749
0.437
0.977
0.787
0.977
0.807
0.92
0.198
0.788
0.607
0.388
0.318
0.95
0.828
0.538
0.861
0.636
0.944
0.46
0.859
0.945
0.822
0.108
0.123
0.066
0.459
0.304
0.391
0.763
0.508
0.37
0.143
0.021
0.413
0.513
0.038
0.644
0.12
0.956
0.034
0.259
0.123
0.462
0.524
0.588
0.965
0.683
0.103
0.963
0.204
0.838
0.829
0.138
0.23
0.465
0.839
0.573
0.356
0.966
0.083
0.232
0.128
0.871
0.309
0.807
0.128
0.127
0.12
0.274
0.206
0.12
0.993
0.265
0.732
0.243
0.358
0.652
0.212
0.928
0.039
0.547
0.29
0.33
0.446
0.954
0.853
0.429
0.217
0.945
0.415
0.906
0.021
0.822
0.235
0.449
0.019
0.029
0.172
0.914
0.837
0.986
0.034
0.428
0.667
0.434
0.796
0.277
0.725
0.266
0.326
0.366
0.305
0.001
0.884
0.736
0.06
0.168
0.304
0.009
0.942
0.12
0.994
0.184
0.16
0.542
0.563
0.583
0.877
0.959
0.821
0.046
0.138
0.071
0.587
0.547
0.383
0.907
0.065
0.079
0.253
0.693
0.915
0.685
0.39
0.687
0.398
0.401
0.219
0.108
0.886
0.882
0.781
0.243
0.988
0.744
0.961
0.559
0.168
0.619
0.692
0.303
0.378
0.617
0.276
0.311
0.704
0.316
0.477
0.024
0.643
0.776
0.46
0.911
0.908
0.188
0.921
0.444
0.818
0.542
0.575
0.666
0.99
0.166
0.047
0.081
0.075
0.177
0.989
0.971
0.765
0.678
0.214
0.642
0.303
0.477
0.782
0.007
0.919
0.148
0.754
0.102
0.07
0.435
0.436
0.508
0.625
0.839
0.392
0.804
0.217
0.808
0.0
0.377
0.438
0.903
0.949
0.265
0.703
0.01
0.993
0.27
0.914
0.829
0.839
0.478
0.0
0.399
0.034
0.237
0.108
0.206
0.876
0.396
0.379
0.567
0.267
0.099
0.281
0.108
0.049
0.279
0.32
0.312
0.549
0.802
0.172
0.78
0.494
0.787
0.255
0.226
0.553
0.108
0.894
0.135
0.306
0.467
0.568
0.108
0.295
0.877
0.295
0.884
0.766
0.314
0.961
0.299
0.363
0.929
0.773
0.025
0.592
0.37
0.746
0.243
0.265
0.357
0.133
0.619
0.967
0.849
0.606
0.97
0.501
0.165
0.1
0.746
0.408
0.732
0.463
0.479
0.513
0.12
0.972
0.84
0.305
0.014
0.22
0.72
0.15
0.973
0.652
0.136
0.186
0.389
0.271
0.714
0.274
0.87
0.161
0.849
0.271
0.997
0.966
0.241
0.17
0.679
0.249
0.657
0.25
0.375
0.687
0.897
0.306
0.134
0.486
0.026
0.426
0.422
0.008
0.253
0.598
0.466
0.065
0.781
0.575
0.179
0.586
0.065
0.265
0.002
0.295
0.481
0.05
0.215
0.556
0.912
0.819
0.392
0.119
0.629
0.028
0.837
0.73
0.645
0.497
0.18
0.251
0.381
0.022
0.329
0.169
0.404
0.867
0.095
0.2
0.652
0.881
0.306
0.263
0.438
0.249
0.293
0.919
0.086
0.256
0.519
0.925
0.426
0.753
0.085
0.322
0.143
0.512
0.699
0.853
0.647
0.582
0.63
0.286
0.537
0.835
0.428
0.282
0.832
0.843
0.186
0.898
0.573
0.22
0.738
0.994
0.983
0.083
0.042
0.375
0.895
0.651
0.465
0.863
0.207
0.551
0.248
0.161
0.903
0.99
0.616
