0.663
0.677
0.231
0.006
0.935
0.687
0.419
0.95
0.867
0.038
0.332
0.095
0.14
0.807
0.331
0.563
0.97
0.273
0.479
0.326
0.188
0.386
0.204
0.177
0.516
0.392
0.416
0.237
0.769
0.773
0.113
0.059
0.737
0.47
0.164
0.882
0.065
0.421
0.405
0.346
0.618
0.29
0.566
0.164
0.448
0.71
0.647
0.166
0.727
0.533
0.393
0.685
0.726
0.298
0.725
0.408
0.331
0.126
0.915
0.276
0.943
0.485
0.972
0.486
0.311
0.246
0.62
0.965
0.01
0.315
0.528
0.385
0.793
0.821
0.176
0.085
0.667
0.18
0.874
0.701
0.915
0.617
0.699
0.802
0.684
0.162
0.623
0.718
0.191
0.58
0.567
0.395
0.582
0.778
0.771
0.306
0.031
0.545
0.38
0.711
0.534
0.954
0.761
0.34
0.225
0.47
0.035
0.637
0.133
0.292
0.666
0.884
0.836
0.394
0.465
0.573
0.045
0.741
0.947
0.871
0.299
0.271
0.561
0.28
0.182
0.251
0.937
0.188
0.711
0.143
0.549
0.668
0.487
0.167
0.145
0.936
0.227
0.04
0.862
0.485
0.673
0.09
0.802
0.716
0.251
0.177
0.894
0.105
0.963
0.602
0.792
0.836
0.597
0.895
0.44
0.74
0.19
0.309
0.814
0.304
0.493
0.908
0.774
0.239
0.539
0.178
0.592
0.494
0.325
0.349
0.32
0.566
0.458
0.925
0.1
0.536
0.388
0.898
0.182
0.401
0.761
0.698
0.85
0.325
0.449
0.537
0.686
0.791
0.209
0.096
0.572
0.007
0.809
0.379
0.96
0.368
0.245
0.648
0.443
0.803
0.2
0.203
0.642
0.133
0.98
0.133
0.432
0.1
0.859
0.945
0.554
0.035
0.226
0.971
0.034
0.278
0.99
0.103
0.251
0.952
0.552
0.627
0.611
0.936
0.805
0.961
0.199
0.152
0.271
0.666
0.473
0.342
0.355
0.695
0.559
0.197
0.301
0.196
0.106
0.516
0.385
0.741
0.058
0.49
0.851
0.552
0.863
0.908
0.495
0.577
0.115
0.714
0.075
0.585
0.84
0.864
0.455
0.208
0.573
0.818
0.946
0.837
0.681
0.096
0.703
0.016
0.012
0.026
0.816
0.301
0.391
0.749
0.303
0.515
0.427
0.423
0.924
0.604
0.625
0.155
0.952
0.173
0.885
0.326
0.799
0.867
0.312
0.922
0.624
0.551
0.16
0.808
0.352
0.119
0.869
0.695
0.765
0.123
0.658
0.746
0.07
0.618
0.868
0.333
0.551
0.469
0.937
0.629
0.546
0.296
0.567
0.402
0.496
0.962
0.825
0.594
0.534
0.466
0.479
0.551
0.114
0.837
0.903
0.119
0.147
0.55
0.085
0.883
0.526
0.929
0.373
0.451
0.53
0.689
0.633
0.764
0.44
0.509
0.868
0.44
0.751
0.235
0.121
0.118
0.421
0.291
0.266
0.203
0.438
0.093
0.502
0.126
0.636
0.454
0.947
0.517
0.982
0.099
0.596
0.981
0.156
0.724
0.482
0.756
0.263
0.193
0.306
0.703
0.309
0.067
0.236
0.363
0.751
0.934
0.911
0.181
0.081
0.289
0.382
0.626
0.326
0.282
0.647
0.329
0.562
0.304
0.559
0.497
0.332
0.249
0.964
0.793
0.062
0.158
0.08
0.818
0.219
0.299
0.864
0.781
0.521
0.44
0.253
0.599
0.53
0.494
0.339
0.522
0.149
0.997
0.862
0.903
0.997
0.586
0.0
0.322
0.215
0.312
0.216
0.801
0.11
0.171
0.91
0.261
0.242
0.48
0.02
0.46
0.88
0.127
0.846
0.833
0.828
0.838
0.826
0.341
0.862
0.197
0.455
0.911
0.382
0.127
0.599
0.403
0.843
0.602
0.643
0.981
0.823
0.538
0.084
0.792
0.428
0.755
0.989
0.061
0.194
0.759
0.25
0.596
0.234
0.157
0.101
0.728
0.443
0.421
0.259
0.997
0.915
0.916
0.539
0.379
0.252
0.099
0.352
0.923
0.885
0.867
0.577
0.295
0.268
0.043
0.256
0.467
0.428
0.429
0.865
0.046
0.04
0.543
0.274
0.606
0.806
0.829
0.581
0.482
0.59
0.163
0.577
0.068
0.693
0.198
0.972
0.205
0.22
0.705
0.136
0.423
0.079
0.425
0.835
0.819
0.315
0.326
0.32
0.846
0.307
0.197
0.436
0.569
0.848
0.334
0.622
0.65
0.848
0.945
0.648
0.757
0.273
0.71
0.576
0.41
0.2
0.915
0.994
0.224
0.12
0.454
0.029
0.251
0.411
0.849
0.937
0.325
0.67
0.206
0.24
0.221
0.769
0.138
0.997
0.895
0.836
0.048
0.224
0.903
0.919
0.04
0.32
0.178
0.235
0.572
0.487
0.471
0.724
0.091
0.343
0.911
0.718
0.984
0.481
0.503
0.504
0.443
0.1
0.061
0.28
0.106
0.602
0.08
0.857
0.724
0.666
0.765
0.827
0.341
0.138
0.917
0.947
0.878
0.007
0.558
0.953
0.813
0.184
0.029
0.027
0.094
0.913
0.348
0.537
0.941
0.426
0.979
0.848
0.493
0.325
0.454
0.576
0.166
0.371
0.939
0.651
0.801
0.789
0.258
0.976
0.594
0.636
0.646
0.148
0.578
0.2
0.542
0.034
0.095
0.443
0.54
0.461
0.853
0.865
0.726
0.545
0.65
0.19
0.223
0.649
0.341
0.389
0.352
0.998
0.088
0.248
0.416
0.063
0.934
0.853
0.594
0.422
0.133
0.426
0.187
0.732
0.069
0.322
0.881
0.544
0.407
0.452
0.782
0.281
0.84
0.724
0.658
0.68
0.37
0.558
0.267
0.883
0.792
0.637
0.122
0.142
0.742
0.406
0.924
0.139
0.087
0.826
0.658
0.888
0.225
0.985
0.253
0.322
0.245
0.897
0.779
0.085
0.121
0.765
0.229
0.974
0.575
0.806
0.993
0.908
0.107
0.453
0.013
0.573
0.297
0.839
0.915
0.089
0.427
0.729
0.828
0.818
0.535
0.268
0.51
0.542
0.71
0.041
0.04
0.492
0.434
0.138
0.353
0.963
0.618
0.067
0.36
0.308
0.193
0.284
0.179
0.387
0.723
0.495
0.654
0.047
0.985
0.58
0.455
0.409
0.953
0.711
0.911
0.039
0.902
0.555
0.193
0.682
0.517
0.491
0.725
0.489
0.968
0.386
0.911
0.033
0.467
0.097
0.591
0.928
0.183
0.27
0.251
0.77
0.626
0
0.039
0.543
0.398
0.869
0.064
0.437
0.877
0.95
0.25
0.724
0.824
0.955
0.302
0.485
0.426
0.537
0.573
0.887
0.352
0.251
0.011
0.016
0.443
0.32
0.724
0.443
0.772
0.044
0.111
0.795
0.198
0.508
0.885
0.536
0.86
0.992
0.983
0.026
0.325
0.458
0.391
0.155
0.881
0.55
0.568
0.373
0.82
0.182
0.681
0.967
0.001
1.0
0.493
0.666
0.133
0.721
0.985
0.351
0.077
0.572
0.759
0.588
0.294
0.723
0.535
0.554
0.095
0.31
0.202
0.38
0.428
0.942
0.023
0.971
0.676
0.121
0.571
0.973
0.843
0.365
0.458
0.255
0.359
0.714
0.246
0.318
0.605
0.054
0.392
0.696
0.702
0.119
0.321
0.494
0.715
0.714
0.187
0.096
0.644
0.399
0.848
0.023
0.754
0.552
0.6
0.507
0.904
0.505
0.336
0.344
0.143
0.282
0.093
0.517
0.222
0.607
0.845
0.275
0.142
0.053
0.152
0.408
0.159
0.796
0.844
0.12
0.809
0.672
0.154
0.865
0.27
0.388
0.674
0.365
0.137
0.414
0.705
0.597
0.803
0.946
0.468
0.874
0.896
0.256
0.717
0.233
0.196
0.482
0.546
0.302
0.922
0.143
0.838
0.608
0.182
0.613
0.06
0.197
0.53
0.339
0.749
0.213
0.255
0.496
0.068
0.94
0.845
0.497
0.245
0.479
0.055
0.006
0.727
0.016
0.466
0.2
0.829
0.393
0.972
0.589
0.537
0.741
0.945
0.301
0.248
0.098
0.028
0.286
0.984
0.778
0.989
0.26
0.292
0.399
0.406
0.619
0.321
0.847
0.534
0.936
0.451
0.546
0.078
0.41
0.499
0.956
0.402
0.147
0.645
0.594
0.234
0.913
0.796
0.274
0.638
0.427
0.495
0.196
0.866
0.332
0.557
0.653
0.487
0.446
0.159
0.312
0.176
0.081
0.015
0.479
0.007
0.84
0.578
0.125
0.406
0.938
0.519
