0.964
0.241
0.719
0.258
0.844
0.105
0.392
0.829
0.722
0.866
0.051
0.297
0.968
0.726
0.611
0.196
0.902
0.483
0.24
0.0
0.893
0.176
0.166
0.325
0.785
0.686
0.812
0.81
0.297
0.109
0.624
0.715
0.621
0.33
0.15
0.82
0.481
0.166
0.2
0.673
0.197
0.781
0.806
0.578
0.848
0.464
0.487
0.457
0.479
0.957
0.555
0.455
0.481
0.184
0.807
0.362
0.662
0.338
0.004
0.062
0.9
0.201
0.824
0.48
0.411
0.606
0.932
0.292
0.101
0.94
0.642
0.829
0.492
0.375
0.787
0.463
0.044
0.336
0.31
0.888
0.429
0.677
0.109
0.493
0.579
0.907
0.441
0.928
0.16
0.011
0.977
0.378
0.705
0
0.706
0.121
0.511
0.923
0.292
0.166
0.75
0.45
0.013
0.426
0.505
0.993
0.946
0.164
0.765
0.319
0.932
0.904
0.311
0.841
0.998
0.451
0.019
0.473
0.007
0.542
0.097
0.273
0.732
0.176
0.91
0.399
0.03
0.546
0.97
0.943
0.764
0.975
0.454
0.1
0.691
0.466
0.877
0.838
0.107
0.86
0.772
0.633
0.75
0.452
0.577
0.319
0.603
0.433
0.883
0.75
0.731
0.394
0.455
0.333
0.894
0.439
0.463
0.939
0.681
0.053
0.412
0.609
0.007
0.737
0.351
0.001
0.553
0.111
0
0.4
0.448
0.944
0.359
0.108
0.822
0.722
0.881
0.987
0.43
0.251
0.326
0.134
0.485
0.005
0.207
0.456
0.951
0.366
0.096
0.483
0.618
0.85
0.089
0.301
0.673
0.015
0.872
0.361
0.572
0.972
0.814
0.835
0.976
0.501
0.672
0.013
0.677
0.117
0.823
0.446
0.285
0.363
0.612
0.008
0.304
0.864
0.924
0.432
0.528
0.254
0.118
0.034
0.833
0.304
0.733
0.296
0.917
0.607
0.545
0.801
0.008
0.759
0.368
0.268
0.845
0.524
0.175
0.396
0.267
0.6
0.15
0.046
0.619
0.695
0.484
0.085
0.685
0.051
0.521
0.919
0.592
0.723
0.132
0.063
0.976
0.185
0.174
0.844
0.122
0.562
0.458
0.396
0.437
0.717
0.713
0.489
0.168
0.836
0.416
0.082
0.236
0.938
0.629
0.103
0.232
0.099
0.315
0.383
0.984
0.649
0.101
0.618
0.782
0.823
0.648
0.738
0.356
0.523
0.147
0.935
0.245
0.007
0.426
0.781
0.979
0.022
0.857
0.686
0.367
0.53
0.467
0.406
0.972
0.609
0.77
0.835
0.658
0.497
0.598
0.231
0.225
0.247
0.65
0.05
0.648
0.695
0.466
0.826
0.025
0.841
0.63
0.374
0.537
0.207
0.789
0.071
0.289
0.047
0
0.082
0.711
0.322
0.782
0.806
0.135
0.603
0.934
0.331
0.102
0.819
0.327
0.391
0.059
0.7
0.67
0.797
0.822
0.304
0.604
0.492
0.953
0.629
0.072
0.318
0.425
0.668
0.677
0.049
0.262
0.516
0.372
0.318
0.741
0.755
0.186
0.828
0.371
0.79
0.972
0.423
0.142
0.984
0.216
0.193
0.705
0.469
0.762
0.421
0.935
0.454
0.788
0.519
0.878
0.779
0.8
0.736
0.151
0.141
0.207
0.452
0.384
0.412
0.659
0.83
0.783
0.942
0.516
0.407
0.988
0.283
0.024
0.735
0.269
0.257
0.307
0.012
0.555
0.388
0.383
0.018
0.614
0.908
0.849
0.422
0.877
0.608
0.022
0.96
0.653
0.826
0.535
0.724
0.183
0.623
0
0.482
0.376
0.124
0.178
0.525
0.775
0.08
0.711
0.342
0.623
0.057
0.069
0.799
0.221
0.292
0.8
0.769
0.461
0.622
0.067
0.496
0.967
0.514
0.059
0.307
0.58
0.659
0.387
0.945
0.078
0.981
0.124
0.873
0.581
0.638
0.63
0.49
0.896
0.117
0.139
0.706
0.822
0.214
0.666
0.175
0.943
0.76
0.072
0.627
0.21
0.276
0.307
0.289
0.041
0.04
0.264
0.2
0.964
0.685
0.203
0.814
0.161
0.971
0.882
0.758
0.28
0.299
0.643
0.737
0.456
0.746
0.68
0.427
0.126
0.472
0.147
0.534
0.453
0.2
0.529
0.811
0.843
0.656
0.096
0.266
0.067
0.683
0.687
0.829
0.022
0.213
0.458
0.313
0.855
0.455
0.437
0.601
0.694
0.896
0.005
0.997
0.067
0.844
0.969
0.669
0.701
0.473
0.472
0.961
0.291
0.328
0.863
0.607
0.652
0.671
0.982
0.582
0.921
0.505
0.332
0.509
0.913
0.917
0.95
0.775
0.573
0.056
0.17
0.114
0.238
0.64
0.753
0.396
0.508
0.857
0.022
0.624
0.68
0.543
0.821
0.822
0.958
0.21
0.733
0.493
0.507
0.367
0.948
0.545
0.443
0.882
0.586
0.197
0.48
0.525
0.604
0.269
0.088
0.054
0.41
0.533
0.76
0.076
0.632
0.841
0.907
0.945
0.246
0.578
0.501
0.952
0.397
0.24
0.728
0.852
0.513
0.181
0.786
0.082
0.267
0.053
0.487
0.053
0.823
0.926
0.265
0.6
0.689
0.792
0.529
0.094
0.033
0.882
0.707
0.108
0.922
0.616
0.967
0.106
0.066
0.687
0.943
0.271
0.357
0.888
0.886
0.95
0.79
0.933
0.864
0.755
0.52
0.909
0.647
0.017
0.649
0.902
0.615
0.82
0.673
0.917
0.044
0.169
0.67
0.53
0.998
0.852
0.397
0.376
0.814
0.03
0.165
0.069
0.967
0.64
0.105
0.673
0.735
0.215
0.563
0.338
0.55
0.622
0.966
0.426
0.727
0.018
0.872
0.632
0.907
0.391
0.656
0.692
0.925
0.04
0.663
0.068
0.5
0.39
0.291
0.512
0.187
0.047
0.364
0.881
0.766
0.954
0.344
0.561
0.836
0.436
0.208
0.249
0.024
0.672
0.116
0.751
0.439
0.037
0.232
0.782
0.652
0.188
0.84
0.814
0.244
0.842
0.212
0.891
0.123
0.758
0.893
0.797
0.851
0.644
0.059
0.869
0
0.651
0.685
1.0
0.729
0.688
0.687
0.734
0.187
0.115
0.162
0.087
0.283
0.677
0.358
0.406
0.594
0.578
0.972
0.417
0.704
0.372
0.207
0.463
0.544
0.386
0.057
0.03
0.537
0.951
0.669
0.824
0.273
0.419
0.167
0.08
0.94
0.638
0.55
0.822
0.359
0.162
0.851
0.626
0.372
0.335
0.109
0.876
0.945
0.409
0.377
0.877
0.095
0.596
0.818
0.04
0.223
0.376
0.348
0.623
0.243
0.371
0.719
0.225
0.826
0.141
0.607
0.047
0.529
0.687
0.535
0.967
0.605
0.065
0.798
0.955
0.47
0.649
0.852
0.677
0.683
0.786
0.624
0
0.491
0.792
0.72
0.63
0.932
0.557
0.987
0.695
0.08
0.018
0.237
0.713
0.712
0.663
0.898
0.473
0.105
0.223
0.255
0.348
0.864
0.741
0.347
0.389
0.981
0.063
0.399
0.978
0.782
0.426
0.124
0.4
0.129
0.133
0.363
0.09
0.658
0.162
0.162
0.85
0.827
0.516
0.935
0.25
0.6
0.46
0.169
0.312
0.65
0.201
0.785
0.11
0.541
0.452
0.417
0.298
0.55
0.418
0.618
0.037
0.2
0.201
0.86
0.302
0.338
0.308
0.956
0.232
0.093
0.095
0.912
0.809
0.528
0.172
0.808
0.398
0.82
0.959
0.913
0.988
0.941
0.808
0.581
0.495
0.949
0.22
0.983
0.682
0.869
0.968
0.433
0.911
0.064
0.914
0.41
0.827
0.122
0.685
0.697
0.844
0.45
0.09
0.091
0.688
0.467
0.982
0.21
0.11
0.604
0.222
0.997
0.061
0.548
0.615
0.768
0.339
0.253
0.33
0.495
0.751
0.042
0.69
0.555
0.157
0.23
0.431
0.246
0.678
0.876
0.36
0.393
0.106
0.213
0.071
0.778
0.885
0.97
0.021
0.329
0.482
0.726
0.107
0.473
0.315
0.658
0.012
0.618
0.252
0.902
0.502
0.969
0.002
0.208
0.303
0.965
0.567
0.862
0.038
0.489
0.396
0.574
0.625
0.643
0.888
0.917
0.648
0.597
0.046
0.953
0.059
0.16
0.724
0.084
0.714
0.626
0.935
0.364
0.769
0.424
0.861
0.82
0.262
0.207
0.053
0.236
0.497
0.201
0.304
0.3
0.048
0.596
0.047
0.379
0.864
