0.813
0.659
0.972
0.989
0.329
0.498
0.373
0.85
0.103
0.119
0.643
0.839
0.533
0.165
0.445
0.69
0.497
0.329
0.007
0.084
0.016
0.111
0.547
0.643
0.819
0.699
0.082
0.029
0.204
0.224
0.902
0.722
0.68
0.371
0.813
0.031
0.402
0.812
0.274
0.487
0.445
0.092
0.734
0.384
0.074
0.728
0.129
0.951
0.665
0.032
0.759
0.543
0.18
0.057
0.672
0.32
0.789
0.991
0.872
0.535
0.717
0.185
0.038
0.123
0.822
0.429
0.529
0.795
0.543
0.772
0.424
0.117
0.172
0.381
0.827
0.881
0.538
0.535
0.491
0.06
0.06
0.642
0.773
0.607
0.772
0.143
0.558
0.638
0.417
0.018
0.178
0.003
0.808
0.399
0.038
0.426
0.067
0.152
0.627
0.915
0.155
0.281
0.675
0.586
0.522
0.101
0.719
0.719
0.551
0.021
0.128
0.598
0.12
0.57
0.17
0.28
0.738
0.067
0.743
0.793
0.731
0.198
0.95
0.291
0.46
0.151
0.407
0.651
0.953
0.287
0.085
0.39
0.88
0.926
0.668
0.7
0.653
0.496
0.92
0.95
0.054
0.953
0.933
0.749
0.062
0.104
0.793
0.052
0.2
0.338
0.322
0.601
0.005
0.846
0.425
0.313
0.289
0.336
0.056
0.368
0.873
0.867
0.29
0.728
0.297
0.423
0.71
0.449
0.838
0.894
0.023
0.47
0.153
0.323
0.973
0.585
0.945
0.783
0.859
0.366
0.661
0.492
0.054
0.464
0.036
0.761
0.625
0.046
0.199
0.286
0.659
0.484
0.854
0.05
0.141
0.868
0.914
0.217
0.524
0.011
0.137
0.372
0.108
0.274
0.155
0.712
0.485
0.897
0.947
0.022
0.717
0.191
0.712
0.306
0.294
0.34
0.648
0.54
0.128
0.617
0.798
0.339
0.624
0.507
0.517
0.853
0.018
0.032
0.649
0.996
0.763
0.07
0.97
0.421
0.077
0.128
0.938
0.337
0.788
0.442
0.216
0.664
0.549
0.57
0.32
0.509
0.354
0.767
0.931
0.83
0.462
0.551
0.102
0.755
0.965
0.803
0.64
0.608
0.549
0.576
0.441
0.002
0.339
0.113
0.995
0.244
0.257
0.326
0.37
0.514
0.166
0.394
0.427
0.539
0.271
0.667
0.617
0.789
0.43
0.666
0.073
0.014
0.837
0.554
0.136
0.536
0.256
0.564
0.809
0.358
0.423
0.597
0.112
0.096
0.458
0.945
0.534
0.114
0.686
0.551
0.793
0.698
0.874
0.613
0.889
0.753
0.031
0.155
0.374
0.497
0.727
0.196
0.839
0.732
0.571
0.127
0.997
0.549
0.602
0.253
0.961
0.466
0.346
0.686
0.947
0.371
0.383
0.253
0.754
0.562
0.782
0.406
0.014
0.386
0.274
0.998
0.92
0.275
0.466
0.603
0.043
0.73
0.397
0.995
0.084
0.837
0.199
0.317
0.432
0.416
0.515
0.11
0.136
0.764
0.912
0.224
0.392
0.945
0.404
0.975
0.472
0.003
0.993
0.997
0.463
0.409
0.635
0.352
0.564
0.955
0.667
0.611
0.673
0.947
0.101
0.056
0.61
0.559
0.056
0.322
0.42
0.302
0.505
0.959
0.084
0.626
0.813
0.07
0.261
0.772
0.184
0.532
0.891
0.916
0.485
0.173
0.623
0.225
0.048
0.312
0.287
0.563
0.264
0.633
0.634
0.418
0.799
0.29
0.303
0.814
0.046
0.179
0.132
0.296
0.814
0.698
0.903
0.378
0.401
0.301
0.521
0.582
0.219
0.436
0.864
0.877
0.187
0.054
0.989
0.009
0.803
0.899
0.285
0.334
0.226
0.794
0.154
0.0
0.083
0.219
0.695
0.076
0.521
0.607
0.929
0.788
0.866
0.46
0.386
0.654
0.597
0.689
0.653
0.781
0.129
0.321
0.033
0.113
0.197
0.311
0.639
0.812
0.398
0.374
0.197
0.68
0.268
0.981
0.193
0.694
0.849
0.651
0.464
0.859
0.6
0.235
0.354
0.828
0.084
0.753
0.661
0.835
0.48
0.882
0.566
0.475
0.436
0.399
0.613
0.933
0.066
0.661
0.936
0.207
0.226
0.07
0.97
0.058
0.29
0.297
0.849
0.084
0.102
0.19
0.341
0.384
0.112
0.359
0.379
0.196
0.358
0.691
0.973
0.115
0.163
0.922
0.737
0.768
0.855
0.822
0.226
0.183
0.479
0.765
0.135
0.593
0.15
0.504
0.363
0.853
0.759
0.383
0.161
0.832
0.359
0.252
0.933
0.024
0.053
0.69
0.913
0.558
0.964
0.267
0.171
0.077
0.3
0.231
0.225
0.282
0.662
0.95
0.326
0.818
0.705
0.552
0.02
0.359
0.653
0.119
0.957
0.263
0.635
0.935
0.359
0.895
0.535
0
0.265
0.794
0.651
0.683
0.602
0.114
0.419
0.39
0.139
0.808
0.28
0.29
0.143
0.264
0.675
0.968
0.843
0.654
0.346
0.357
0.737
0.517
0.876
0.144
0.086
0.228
0.171
0.371
0.74
0.943
0.056
0.153
0.798
0.175
0.156
0.295
0.713
0.651
0.919
0.836
0.229
0.198
0.414
0.808
0.277
0.257
0.924
0.482
0.547
0.205
0.779
0.08
0.266
0.645
0.013
0.035
0.777
0.438
0.49
0.211
0.273
0.598
0.1
0.019
0.44
0.7
0.364
0.582
0.946
0.86
0.659
0.506
0.491
0.282
0.926
0.994
0.454
0.207
0.776
0.093
0.457
0.941
0.907
0.842
0.627
0.975
0.352
0.953
0.266
0.815
0.952
0.914
0.723
0.111
0.685
0.998
0.935
0.529
0.267
0.39
0.029
0.85
0.112
0.566
0.561
0.831
0.835
0.145
0.213
0.746
0.47
0.517
0.476
0.7
0.833
0.422
0.012
0.363
0.614
0.223
0.71
0.249
0.192
0.1
0.004
0.194
0.684
0.498
0.169
0.591
0.541
0.075
0.479
0.342
0.729
0.594
0.014
0.227
0.74
0.103
0.229
0.431
0.914
0.462
0.69
0.305
0.726
0.839
0.516
0.604
0.129
0.719
0.91
0.668
0.998
0.029
0.637
0.075
0.199
0.916
0.179
0.559
0.969
0.116
0.778
0.976
0.698
0.248
0.665
0.214
0.512
0.596
0.942
0.475
0.134
0.814
0.426
0.537
0.043
0.101
0.645
0.024
0.509
0.045
0.621
0.222
0.76
0.017
0.416
0.891
0.951
0.788
0.168
0.803
0.774
0.489
0.902
0.371
0.643
0.835
0.036
0.682
0.526
0.317
0.204
0.675
0.653
0.715
0.045
0.95
0.052
0.908
0.362
0.028
0.967
0.514
0.828
0.37
0.164
0.404
0.868
0.654
0.174
0.136
0.526
0.721
0.446
0.746
0.41
0.813
0.21
0.332
0.897
0.671
0.126
0.196
0.894
0.369
0.654
0.508
0.823
0.904
0.288
0.823
0.477
0.757
0.848
0.06
0.465
0.714
0.747
0.261
0.11
0.35
0.64
0.822
0.821
0.242
0.334
0.198
0.34
0.983
0.081
0.748
0.798
0.4
0.851
0.735
0.797
0.709
0.573
0.371
0.625
0.512
0.249
0.844
0.886
0.315
0.566
0.287
0.075
0.929
0.36
0.165
0.209
0.826
0.629
0.676
0.134
0.418
0.132
0.302
0.57
0.169
0.032
0.223
0.456
0.095
0.321
0.97
0.557
0.824
0.239
0.813
0.659
0.742
0.987
0.36
0.058
0.724
0.817
0.555
0.569
0.468
0.641
0.972
0.214
0.75
0.335
0.217
0.533
0.023
0.351
0.213
0.536
0.328
0.093
0.47
0.252
0.891
0.629
0.457
0.09
0.47
0.694
0.882
0.709
0.206
0.841
0.513
0.525
0.558
0.613
0.104
0.801
0.323
0.251
0.191
0.538
0.277
0.637
0.725
0.117
0.158
0.424
0.066
0.32
0.891
0.068
0.391
0.523
0.279
0.066
0.106
0.278
0.234
0.338
0.155
0.429
0
0.471
0.961
0.402
0.869
0.002
0.542
0.564
0.386
0.466
0.965
0.03
0.359
0.26
0.308
0.397
0.704
0.427
0.864
0.764
0.55
0.783
0.546
0.26
0.362
0.535
0.124
0.518
0.084
0.706
0.056
0.453
0.501
0.958
0.917
0.694
0.899
0.395
0.308
0.266
0.314
0.692
0.212
0.251
0.112
0.137
0.83
0.599
0.678
0.58
0.058
0.284
0.394
0.32
0.248
0.754
0.569
0.424
0.545
0.536
0.81
0.846
0.527
