0.965
0.622
0.925
0.473
0.958
0.181
0.317
0.793
0.677
0.238
0.819
0.152
0.224
0.349
0.642
0.611
0.898
0.133
0.711
0.271
0.141
0.282
0.519
0.974
0.692
0.045
0.615
0.858
0.91
0.779
0.01
0.321
0.82
0.178
0.257
0.767
0.522
0.299
0.81
0.011
0.53
0.173
0.24
0.092
0.004
0.541
0.034
0.551
0.415
0.681
0.634
0.09
0.993
0.713
0.161
0.739
0.474
0.422
0.642
0.655
0.946
0.872
0.549
0.063
0.715
0.441
0.599
0.615
0.787
0.731
0.653
0.318
0.718
0.414
0.776
0.627
0.333
0.877
0.22
0.596
0.518
0.662
0.141
0.126
0.091
0.813
0.007
0.033
0.121
0.505
0.695
0.178
0.429
0.54
0.691
0.51
0.652
0.202
0.135
0.385
0.962
0.604
0.116
0.901
0.088
0.277
0.186
0.394
0.17
0.653
0.819
0.582
0.387
0.533
0.641
0.831
0.923
0.638
0.007
0.916
0.482
0.764
0.578
0.21
0.428
0.35
0.871
0.891
0.601
0.01
0.293
0.088
0.408
0.279
0.787
0.109
0.595
0.201
0.029
0.177
0.136
0.922
0.964
0.229
0.193
0.259
0.597
0.386
0.723
0.739
0.424
0.8
0.277
0.573
0.866
0.456
0.396
0.672
0.251
0.047
0.879
0.208
0.996
0.603
0.868
0.782
0.724
0.083
0.882
0.047
0.012
0.333
0.877
0.447
0.862
0.264
0.036
0.239
0.302
0.547
0.27
0.689
0.781
0.202
0.928
0.418
0.889
0.733
0
0.814
0.464
0.057
0.94
0.976
0.414
0.144
0.912
0.146
0.202
0.441
0.052
0.13
0.98
0.681
0.012
0.335
0.509
0.098
0.384
0.686
0.678
0.198
0.461
0.077
0.961
0.339
0.559
0.126
0.566
0.731
0.6
0.836
0.722
0.743
0.313
0.561
0.993
0.498
0.566
0.005
0.62
0.052
0.094
0.731
0.236
0.727
0.663
0.646
0.193
0.713
0.807
0.334
0.105
0.211
0.136
0.968
0.012
0.474
0.639
0.523
0.929
0.157
0.719
0.25
0.54
0.668
0.36
0.901
0.77
0.162
0.339
0.398
0.341
0.153
0.227
0.083
0
0.435
0.004
0.95
0.813
0.965
0.954
0.942
0.955
0.272
0.288
0.997
0.86
0.667
0.759
0.719
0.604
0.198
0.61
0.956
0.048
0.202
0.869
0.72
0.079
0.311
0.908
0.893
0.598
0.031
0.705
0.677
0.741
0.473
0.174
0.364
0.203
0.503
0.552
0.648
0.884
0.93
0.24
0.416
0.378
0.271
0.421
0.658
0.934
0.65
0.278
0.178
0.044
0.214
0.863
0.22
0.515
0.553
0.45
0.968
0.084
0
0.407
0.325
0.8
0.697
0.925
0.315
0.34
0.054
0.114
0.184
0.801
0.519
0.002
0.036
0.402
0.803
0.29
0.64
0.676
0.064
0.524
0.424
0.154
0.836
0.112
0.609
0.9
0.139
0.179
0.071
0.559
0.621
0.354
0.578
0.89
0.78
0.368
0.019
0.518
0.614
0.139
0.284
0.214
0.488
0.46
0.869
0.364
0.714
0.094
0.143
0.261
0.012
0.672
0.617
0.087
0.948
0.859
0.05
0.127
0.415
0.253
0.242
0.361
0.457
0.204
0.753
0.304
0
0.831
0.219
0.4
0.143
0.528
0.332
0.769
0.115
0.091
0.762
0.133
0.111
0.222
0.508
0.488
0.378
0.528
0.774
0.967
0.766
0.354
0.882
0.685
0.923
0.622
0.948
0.873
0.921
0.294
0.893
0.843
0.751
0.771
0.365
0.415
0.717
0.003
0.638
0.197
0.002
0.913
0.069
0.727
0.715
0.02
0.586
0.42
0.098
0.046
0.455
0.052
0.865
0.546
0.579
0.457
0.391
0.725
0.881
0.703
0.794
0.095
0.019
0.439
0.829
0.399
0.027
0.668
0.735
0.513
0.929
0.819
0.906
0.347
0.041
0.979
0.299
0.777
0.417
0.129
0.612
0.146
0.303
0.14
0.528
0.024
0.97
0.628
0.172
0.931
0.74
0.293
0.077
0.995
0.623
0.391
0.439
0.716
0.568
0.17
0.485
0.201
0.94
0.772
0.98
0.387
0.859
0.47
0.219
0.058
0.386
0.651
0.035
0.41
0
0.132
0
0.615
0.694
0.83
0.267
0.903
0.205
0.845
0.352
0.276
0.227
0.58
0.762
0.508
0.238
0.303
0.815
0.433
0.527
0.858
0.357
0.425
0.038
0.484
0.249
0.78
0.639
0.313
0.691
0.214
0.264
0.686
0.788
0.546
0.013
0.813
0.141
0.318
0.482
0.587
0.089
0.944
0.689
0.536
0.424
0.437
0.805
0.729
0.137
0.786
0.262
0.217
0.894
0.034
0.11
0.739
0.993
0.251
0.45
0.736
0.604
0.4
0.246
0.47
0.142
0.982
0.094
0.994
0.267
0.027
0.234
0.358
0.825
0.056
0.053
0.16
0.051
0.013
0.155
0.85
0.993
0.426
0.533
0.149
0.964
0.189
0.861
0.243
0.659
0.022
0.509
0.119
0.409
0.36
0.303
0.965
0.656
0.618
0.552
0.224
0.673
0.611
0.568
0.611
0.271
0.463
0.716
0.56
0.149
0.662
0.145
0.812
0.709
0.74
0.466
0.713
0.58
0.263
0.353
0.191
0.767
0.79
0.68
0.222
0
0.996
0.567
0.56
0.269
0.626
0.794
0.115
0.494
0.378
0.033
0.355
0.458
0.946
0.495
0.514
0.671
0.126
0.931
0.66
0.078
0.494
0.165
0.948
0.104
0.59
0.235
0.821
0.943
0.6
0.85
0.512
0.0
0.238
0
0.129
0.658
0.596
0.674
0.772
0.406
0.704
0.567
0.844
0.607
0.564
0.246
0.932
0.817
0.58
0.3
0.291
0.684
0.971
0.239
0.96
0.271
0.492
0.703
0.585
0.474
0.015
0.922
0.904
0.689
0.105
0.779
0.346
0.536
0.538
0.852
0.418
0.457
0.216
0.313
0.241
0.375
0.463
0.286
0.819
0.025
0.355
0.076
0.645
0.036
0.859
0.202
0.752
0.566
0.889
0.653
0.815
0.09
0.185
0.723
0.537
0.704
0.07
0.824
0.422
0.625
0.302
0.632
0.655
0.357
0.893
0.77
0.287
0.719
0.72
0.75
0.1
0.911
0.474
0.131
0.818
0.142
0.745
0.406
0.006
0.003
0.722
0.446
0.446
0.801
0.223
0.762
0.008
0.152
0.508
0.023
0.383
0.351
0.657
0.729
0.374
0.515
0.171
0.757
0.468
0.764
0.405
0.247
0.359
0.713
0.612
0.496
0.67
0.028
0.475
0.312
0.234
0.004
0.848
0.874
0.117
0.63
0.0
0.162
0.077
0.907
0.453
0.96
0.577
0.168
0.375
0.732
0.124
0.21
0.357
0.835
0.201
0.497
0.786
0.074
0.685
0.977
0.817
0.292
0.013
0.738
0.378
0.712
0.713
0.423
0.425
0.591
0.225
0.486
0.271
0.599
0.919
0.52
0.571
0.178
0.499
0.083
0.4
0.092
0.276
0.684
0.844
0.158
0.877
0.651
0.348
0.929
0.151
0.04
0.792
0.807
0.076
0.592
0.144
0.329
0.328
0.267
0.288
0.478
0.562
0.935
0.427
0.196
0.429
0.245
0.122
0.94
0.249
0.903
0.813
0.705
0.99
0.279
0.099
0.626
0.572
0.117
0.618
0.836
0.265
0.624
0.014
0.994
0.734
0.753
0.478
0.156
0.665
0.766
0.408
0.038
0.003
0.75
0.154
0.577
0.404
0.639
0.523
0.709
0.231
0.586
0.501
0.882
0.93
0.334
0.55
0.292
0.724
0.795
0.592
0.844
0.422
0.944
0.326
0.103
0.737
0.408
0.384
0.966
0.31
0.792
0.49
0.795
0.007
0.861
0.375
0.254
0.978
0.015
0.954
0.858
0.664
0.297
0.542
0.761
0.25
0.728
0.713
0.753
0.511
0.058
0.996
0.891
0.841
0.438
0.825
0.092
0.998
0.35
0.946
0.552
0.462
0.67
0.025
0.582
0.391
0.423
0.436
0.265
0.551
0.777
0.718
0.388
0.732
0.63
0.582
0.076
0.705
0.02
0.657
0.57
0.072
0.388
0.986
0.275
0.483
0.857
0.162
0.24
0.126
0.132
0.552
0.718
0.509
0.454
0.288
0.415
0.895
0.636
0.534
0.429
0.182
0.76
0.616
0.555
0.502
0.121
0.8
0.347
0.787
0.3
0.424
0.293
0.928
0.813
