0.001
0.393
0.939
0.945
0.283
0.805
0.187
0.121
0.783
0.791
0.727
0.216
0.877
0.097
0.298
0.146
0.358
0.963
0.802
0.17
0.817
0.057
0.958
0.035
0.595
0.227
0.873
0.817
0.561
0.494
0.472
0.226
0.153
0.881
0.988
0.955
0.725
0.273
0.616
0.569
0.399
0.591
0.325
0.595
0.794
0.552
0.716
0.526
0.763
0.646
0.391
0.052
0.933
0.68
0.912
0.135
0.827
0.922
0.196
0.734
0.662
0.05
0.853
0.121
0.111
0.884
0.061
0.046
0.151
0.862
0.303
0.803
0.249
0.211
0.209
0.625
0.697
0.464
0.835
0.756
0.77
0.708
0.032
0.842
0.42
0.424
0.633
0.209
0.668
0.594
0.804
0.77
0.166
0.308
0.534
0.706
0.126
0.261
0.928
0.268
0.749
0.836
0.605
0.631
0.781
0.345
0.323
0.506
0.672
0.769
0.212
0.55
0.087
0.225
0.432
0.391
0.584
0.09
0.866
0.558
0.58
0.61
0.999
0.012
0.657
0.71
0.221
0.266
0.522
0.458
0.758
0.31
0.01
0.015
0.823
0.529
0.529
0.039
0.618
0.71
0.783
0.679
0.501
0.182
0.985
0.255
0.017
0.864
0.656
0.236
0.715
0.449
0.239
0.952
0.343
0.093
0.364
0.568
0.171
0.14
0.591
0.806
0.846
0.365
0.384
0.563
0.256
0.436
0.808
0.551
0.948
0.456
0.01
0.253
0.054
0.365
0.28
0.666
0.018
0.786
0.477
0.751
0.251
0.504
0.577
0.75
0.645
0.462
0.064
0.088
0.279
0.306
0.228
0.651
0.902
0.846
0.653
0.203
0.543
0.021
0.304
0.549
0.845
0.157
0.68
0.159
0.423
0.718
0.136
0.989
0.618
0.593
0.644
0.978
0.164
0.369
0.66
0.46
0.085
0.68
0.093
0.332
0.556
0.072
0.553
0.607
0.858
0.896
0.646
0.715
0.618
0.652
0.04
0.401
0.27
0.294
0.857
0.1
0.537
0.741
0.258
0.437
0.735
0.818
0.339
0.016
0.866
0.607
0.888
0.82
0.901
0.653
0.008
0.64
0.059
0.776
0.282
0.239
0.109
0.736
0.472
0.115
0.717
0.953
0.986
0.659
0.99
0.509
0.742
0.089
0.216
0.501
0.715
0.042
0.12
0.757
0.343
0.264
0.67
0.31
0.722
0.83
0.515
0.196
0.092
0.209
0.507
0.903
0.63
0.758
0.379
0.347
0.678
0.328
0.6
0.359
0.771
0.116
0.707
0.018
0.399
0.82
0.849
0.337
0.2
0.857
0.033
0.224
0.013
0.414
0.793
0.192
0.481
0.112
0.413
0.11
0.16
0.758
0.061
0.025
0.68
0.665
0.837
0.548
0.151
0.058
0.097
0.439
0.709
0.563
0.33
0.164
0.713
0.698
0.247
0.928
0.594
0.057
0.236
0.106
0.557
0.951
0.285
0.627
0.619
0.575
0.38
0.226
0.213
0.715
0.836
0.817
0.446
0.517
0.747
0.865
0.224
0.082
0.053
0.617
0.812
0.026
0.516
0.361
0.544
0.418
0.346
0.177
0.109
0.886
0.131
0.851
0.658
0.817
0.189
0.438
0.883
0.256
0.529
0.729
0.744
0.958
0.745
0.201
0.571
0.473
0.972
0.238
0.12
0.26
0.877
0.666
0.061
0.06
0.646
0.227
0.893
0.887
0.963
0.813
0.95
0.855
0.102
0.227
0.73
0.76
0.071
0.706
0.246
0.196
0.141
0.067
0.006
0.725
0.141
0.53
0.376
0.094
0.309
0.735
0.315
0.979
0.97
0.434
0.815
0.714
0.808
0.97
0.063
0.002
0.755
0.219
0.315
0.819
0.494
0.832
0.561
0.975
0.767
0.053
0.848
0.808
0.179
0.413
0.966
0.167
0.436
0.667
0.672
0.162
0.503
0.553
0.767
0.376
0.668
0.333
0.583
0.62
0.456
0.184
0.437
0.985
0.282
0.021
0.413
0.604
0.344
0.102
0.82
0.681
0.504
0.233
0.59
0.686
0.404
0.814
0.958
0.483
0.655
0.637
0.603
0.445
0.818
0.914
0.642
0.838
0.354
0.596
0.675
0.953
0.916
0.812
0.988
0.859
0.005
0.244
0.477
0.872
0.824
0.816
0.75
0.014
0.559
0.805
0.374
0.448
0.573
0.439
0.546
0.091
0.851
0.885
0.958
0.48
0.433
0.726
0.252
0.028
0.173
0.605
0.089
0.784
0.341
0.734
0.933
0.847
0.258
0.429
0.556
0.472
0.496
0.971
0.037
0.315
0.822
0.076
0.519
0.687
0.44
0.779
0.134
0.341
0.785
0.095
0.922
0.745
0.545
0.806
0.416
0.174
0.798
0.341
0.457
0.314
0.205
0.743
0.5
0.003
0.12
1.0
0.343
0.026
0.959
0.263
0.54
0.641
0.101
0.404
0.217
0.752
0.8
0.997
0.034
0.061
0.961
0.716
0.189
0.145
0.71
0.896
0.752
0.608
0.006
0.985
0.409
0.226
0.781
0.909
0.995
0.917
0.97
0.049
0.149
0.522
0.478
0.186
0.879
0.503
0.537
0.538
0.83
0.598
0.229
0.129
0.302
0.448
0.993
0.651
0.588
0.731
0.327
0.728
0.135
0.134
0.311
0.211
0.357
0.711
0.191
0.253
0.971
0.902
0.137
0.254
0.528
0.533
0.554
0.76
0.329
0.729
0.44
0.887
0.813
0.886
0.337
0.575
0.355
0.211
0.575
0.104
0.074
0.225
0.199
0.497
0.456
0.418
0.169
0.724
0.17
0.507
0.678
0.634
0.468
0.83
0.091
0.441
0.188
0.933
0.357
0.961
0.284
0.885
0.342
0.319
0.225
0.213
0.551
0.001
0.397
0.488
0.909
0.041
0.576
0.887
0.296
0.595
0.739
0.705
0.037
0.402
0.094
0.301
0.172
0.494
0.265
0.718
0.266
0.719
0.1
0.172
0.168
0.452
0.675
0.231
0.788
0.833
0.816
0.309
0.468
0.874
0.166
0.68
0.634
0.85
0.482
0.461
0.238
0.43
0.354
0.887
0.006
0.46
0.542
0.515
0.291
0.865
0.122
0.241
0.584
0.31
0.701
0.585
0.192
0.707
0.67
0.068
0.856
0.918
0.011
0.429
0.763
0.202
0.885
0.336
0.21
0.737
0.773
0.437
0.316
0.856
0.168
0.351
0.363
0.69
0.073
0.459
0.155
0.51
0.248
0.485
0.036
0.041
0.805
0.17
0.99
0.889
0.444
0.848
0.561
0.079
0.423
0.39
0.05
0.772
0.58
0.301
0.283
0.92
0.33
0.991
0.416
0
0.515
0.847
0.456
0.886
0.09
0.507
0.745
0.479
0.563
0.156
0.626
0.862
0.024
0.342
0.516
0.75
0.383
0.712
0.667
0.285
0.535
0.734
0.829
0.121
0.166
0.433
0.654
0.783
0.443
0.821
0.039
0.843
0.324
0.406
0.074
0.13
0.957
0.414
0.381
0.098
0.953
0.961
0.932
0.385
0.88
0.691
0.749
0.254
0.696
0.02
0.312
0.884
0.399
0.978
0.324
0.483
0.227
0.156
0.034
0.595
0.161
0.916
0.555
0.044
0.631
0.852
0.941
0.748
0.105
0.819
0.867
0.324
0.534
0.296
0.171
0.085
0.209
0.99
0.986
0.359
0.115
0.471
0.275
0.148
0.866
0.367
0.317
0.013
0.201
0.069
0.153
0.719
0.39
0.26
0.21
0.804
0.197
0.72
0.632
0.724
0.026
0.056
0.727
0.002
0.88
0.416
0.624
0.481
0.456
0.289
0.08
0.736
0.021
0.573
0.732
0.794
0.221
0.449
0.46
0.514
0.801
0.298
0.239
0.653
0.214
0.115
0.199
0.175
0.18
0.348
0.694
0.981
0.505
0.54
0.344
0.612
0.964
0.205
0.858
0.865
0.287
0.543
0.086
0.639
0.621
0.06
0.426
0.209
0.567
0.138
0.448
0.176
0.642
0.64
0.827
0.581
0.091
0.079
0.135
0.326
0.703
0.572
0.231
0.485
0.606
0.775
0.592
0.72
0.747
0.617
0.165
0.385
0.628
0.853
0.613
0.246
0.938
0.608
0.669
0.266
0.631
0.291
0.393
0.138
0.936
0.665
0.904
0.024
0.315
0.126
0.271
0.352
0.087
0.895
0.32
0.457
0.258
0.362
0.27
0.689
0.587
0.291
0.028
0.453
0.419
0.302
0.613
0.214
0.463
0.571
0.433
0.97
0.802
0.035
0.091
0.293
0.532
0.115
0.907
0.847
0.723
0.945
0.313
0.397
0.908
0.118
0.408
0.122
