0.594
0.013
0.204
0.047
0.504
0.33
0.338
0.777
0.089
0.567
0.416
0.612
0.065
0.247
0.278
0.653
0.306
0.43
0.229
0.856
0.003
0.136
0.723
0.403
0.671
0.621
0.09
0.376
0.035
0.628
0.986
0.479
0.06
0.711
0.792
0.626
0.552
0.106
0.923
0.346
0.815
0.616
0.323
0.436
0.806
0.611
0.606
0.986
0.865
0.462
0.563
0.441
0.343
0.402
0.261
0.781
0.733
0.524
0.585
0.537
0.335
0.716
0.709
0.229
0.718
0.41
0.781
0.93
0.928
0.739
0.191
0.028
0.307
0.18
0.646
0.035
0.109
0.094
0.662
0.954
0.724
0.627
0.489
0.552
0.149
0.912
0.831
0.928
0.201
0.047
0.032
0.394
0.322
0.273
0.505
0.97
0.927
0.505
0.072
0.801
0
0.031
0.608
0.415
0.988
0.338
0.563
0.659
0.388
0.5
0.843
0.737
0.056
0.391
0.382
0.817
0.246
0.516
0.507
0.734
0.244
0.902
0.193
0.204
0.429
0.429
0.314
0.089
0.966
0.129
0.346
0.348
0.39
0.441
0.377
0.798
0.366
0.595
0.71
0.865
0.993
0.999
0.235
0.614
0.661
0.504
0.742
0.565
0.684
0.594
0.541
0.383
0.78
0.341
0.071
0.339
0.573
0.206
0.945
0.692
0.303
0.307
0.431
0.221
0.635
0.415
0.206
0.256
0.203
0.967
0.965
0.947
0.751
0.94
0.782
0.526
0.878
0.134
0.574
0.356
0.653
0.719
0.341
0.273
0.249
0.464
0.02
0.766
0.533
0.353
0.595
0.68
0.192
0.778
0.042
0.47
0.786
0.242
0.126
0.647
0.874
0.143
0.444
0.185
0.649
0.434
0.056
0.055
0.735
0.376
0.508
0.65
0.492
0.529
0.103
0.33
0.707
0.236
0.908
0.1
0.199
0.01
0.505
0.675
0.758
0.802
0.529
0.074
0.614
0.721
0.208
0.689
0.175
0.744
0.813
0.801
0.193
0.741
0.324
0.193
0.163
0.295
0.519
0.359
0.999
0.094
0.758
0.15
0.841
0.357
0.794
0.977
0.025
0.94
0.002
0.485
0.056
0.073
0.844
0.109
0.515
0.604
0.47
0.563
0.608
0.11
0.464
0.324
0.59
0.658
0.372
0.473
0.304
0.983
0.881
0.529
0.927
0.209
0.937
0.833
0.358
0.19
0.384
0.396
0.924
0.78
0.139
0.01
0.026
0.775
0.129
0.312
0.567
0.815
0.523
0.972
0.376
0.676
0.497
0.305
0.622
0.031
0.677
0.827
0.677
0.186
0.153
0.176
0.392
0.273
0.244
0.615
0.889
0.384
0.279
0.495
0.775
0.847
0.089
0.504
0.004
0.385
0.993
0.046
0.471
0.275
0.282
0.799
0.228
0.352
0.627
0.091
0.331
0.563
0.509
0.33
0.676
0.654
0.962
0.335
0.915
0.687
0.129
0.343
0.768
0.768
0.138
0.153
0.599
0.593
0.83
0.626
0.824
0.815
0.499
0.136
0.443
0.566
0.117
0.618
0.838
0.832
0.806
0.674
0.518
0.34
0.648
0.361
0.896
0.432
0.808
0.602
0.024
0.125
0.811
0.818
0.209
0.039
0.527
0.743
0.058
0.16
0.919
0.048
0.459
0.467
0.973
0.154
0.917
0.611
0.345
0.38
0.852
0.734
0.682
0.486
0.083
0.969
0.534
0.783
0.516
0.195
0.203
0.824
0.534
0.373
0.334
0.228
0.168
0.903
0.134
0.605
0.983
0.082
0.626
0.316
0.72
0.943
0.646
0.161
0.069
0.649
0.867
0.122
0.754
1.0
0.644
0.322
0.526
0.627
0.34
0.253
0.285
0.426
0.645
0.875
0.263
0.479
0.988
0.722
0.099
0.308
0.162
0.564
0.703
0.979
0.987
0.719
0.197
0.166
0.419
0.922
0.194
0.155
0.393
0.52
0.197
0.549
0.5
0.525
0.895
0.161
0.632
0.261
0.232
0.432
0.364
0.789
0.199
0.337
0.008
0.081
0.647
0.88
0.995
0.514
0.61
0.772
0.773
0.517
0.703
0.707
0.152
0.465
0.794
0.077
0.27
0.138
0.202
0.616
0.911
0.833
0.093
0.564
0.922
0.621
0.42
0.753
0.971
0.258
0.286
0.21
0.446
0.227
0.991
0.978
0.158
0.28
0.732
0.556
0.285
0.733
0.118
0.534
0.887
0.315
0.442
0.63
0.915
0.354
0.268
0.406
0.964
0.342
0.139
0.047
0.307
0.487
0.264
0.644
0.965
0.557
0.959
0.848
0.715
0.792
0.94
0.396
0.029
0.339
0.686
0.295
0.777
0.529
0.611
0.459
0.071
0.49
0.534
0.885
0.158
0.843
0.47
0.932
0.575
0.295
0.844
0.596
0.394
0.953
0.792
0.926
0.533
0.462
0.474
0.263
0.223
0.421
0.212
0.006
0.302
0.766
0.718
0.379
0.758
0.916
0.071
0.567
0.235
0.867
0.607
0.848
0.966
0.366
0.513
0.978
0.1
0.918
0.327
0.509
0.455
0.905
0.992
0.907
0.087
0.507
0.334
0.536
0.749
0.883
0.714
0.787
0.216
0.201
0.633
0.108
0.084
0.485
0.687
0.315
0.627
0.272
0.052
0.889
0.833
0.311
0.356
0.333
0.911
0.575
0.897
0.25
0.626
0.932
0.726
0.77
0.84
0.598
0.521
0.602
0.032
0.007
0.873
0.796
0.001
0.19
0.999
0.104
0.718
0.945
0.932
0.043
0.76
0.347
0.703
0.454
0.132
0.37
0.127
0.48
0.321
0.784
0.951
0.323
0.892
0.866
0.937
0.12
0.658
0.665
0.902
0.266
0.117
0.735
0.932
0.799
0.696
0.219
0.249
0.132
0.968
0.09
0.76
0.399
0.994
0.911
0.063
0.645
0.894
0.259
0.626
0.383
0.971
0.263
0.502
0.815
0.862
0.307
0.379
0.92
0.939
0.445
0.936
0.694
0.129
0.601
0.146
0.033
0.278
0.533
0.901
0.78
0.335
0.777
0.984
0.453
0.686
0.237
0.42
0.349
0.183
0.053
0.897
0.682
0.805
0.339
0.619
0.854
0.654
0.164
0.692
0.333
0.875
0.594
0.308
0.201
0.562
0.373
0.595
0.756
0.056
0.501
0.432
0.503
0.722
0.135
0.598
0.975
0.707
0.421
0.552
0.567
0.357
0.637
0.93
0.824
0.044
0.385
0.416
0.089
0.539
0.444
0.984
0.845
0.311
0.468
0.652
0.363
0.788
0.934
0.268
0.973
0.734
0.051
0.581
0.608
0.115
0.907
0.992
0.735
0.78
0.495
0.6
0.076
0.843
0.523
0.955
0.853
0.811
0.538
0.178
0.498
0.479
0.283
0.432
0.883
0.768
0.658
0.934
0.26
0.497
0.48
0.228
0.485
0.244
0.687
0.054
0.981
0.351
0.559
0.114
0.888
0.088
0.921
0.452
0.887
0.466
0.74
0.11
0.352
0.605
0.884
0.737
0.078
0.279
0.422
0.992
0.207
0.952
0.052
0.488
0.426
0.687
0.599
0.858
0.769
0.578
0.658
0.27
0.946
0.929
0.163
0.817
0.885
0.698
0.694
0.34
0.215
0.708
0.301
0.292
0.385
0.15
0.531
0.534
0.122
0.967
0.754
0.357
0.465
0.259
0.334
0.025
0.727
0.765
0.756
0.355
0.242
0.233
0.864
0.821
0.543
0.844
0.874
0.603
0.01
0.089
0.894
0.158
0.338
0.233
0.832
0.523
0.904
0.239
0.088
0.595
0.537
0.084
0.943
0.327
0.353
0.95
0.97
0.823
0.609
0.424
0.516
0.425
0.583
0.531
0.811
0.705
0.643
0.434
0.43
0.038
0.485
0.403
0.427
0.394
0.025
0.037
0.721
0.301
0.127
0.108
0.713
0.929
0.629
0.428
0.121
0.798
0.797
0.391
0.013
0.001
0.974
0.197
0.53
0.634
0.852
0.127
0.418
0.654
0.534
0.358
0
0.219
0.463
0.138
0.394
0.818
0.626
0.476
0.216
0.306
0.5
0.469
0.649
0.985
0.849
0.287
0.723
0.69
0.175
0.355
0.664
0.23
0.754
0.988
0.845
0.177
0.561
0.282
0.272
0.552
0.402
0.192
0.79
0.56
0.868
0.083
0.068
0.765
0.586
0.747
0.236
0.751
0.774
0.901
0.272
0.414
0.8
0.015
0.982
0.564
0.856
0.072
0.737
0.542
0.835
0.533
0.751
0.75
0.402
0.056
0.135
0.617
0.403
0.885
0.04
0.944
0.02
0.83
0.051
0.711
0.188
0.366
0.913
