0.407
0.71
0.04
0.512
0.074
0.025
0.03
0.984
0.029
0.235
0.465
0.765
0.195
0.031
0.39
0.638
0.418
0.259
0.343
0.682
0.674
0.258
0.977
0.891
0.984
0.871
0.605
0.001
0.865
0.853
0.038
0.373
0.318
0.311
0.426
0.742
0.215
0.604
0.979
0.203
0.677
0.105
0.093
0.549
0.363
0.623
0.104
0.453
0.766
0.99
0.331
0.724
0.117
0.521
0.419
0.237
0.018
0.161
0.132
0.219
0.786
0.52
0.884
0.972
0.527
0.897
0.247
0.841
0.664
0.686
0.717
0.801
0.773
0.267
0.342
0.328
0.029
0.451
0.949
0.163
0.992
0.567
0.373
0.551
0.309
0.569
0.744
0.217
0.14
0.808
0.328
0.666
0.247
0.982
0.035
0.794
0.464
0.222
0.746
0.986
0.841
0.935
0.867
0.24
0.167
0.415
0.404
0.957
0.304
0.087
0.117
0.779
0.317
0.184
0.822
0.472
0.243
0.787
0.352
0.336
0.539
0.885
0.528
0.979
0.016
0.312
0.706
0.43
0.295
0.633
0.52
0.605
0.347
0.572
0.057
0.904
0.828
0.272
0.15
0.043
0.412
0.216
0.614
0.459
0.782
0.946
0.092
0.934
0.377
0.05
0.501
0.159
0.189
0.802
0.292
0.258
0.009
0.368
0.097
0.377
0.502
0.573
0.776
0.931
0.714
0.43
0.889
0.303
0.521
0.645
0.553
0.618
0.875
0.982
0.15
0.034
0.296
0.937
0.05
0.683
0.974
0.148
0.525
0.666
0.982
0.959
0.865
0.573
0.993
0.11
0.346
0.772
0.69
0.899
0.42
0.712
0.327
0.507
0.49
0.82
0.91
0.55
0.301
0.739
0.179
0.286
0.599
0.706
0.003
0.523
0.597
0.86
0.514
0.843
0.952
0.485
0.046
0.331
0.224
0.011
0.27
0.812
0.684
0.525
0.698
0.879
0.91
0.567
0.659
0.425
0.291
0.801
0.301
0.457
0.159
0.54
0.032
0.645
0.733
0.644
0.12
0.995
0.594
0.285
0.027
0.861
0.924
0.759
0.318
0.824
0.582
0
0.502
0.652
0.529
0.92
0.35
0.837
0.876
0.056
0.201
0.517
0.467
0.573
0.18
0.048
0.812
0.97
0.932
0.647
0.42
0.396
0.261
0.783
0.853
0.578
0.245
0.723
0.727
0.141
0.039
0.592
0.242
0.832
0.91
0.103
0.578
0.566
0.36
0.864
0.505
0.067
0.421
0.952
0.787
0.391
0.429
0.739
0.133
0.149
0.187
0.327
0.111
0.131
0.15
0.701
0.279
0.36
0.965
0.19
0.007
0.407
0.924
0.694
0.223
0.934
0.963
0.081
0.006
0.738
0.333
0.035
0.867
0.07
0.035
0.549
0.432
0.456
0.028
0.537
0.125
0.79
0.592
0.758
0.243
0.403
0.364
0.777
0.306
0.836
0.706
0.63
0.501
0.433
0.174
0.69
0.713
0.525
0.958
0.619
0.993
0.175
0.336
0.03
0.314
0.843
0.129
0.189
0.573
0.598
0.739
0.049
0.771
0.793
0.945
0.972
0.262
0.402
0.395
0.232
0.51
0.296
0.107
0.885
0.763
0.88
0.761
0.752
0.692
0.664
0.547
0.391
0.87
0.585
0.471
0.015
0.085
0.067
0.58
0.139
0.845
0.333
0.464
0.995
0.829
0.692
0.041
0.77
0.767
0.271
0.325
0.758
0.36
0.664
0.178
0.388
0.458
0.661
0.031
0.941
0.645
0.012
0.076
0.88
0.029
0.656
0.19
0.83
0.153
0.662
0.738
0.741
0.887
0.852
0.922
0.842
0.859
0.412
0.118
0.275
0.422
0.236
0.958
0.003
0.444
0.466
0.515
0.52
0.771
0.399
0.777
0.979
0.965
0.576
0.704
0.811
0.745
0.97
0.22
0.934
0.455
0.552
0.601
0.693
0.836
0.657
0.096
0.954
0.994
0.796
0.284
0.895
0.804
0.009
0.434
0.135
0.997
0.491
0.922
0.871
0.778
0.316
0.191
0.359
0.454
0.351
0.466
0.397
0.832
0.507
0.944
0.085
0.499
0.372
0.277
0.379
0.608
0.64
0.49
0.199
0.241
0.353
0.492
0.702
0.512
0.857
0.118
0.344
0
0.729
0.309
0.946
0.316
0.572
0.864
0.21
0.606
0.06
0.213
0.416
0.795
0.854
0.886
0.306
0.832
0.719
0.655
0.896
0.612
0.684
0.181
0.739
0.21
0.176
0.205
0.973
0.269
0.398
0.119
0.191
0.478
0.38
0.283
0.317
0.14
0.756
0.538
0.782
0.669
0.825
0.996
0.698
0.038
0.962
0.899
0.179
0.252
0.053
0.039
0.089
1.0
0.499
0.22
0.049
0.769
0.652
0.366
0.115
0.461
0.884
0.248
0.512
0.87
0.956
0.056
0.28
0.385
0.372
0.534
0.657
0.504
0.148
0.828
0.356
0.592
0.755
0.553
0.362
0.487
0.778
0.202
0.483
0.945
0.087
0.732
0.979
0.888
0.087
0.457
0.222
0.01
0.463
0.596
0.418
0.873
0.747
0.324
0.931
0.338
0.053
0.005
0.498
0.554
0.871
0.217
0.081
0.175
0.962
0.545
0.165
0.118
0.936
0.737
0.933
0.254
0.423
0.799
0.924
0.512
0.587
0.345
0.702
0.006
0.783
0.424
0.756
0.41
0.253
0.534
0.65
0.615
0.049
0.709
0.802
0.17
0.346
0.13
0.895
0.424
0.455
0.237
0.594
0.211
0.691
0.242
0.519
0.638
0.424
0.86
0.665
0.831
0.506
0.979
0.469
0.936
0.396
0.176
0.373
0.738
0.245
0.293
0.846
0.06
0.761
0.02
0.138
0.099
0.214
0.243
0.866
0.097
0.861
0.5
0.474
0.793
0.81
0.462
0.016
0.305
0.084
0.339
0.576
0.488
0.84
0.558
0.378
0.031
0.992
0.034
0.788
0.129
0.301
0.683
0.032
0.443
0.213
0.192
0.943
0.176
0.962
0.397
0.585
0.492
0.303
0.573
0.989
0.04
0.121
0.874
0.964
0.404
0.728
0.909
0.772
0.693
0.01
0.107
0.558
0.34
0.106
0.572
0.235
0.615
0.083
0.475
0.705
0.05
0.443
0.564
0.722
0.236
0.593
0.303
0.114
0.083
0.138
0.671
0.175
0.234
0.828
0.682
0.775
0.933
0.575
0.724
0.003
0.41
0.261
0.314
0.663
0.314
0.152
0.527
0.316
0.773
0.829
0.589
0.775
0.113
0.236
0.241
0.302
0.118
0.049
0.734
0.04
0.207
0.154
0.461
0.358
0.18
0.581
0.515
0.634
0.444
0.043
0.687
0.353
0.878
0.233
0.848
0.043
0.358
0.195
0.756
0.945
0.776
0.801
0.701
0.871
0.507
0.213
0.382
0.757
0.139
0.352
0.859
0.774
0.326
0.516
0.848
0.014
0.378
0.162
0.727
0.073
0.067
0.637
0.424
0.595
0.938
0.644
0.71
0.054
0.04
0.048
0.98
0.03
0.393
0.118
0.524
0.597
0.48
0.395
0.073
0.656
0.679
0.541
0.816
0.585
0.57
0.32
0.335
0.751
0.112
0.906
0.283
0.383
0.564
0.62
0.766
0.007
0.329
0.388
0.831
0.711
0.909
0.407
0.231
0.463
0.802
0.757
0.351
0.052
0.698
0.509
0.781
0.515
0.555
0.07
0.991
0.279
0.703
0.673
0.193
0.799
0.898
0.529
0.329
0.568
0.373
0.028
0.307
0.551
0.318
0.855
0.532
0.814
0.391
0.885
0.839
0.013
0.29
0.981
0.052
0.7
0.391
0.469
0.623
0.573
0.795
0.534
0.942
0.654
0.15
0.48
0.055
0.704
0.787
0.675
0.714
0.445
0.281
0.482
0.071
0.231
0.4
0.153
0.483
0.814
0.827
0.133
0.399
0.429
0.672
0.547
0.908
0.678
0.96
0.487
0.351
0.624
0.225
0.379
0.096
0.043
0.051
0.757
0.592
0.798
0.203
0.0
0.188
0.237
0.117
0.372
0.074
0.898
0.004
0
0.266
0.108
0.55
0.067
0.186
0.438
0.76
0.17
0.545
0.231
0.081
0.692
0.498
0.5
0.091
0.492
0.791
0.054
0.611
0.082
0.109
0.614
0.139
0.975
0.68
0.158
0.685
0.875
0.406
0.978
0.921
0.353
0.607
0.013
0.568
0.104
0.155
0.841
0.67
0.378
0.77
0.146
0.16
0.433
0.334
0.532
0.719
0.148
0.323
0.775
0.447
0.65
0.943
0.351
0.377
0.607
0.624
0.818
0.852
0.122
