0.236
0.813
0.697
0.262
0.729
0.516
0.223
0.332
0.736
0.207
0.559
0.822
0.644
0.044
0.474
0.097
0.141
0.814
0.271
0.669
0.769
0.916
0.701
0.541
0.218
0.59
0.189
0.493
0.29
0.202
0.015
0.19
0.649
0.627
0.419
0.465
0.48
0.576
0.563
0.224
0.905
0.908
0.582
0.966
0.683
0.947
0.502
0.708
0.744
0.664
0.759
0.705
0.056
0.622
0.046
0.129
0.036
0.336
0.201
0.897
0.567
0.162
0.007
0.097
0.029
0.597
0.431
0.354
0.895
0.293
0.918
0.647
0.73
0.543
0.216
0.877
0.17
0.521
0.394
0.484
0.83
0.122
0.755
0.682
0.625
0.958
0.856
0.467
0.362
0.918
0.025
0.152
0.275
0.024
0.526
0.995
0.765
0.493
0.299
0.016
0.917
0.25
0.551
0.185
0.96
0.003
0.622
0.566
0.433
0.286
0.011
0.931
0.621
0.822
0.221
0.169
0.532
0.822
0.484
0.838
0.918
0.16
0.903
0.031
0.89
0.029
0.421
0.161
0.5
0.392
0.512
0.289
0.977
0.071
0.817
0.686
0.972
0.758
0.731
0.371
0.27
0.119
0.667
0.205
0.166
0.915
0.154
0.546
0.399
0.575
0.269
0.438
0.893
0.305
0.521
0.301
0.546
0.261
0.804
0.903
0.033
0
0.99
0.818
0.721
0.725
0.804
0.924
0.006
0.553
0.066
0.398
0.295
0.516
0.383
0.747
0.065
0.768
0.228
0.546
0.751
0.464
0.303
0.272
0.22
0.993
0.319
0.936
0.27
0.649
0.491
0.071
0.767
0.606
0.926
0.503
0.279
0.918
0.457
0.65
0.791
0.843
0.08
0.835
0.568
0.529
0.758
0.905
0.569
0.481
0.994
0.663
0.785
0.096
0.793
0.193
0.296
0.899
0.386
0.177
0.956
0.964
0.881
0.121
0.679
0.744
0.557
0.297
0.861
0.13
0.255
0.76
0.638
0.16
0.193
0.399
0.462
0.899
0.334
0.603
0.217
0.365
0.003
0.406
0.941
0.918
0.702
0.735
0.481
0.973
0.993
0.755
0.306
0.198
0.798
0.602
0.499
0.929
0.951
0.241
0.093
0.202
0.683
0.93
0.982
0.849
0.79
0.549
0.023
0.367
0.58
0.226
0.369
0.09
0.736
0.664
0.581
0.201
0.433
0.565
0.208
0.294
0.512
0.017
0.362
0.969
0.311
0.603
0.534
0.952
0.508
0.776
0.348
0.914
0.991
0.385
0.942
0.38
0.238
0.138
0.463
0.569
0.931
0.212
0.474
0.266
0.335
0.475
0.189
0.515
0.949
0.924
0.284
0.16
0.636
0.558
0.056
0.603
0.625
0.04
0.824
0.512
0.086
0.148
0.74
0.29
0.176
0.638
0.61
0.339
0.037
0.11
0.954
0.498
0.469
0.418
0.2
0.202
0.9
0.402
0.164
0.75
0.098
0.648
0.836
0.046
0.976
0.937
0.63
0.826
0.495
0.842
0.957
0.389
0.108
0.932
0.35
0.03
0.595
0.214
0.722
0.788
0.502
0.884
0.987
0.484
0.969
0.984
0.028
0.49
0.813
0.11
0.563
0.542
0.381
0.903
0.275
0.237
0.602
0.535
0.199
0.548
0.107
0.074
0.689
0.066
0.47
0.65
0.362
0.032
0.529
0.48
0.324
0.127
0.887
0.069
0.017
0.454
0.263
0.411
0.18
0.886
0.269
0.634
0.66
0.779
0.328
0.961
0.836
0.082
0.895
0.962
0.634
0.105
0.335
0.805
0.24
0.483
0.661
0.103
0.622
0.701
0.049
0.273
0.466
0.574
0.453
0.957
0.408
0.755
0.707
0.941
0.722
0.255
0.253
0.877
0.532
0.114
0.636
0.389
0.329
0.511
0.721
0.519
0.731
0.876
0.482
0.633
0.16
0.371
0.1
0.954
0.572
0.438
0.161
0.81
0.893
0.033
0.727
0.415
0.082
0.825
0.239
0.766
0.955
0.737
0.339
0.705
0.672
0.42
0.754
0.138
0.504
0.361
0.139
0.128
0.537
0.956
0.171
0.185
0.353
0.809
0.813
0.292
0.409
0.692
0.947
0.57
0.458
0.53
0.644
0.434
0.034
0.594
0.077
0.247
0.979
0.1
0.846
0.6
0.938
0.687
0.274
0.614
0.684
0.076
0.707
0.866
0.376
0.3
0.325
0.612
0.581
0.723
0.898
0.35
0.479
0.328
0.412
0.004
0.88
0.399
0.183
0.206
0.022
0.515
0.421
0.813
0.446
0.303
0.409
0.189
0.787
0.226
0.187
0.799
0.342
0.322
0.785
0.531
0.065
0.391
0.382
0.259
0.194
0.975
0.921
0.728
0.992
0.788
0.08
0.449
0.233
0.694
0.734
0.411
0.916
0.118
0.854
0.429
0.247
0.128
0.434
0.142
0.174
0.923
0.877
0.406
0.851
0.393
0.289
1.0
0.224
0.922
0.264
0.847
0.858
0.323
0.125
0.734
0.012
0.321
0.575
0.98
0.556
0.67
0.692
0.497
0.403
0.487
0.44
0.772
0.778
0.268
0.062
0.341
0.504
0.853
0.502
0.554
0.912
0.649
0.782
0.093
0.316
0.175
0.182
0.916
0.6
0.626
0.71
0.862
0.518
0.158
0.709
0.458
0.462
0.643
0.33
0.449
0.409
0.402
0.423
0.928
0.824
0.514
0.608
0.132
0.709
0.487
0.67
0.651
0.827
0.339
0.391
0.173
0.646
0.295
0.717
0.741
0.762
0.315
0.733
0.789
0.306
0.699
0.173
0.298
0.901
0.466
0.713
0.903
0.886
0.261
0.054
0.538
0.754
0.33
0.004
0.737
0.352
0.848
0.516
0.428
0.533
0.627
0.386
0.618
0.212
0.754
0.268
0.728
0.958
0.832
0.481
0.901
0.203
0.478
0.819
0.704
0.357
0.484
0.97
0.833
0.106
0.185
0.281
0.222
0.254
0.89
0.296
0.901
0.242
0.619
0.612
0.738
0.143
0.45
0.855
0.479
0.973
0.337
0.791
0.961
0.21
0.332
0.486
0.644
0.37
0.716
0.596
0.269
0.795
0.863
0.918
0.862
0.743
0.635
0.015
0.016
0.084
0.224
0
0.718
0.832
0.574
0.888
0.505
0.58
0.513
0.076
0.149
0.302
0.301
0.382
0.777
0
0.469
0.114
0.631
0.706
0.035
0.571
0.102
0.026
0.86
0.831
0.719
0.364
0.45
0.283
0.314
0.306
0.307
0.864
0.983
0.513
0.155
0.891
0.754
0.203
0.459
0.301
0.928
0.052
0.235
0.911
0.42
0.197
0.098
0.023
0.003
0.565
0.82
0.969
0.394
0.966
0.065
0.767
0.959
0.588
0.137
0.435
0.571
0.849
0.165
0.352
0.053
0.17
0.378
0.74
0.215
0.458
0.375
0.903
0.773
0.286
0.149
0.843
0.932
0.165
0.752
0.991
0.711
0.48
0.063
0.884
0.231
0.471
0.273
0.962
0.027
0.881
0.956
0.791
0.758
0.71
0.128
0.026
0.431
0.135
0.413
0.769
0.047
0.027
0.61
0.067
0.267
0.806
0.165
0.609
0.492
0.466
0.228
0.526
0.571
0.84
0.29
0.82
0.285
0.931
0.436
0.606
0.794
0.099
0.498
0.801
0.176
0.68
0.38
0.594
0.019
0.72
0.001
0.284
0.77
0.196
0.197
0.12
0.563
0.786
0.567
0.668
0.791
0.09
0.713
0.598
0.488
0.01
0.377
0.745
0.426
0.025
0.053
0.505
0.279
0.528
0.771
0.114
0.084
0.502
0.555
0.453
0.551
0.033
0.391
0.039
0.657
0.912
0.18
0.031
0.53
0.546
0.322
0.706
0.285
0.559
0.795
0.079
0.338
0.104
0.13
0.22
0.124
0.901
0.662
0.449
0.4
0.508
0.587
0.918
0.519
0.849
0.951
0.516
0.937
0.517
0.553
0.89
0.184
0.721
0.169
0.223
0.857
0.393
0.269
0.689
0.822
0.261
0.086
0.344
0.273
0.094
0.693
0.353
0.399
0.972
0.993
0.956
0.026
0.921
0.984
0.019
0.86
0.029
0.944
0.931
0.824
0.415
0.527
0.253
0.321
0.129
0.401
0.102
0.413
0.087
0.958
0.604
0.602
0.581
0.81
0.657
0.478
0.658
0.287
0.482
0.959
0.895
0.053
0.35
0.392
0.626
0.291
0.702
0.915
0.269
0.192
0.131
0.135
0.158
0.597
0.309
0.193
0.732
0.243
0.643
0.472
0.573
0.556
0.754
0.912
0.309
0.402
0.213
0.992
0.416
0.718
0.314
0.47
