0.469
0.501
0.543
0.641
0.997
0.666
0.247
0.16
0.674
0.303
0.73
0.478
0.176
0.055
0.591
0.132
0.961
0.143
0.713
0.97
0.048
0.239
0.697
0.621
0.947
0.746
0.793
0.454
0.995
0.893
0.65
0.028
0.085
0.097
0.024
0.706
0.664
0.814
0.381
0.166
0.117
0.29
0.591
0.817
0.547
0.076
0.687
0.246
0.212
0.136
0.827
0.987
0.503
0.468
1.0
0.057
0.354
0.035
0.015
0.656
0.381
0.515
0.003
0.202
0.116
0.909
0.019
0.765
0.688
0.947
0.476
0.53
0.375
0.229
0.142
0.258
0.339
0.252
0.876
0.963
0.628
0.738
0.19
0.551
0.749
0.688
0.711
0.507
0
0.606
0.374
0.741
0.095
0.935
0.127
0.04
0.95
0.877
0.815
0.458
0.762
0.105
0.257
0.054
0.268
0.563
0.682
0.613
0.315
0.734
0.628
0.732
0.419
0.698
0.137
0.294
0.548
0.303
0.93
0
0.691
0.452
0.349
0.429
0.301
0.997
0.201
0.214
0.55
0.613
0.184
0.303
0.521
0.925
0.423
0.767
0.137
0.034
0.582
0.251
0.182
0.453
0.02
0.158
0.572
0.312
0.343
0.247
0.576
0.144
0.821
0.274
0.483
0.982
0.567
0.706
0.395
0.145
0.66
0.635
0.09
0.64
0.561
0.45
0.992
0.876
0.55
0.563
0.135
0.558
0.535
0.36
0.041
0.127
0.693
0.551
0.187
0.61
0.278
0.287
0.614
0.868
0.759
0.987
0.838
0.33
0.405
0.015
0.044
0.129
0.082
0.997
0.817
0.228
0.04
0.082
0.534
0.377
0.935
0.673
0.157
0.663
0.764
0.454
0.884
0.307
0.069
0.44
0.016
0.687
0.098
0.752
0.916
0.195
0.274
0.715
0.189
0.764
0.509
0.34
0.802
0.782
0.418
0.741
0.885
0.747
0.255
0.427
0.793
0.621
0.842
0.634
0.558
0.493
0.84
0.012
0.054
0.937
0.863
0.327
0.528
0.832
0.349
0.51
0.17
0.997
0.187
0.906
0.814
0.764
0.293
0.798
0.701
0.896
0.099
0.722
0.4
0.317
0.506
0.167
0.7
0.703
0.236
0.689
0.337
0.624
0.879
0.126
0.948
0.689
0.792
0.952
0.564
0.798
0.249
0.921
0.043
0.051
0.146
0.308
0.318
0.289
0.196
0.332
0.661
0.764
0.325
0.696
0.135
0.287
0.726
0.132
0.441
0.12
0.82
0.599
0.198
0.455
0.928
0.947
0.427
0.099
0.335
0.234
0.196
0.049
0.965
0.365
0.362
0.153
0.472
0.703
0.53
0.299
0.198
0.584
0.935
0.853
0.213
0.919
0.74
0.954
0.587
0.749
0.331
0.568
0.066
0.958
0.308
0.056
0.938
0.922
0.413
0.558
0.965
0.85
0.313
0.105
0.522
0.396
0.571
0.253
0.412
0.853
0.941
0.307
0.745
0.614
0.555
0.646
0.233
0.242
0.763
0.146
0.797
0.37
0.991
0.604
0.669
0.283
0.833
0.416
0.931
0.258
0.369
0.795
0.329
0.192
0.768
0.312
0.763
0.019
0.42
0.23
0.353
0.145
0.801
0.701
0.246
0.783
0.453
0.098
0.277
0.446
0.567
0.775
0.888
0.04
0.565
0.369
0.644
0.176
0.609
0.28
0.28
0.449
0.314
0.379
0.974
0.304
0.89
0.593
0.852
0.469
0.324
0.141
0.147
0.93
0.317
0.813
0.838
0.393
0.562
0.915
0.081
0.526
0.677
0.967
0.12
0.96
0.168
0.72
0.974
0.098
0.857
0.628
0.227
0.769
0.904
0.06
0.574
0
0.906
0.594
0.269
0.822
0.247
0.367
0.347
0.361
0.188
0.386
0.063
0.592
0.474
0.869
0.627
0.657
0.597
0.617
0.136
0.238
0.92
0.832
0.57
0.818
0.454
0.086
0.389
0.891
0.847
0.578
0.227
0.667
0.551
0.738
0.748
0.635
0.082
0.093
0.589
0.52
0.733
0.035
0.201
0.243
0.98
0.9
0.484
0.786
0.688
0.787
0.591
0.001
0.815
0.717
0.844
0.59
0.33
0.073
0.445
0.84
0.219
0.382
0.114
0.793
0.266
0.338
0.443
0.71
0.706
0.319
0.528
0.06
0.52
0.034
0.793
0.266
0.316
0.149
0.982
0.352
0.618
0.106
0.071
0.009
0.214
0.201
0.805
0.383
0.417
0
0.492
0.057
0.579
0
0.142
0.202
0.399
0.256
0.588
0.286
0.896
0.352
0.647
0.821
0.813
0.722
0.812
0.817
0.199
0.018
0.458
0.87
0.848
0.268
0.543
0.163
0.621
0.053
0.584
0.432
0.169
0.778
0.266
0.992
0.838
0.169
0.633
0.018
0.963
0.016
0.532
0.506
0.38
0.475
0.544
0.779
0.765
0.115
0.716
0.884
0.271
0.763
0.211
0.257
0.682
0.217
0.944
0.406
0.021
0.264
0.77
0.435
0.352
0.544
0.611
0.178
0.835
0.215
0.517
0.37
0.334
0.679
0.658
0.415
0.619
0.437
0.066
0.933
0.431
0.021
0.044
0.449
0.355
0.451
0.718
0.819
0.218
0.648
0.171
0.045
0.219
0.398
0.528
0.032
0.463
0.164
0.597
0.748
0.522
0.092
0.516
0.782
0.015
0.594
0.322
0.652
0.683
0.424
0.261
0.821
0.301
0.591
0.184
0.673
0.003
0.034
0.857
0.074
0.505
0.705
0.968
0.976
0.701
0.946
0.034
0.801
0.7
0.061
0.633
0.354
0.996
0.504
0.883
0.063
0.28
0.43
0.813
0.09
0.789
0.933
0.788
0.926
0.852
0.505
0.272
0.858
0.295
0.651
0.556
0.422
0.984
0.195
0.901
0.48
0.65
0.463
0.34
0.119
0.416
0.436
0.016
0.475
0.461
0.888
0.606
0.08
0.981
0.504
0.528
0.354
0.816
0.224
0.722
0.53
0.647
0.001
0.729
0.783
0.967
0.654
0.597
0.909
0.414
0.616
0.321
0.932
0.777
0.568
0.403
0.433
0.999
0.3
0.586
0.372
0.243
0.054
0.147
0.769
0.925
0.54
0.753
0.909
0.949
0.894
0.821
0.634
0.136
0.048
0.038
0.07
0.217
0.919
0.363
0.615
0.005
0.172
0.243
0.668
0.137
0.599
0.692
0.732
0.28
0.881
0.679
0.923
0.305
0.088
0.715
0.452
0.272
0.708
0.992
0.632
0.793
0.286
0.812
0.302
0.024
0.808
0.395
0.782
0.312
0.485
0.499
0.677
0.961
0.427
0.466
0.102
0.908
0.741
0.083
0.108
0.949
0.701
0.172
0.912
0.339
0.325
0.24
0.747
0.172
0.782
0.346
0.592
0.15
0.247
0.371
0.618
0.852
0.42
0.631
0.181
0.414
0.162
0.76
0.98
0.025
0.018
0.802
0.861
0.411
0.929
0.809
0.954
0.159
0.771
0
0.9
0.242
0.231
0.556
0.638
0.523
0.437
0.139
0.924
0.534
0.721
0.051
0.025
0.484
0.934
0.807
0.186
0.099
0.872
0.512
0.319
0.452
0.703
0.86
0.689
0.981
0.436
0.895
0.823
0.665
0.985
0.279
0.308
0.532
0.227
0.4
0.005
0
0.714
0.249
0.403
0.732
0.091
0.996
0
0.73
0.218
0.091
0.133
0.904
0
0.912
0.197
0.768
0.812
0.528
0.776
0.734
0.432
0.465
0.065
0.783
0.632
0.465
0.145
0.079
0.929
0.851
0.492
0.466
0.912
0.266
0.234
0.124
0.132
0.128
0.249
0.818
0.419
0.822
0.019
0.199
0.828
0.04
0.405
0.173
0.746
0.522
0.454
0.032
0.593
0.341
0.292
0.263
0.678
0.676
0.724
0.36
0.883
0.252
0.689
0.587
0.033
0.655
0.121
0.629
0.222
0.594
0.155
0.748
0.692
0.927
0.629
0.522
0.965
0.899
0.955
0.242
0.968
0.536
0.361
0.465
0.142
0.947
0.872
0.805
0.208
0.788
0.415
0.952
0.848
0.992
0.481
0.227
0.788
0.048
0.999
0.166
0.837
0.425
0.915
0.894
0.005
0.338
0.778
0.344
0.685
0.982
0.89
0.494
0.485
0.004
0.252
0.94
0.982
0.797
0.857
0.461
0.768
0.471
0.336
0.688
0.042
0.172
0.776
0.084
0.411
0.95
0.765
0.849
0.471
0.101
0.827
0.37
0.352
0.062
0.095
0.617
0.862
0.558
0.847
0.375
0.338
0.479
0.333
0.625
0.883
0.625
0.95
