0.941
0.738
0.236
0.147
0.457
0.939
0.374
0.117
0.754
0.882
0.599
0.709
0.645
0.044
0.588
0.571
0.386
0.769
0.429
0.674
0.754
0.105
0.506
0.838
0.083
0.161
0.464
0.98
0.848
0.261
0.894
0.037
0.557
0.126
0.693
0.335
0.909
0.257
0.472
0.518
0.606
0.855
0.907
0.747
0.871
0.593
0.981
0.708
0.301
0.82
0.01
0.519
0.002
0.747
0.028
0.937
0.378
0.461
0.768
0.485
0.802
0.011
0.033
0.627
0.351
0.857
0.221
0.695
0.419
0.441
0.959
0.792
0.224
0.735
0.378
0.614
0.998
0.874
0.18
0.808
0.745
0.268
0.581
0.251
0.675
0.551
0.053
0.321
0.424
0.764
0.194
0.864
0.892
0.297
0.16
0.339
0.439
0.018
0.743
0.307
0.889
0.407
0.01
0.322
0.083
0.402
0.781
0.343
0.288
0.589
0.812
0
0.039
0.682
0.095
0.095
0.58
0.058
0.821
0.922
0.985
0.896
0.841
0.763
0.323
0.96
0.035
0.924
0.566
0.459
0.37
0.666
0.494
0.496
0.696
0.327
0.71
0.733
0.465
0.357
0.315
0.239
0.38
0.141
0.297
0.151
0.104
0.984
0.05
0.652
0.076
0.287
0.287
0.97
0.022
0.297
0.766
0.763
0.283
0.832
0.668
0.9
0.246
0.52
0.399
0.64
0.976
0.944
0.896
0.782
0.001
0.941
0.313
0.057
0.943
0.022
0.555
0.6
0.442
0.978
0.187
0.695
0.901
0.698
0.986
0.133
0.136
0.505
0.507
0.923
0.257
0.801
0.682
0.317
0.685
0.64
0.625
0.962
0.079
0.891
0.037
0.321
0.393
0.835
0.522
0.98
0.627
0.556
0.712
0.844
0.707
0.81
0.914
0.463
0.067
0.374
0.066
0.312
0.475
0.833
0.989
0.748
0.453
0.33
0.625
0.752
0.077
0.483
0.832
0.013
0.605
0.025
0.989
0.192
0.712
0.461
0.794
0.589
0.08
0.854
0.207
0.21
0.677
0.498
0.575
0.476
0.152
0.15
0.052
0.075
0.199
0.306
0.989
0.257
0.948
0.756
0.596
0.451
0.225
0.198
0.544
0.975
0.07
0.034
0.502
0.993
0.031
0.437
0.856
0.314
0.97
0.727
0.115
0.046
0.282
0.831
0.23
0.043
0.389
0.626
0.29
0.813
0.957
0.788
0.625
0.804
0.808
0.932
0.379
0.526
0.15
0.81
0.129
0.615
0.627
0.141
0.104
0.087
0.889
0.174
0.926
0.38
0.292
0.487
0.163
0.837
0.15
0.755
0.532
0.021
0.722
0.23
0.748
0.676
0.394
0.189
0.664
0.272
0.278
0.612
0.66
0.322
0.736
0.214
0.031
0.919
0.74
0.259
0.211
0.831
0.691
0.073
0.798
0.206
0.883
0.427
0.654
0.907
0.407
0.939
0.421
0.673
0.766
0.239
0.868
0.041
0.596
0.973
0.07
0.189
0.292
0.716
0.898
0.543
0.513
0.75
0.335
0.167
0.379
0.847
0.468
0.397
0.684
0.712
0.232
0.952
0.201
0.158
0.27
0.624
0.984
0.227
0.185
0.112
0.528
0.605
0.726
0.541
0.457
0.628
0.759
0.538
0.981
0.716
0.861
0.651
0.303
0.531
0.895
0.433
0.401
0.953
0.517
0.342
0.613
0.717
0.19
0.177
0.322
0.77
0.083
0.957
0.041
0.629
0.348
0.81
0.445
0.262
0.195
0.971
0.528
0.347
0.589
0.694
0.873
0.31
0.235
0.404
0.69
0.584
0.613
0.887
0.447
0.001
0.696
0.728
0.52
0.77
0.79
0.279
0.65
0.997
0.16
0.213
0.17
0.449
0.443
0.119
0.093
0.748
0.912
0.898
0.801
0.84
0.8
0.91
0.373
0.135
0.703
0.387
0.763
0.083
0.91
0.332
0.566
0.898
0.398
0.955
0.822
0.633
0.928
0.152
0.039
0.44
0.284
0.805
0.571
0.75
0.769
0.394
0.905
0.692
0.702
0.704
0.891
0.674
0.427
0.277
0.855
0.358
0.453
0.917
0.808
0.602
0.06
0.957
0.585
0.817
0.412
0.173
0.586
0.945
0.102
0.999
0.588
0.836
0.918
0.202
0.399
0.163
0.669
0.393
0.571
0.841
0.349
0
0.342
0.72
0.265
0.646
0.481
0.19
0.594
0.934
0.245
0.955
0.552
0.195
0.401
0.005
0.145
0.309
0.596
0.389
0.248
0.283
0.521
0.98
0.494
0.869
0.256
0.151
0.633
0.741
0.263
0.019
0.677
0.451
0.749
0.692
0.624
0.546
0.215
0.962
0.588
0.817
0.579
0.913
0.073
0.881
0.149
0.9
0.918
0.397
0.337
0.828
0.907
0.679
0.43
0.44
0
0.73
0.927
0.631
0.029
0.901
0.012
0.596
0.863
0.235
0.832
0.401
0.388
0.05
0.937
0.226
0.273
0.639
0.685
0.392
0.378
0.803
0.292
0.85
0.767
0.427
0.274
0.654
0.499
0.003
0.441
0.037
0.762
0.604
0.898
0.442
0.548
0.577
0.919
0.983
0.256
0.769
0.513
0.02
0.097
0.235
0.646
0.817
0.63
0.336
0.402
0.383
0.167
0.452
0.885
0.073
0.142
0.45
0.665
0.81
0.789
0.467
0.992
0.815
0.628
0.225
0.828
0.194
0.186
0.686
0.933
0.989
0.929
0.949
0.311
0.029
0.848
0.041
0.35
0.78
0.815
0.364
0.06
0.112
0.313
0.768
0.695
0.677
0.443
0.098
0.943
0.286
0.466
0.024
0.309
0.275
0.998
0.736
0.96
0.728
0.72
0.195
0.447
0.958
0.017
0.865
0.758
0.94
0.702
0.966
0.263
0.779
0.606
0.999
0.29
0.196
0.732
0.651
0.458
0.718
0.642
0.606
0.116
0.174
0.507
0.532
0.173
0.262
0.105
0.423
0.734
0.982
0.283
0.791
0.96
0.524
0.994
0.8
0.031
0.88
0.536
0.99
0.768
0.553
0.066
0.52
0.601
0.575
0.923
0.206
0.942
0.136
0.954
0.258
0.39
0.918
0.051
0.66
0.197
0.689
0.046
0.409
0.047
0.088
0.771
0.833
0.711
0.09
0.486
0.118
0.202
0.943
0.932
0.072
0.134
0.705
0.228
0.003
0.697
0.83
0.152
0.583
0.947
0.767
0.636
0.953
0.551
0.058
0.733
0.556
0.5
0.524
0.813
0.943
0.766
0.1
0.452
0.707
0.704
0.726
0.041
0.596
0.526
0.028
0.708
0.253
0.816
0.585
0.341
0.388
0.072
0.576
0.076
0.757
0.773
0.241
0.81
0.072
0.85
0.09
0.377
0.705
0.698
0.426
0.087
0.045
0.688
0.192
0.07
0.005
0.793
0.729
0.472
0.68
0.176
0.914
0.794
0.416
0.585
0.03
0.255
0.712
0.182
0.596
0.227
0.998
0.782
0.579
0.033
0.993
0.192
0.317
0.992
0.667
0.233
0.116
0.825
0.468
0.839
0.105
0.323
0.708
0.013
0.794
0.821
0.403
0.414
0.512
0.207
0.383
0
0.11
0.102
0.435
0.634
0.066
0.508
0.686
0.871
0.291
0.953
0.889
0.217
0.338
0.781
0.988
0.638
0.165
0.765
0.033
0.164
0.43
0.277
0.877
0.184
0.785
0.999
0.124
0.059
0.093
0.279
0.504
0.03
0.447
0.665
0.477
0.98
0.596
0.815
0.584
0.274
0.896
0.904
0.451
0.423
0.76
0.966
0.813
0.964
0.973
0.509
0.914
0.97
0.947
0.658
0.135
0.063
0.945
0.943
0.04
0.159
0.961
0.454
0.091
0.957
0.979
0.072
0.21
0.523
0.9
0.566
0.897
0.071
0.285
0.437
0.031
0.539
0.464
0.864
0.435
0.837
0.058
0.152
0.565
0.24
0.287
0.895
0.382
0.424
0.586
0.102
0.078
0.59
0.322
0.019
0.438
0.083
0.516
0.859
0.494
0.76
0.231
0.551
0.892
0.922
0.667
0.501
0.253
0.315
0.383
0.804
0.547
0.29
0.498
0.971
0.217
0.586
0.513
0.871
0.226
0.382
0.357
0.256
0.499
0.341
0.497
0.979
0.089
0.799
0.994
0.897
0.79
0.784
0.923
0.117
0.758
0.022
0.655
0.35
0.294
0.324
0.502
0.204
0.048
0.525
0.276
0.605
0.893
0.234
0.932
0.193
0.826
0.506
0.061
0.534
0.508
0.402
0.781
0.478
0.941
0.464
0.164
0.655
0.95
0.827
0.853
0.445
0.921
0.163
0.348
