0.606
0.152
0.975
0.946
0.944
0.68
0.084
0.725
0.17
0.073
0.209
0.379
0.12
0
0.101
0.162
0.535
0.817
0.421
0.606
0.862
0.08
0.725
0.502
0.945
0.525
0.592
0.88
0.826
0.39
0.394
0.786
0.774
0.399
0.571
0.168
0.262
0.067
0.363
0.467
0.995
0.146
0.917
0.169
0.118
0.997
0.2
0.452
0.153
0.762
0.507
0.307
0.801
0.854
0.679
0.655
0.318
0.521
0.539
0.638
0
0.996
0.213
0.959
0.116
0.805
0.26
0.453
0.114
0.556
0.519
0.786
0.704
0.574
0.036
0.275
0.808
0.386
0.637
0.535
0.37
0.058
0.551
0.072
0.109
0.448
0.226
0.084
0.545
0.006
0.944
0.356
0.142
0.411
0.538
0.566
0.054
0.674
0.151
0.937
0.314
0.034
0.247
0.397
0.344
0.302
0.721
0.187
0.513
0.736
0.505
0.787
0.92
0.463
0.684
0.72
0.909
0.665
0.466
0.666
0.331
0.851
0.992
0.081
0.702
0.784
0.251
0.878
0.956
0.057
0.966
0.564
0.202
0.838
0.283
0.206
0.338
0.109
0.15
0.564
0.819
0.166
0.867
0.364
0.09
0.875
0.901
0.246
0.834
0.863
0.808
0.478
0.777
0.884
0.637
0.082
0.847
0.205
0.224
0.156
0.679
0.734
0.527
0.613
0.415
0.035
0.41
0.608
0.111
0.892
0.234
0.384
0.196
0.83
0.508
0.419
0.784
0.747
0.601
0.987
0.682
0.525
0.306
0.54
0.788
0.22
0.341
0.132
0.258
0.226
0.749
0.693
0.637
0.574
0.632
0.624
0.85
0.343
0.038
0.811
0.583
0.521
0.471
0.395
0.81
0.353
0.432
0.307
0.74
0.326
0.19
0.813
0.403
0.41
0.972
0.08
0.02
0.124
0.229
0.869
0.452
0.254
0.921
0.65
0.964
0.149
0.359
0.707
0.913
0.419
0.342
0.549
0.975
0.475
0.609
0.694
0.685
0.112
0.394
0.842
0.862
0.012
0.448
0.971
0.652
0.776
0.324
0.652
0.355
0.859
0.477
0.362
0.744
0.884
0.583
0.049
0.223
0.827
0.714
0.235
0.881
0.405
0.298
0.839
0.211
0.744
0.792
0.826
0.873
0.391
0.922
0.027
0.481
0.757
0.737
0.478
0.797
0.104
0.409
0.21
0.972
0.503
0.471
0.685
0
0.998
0.039
0.378
0.531
0.209
0.312
0.825
0.384
0.055
0.446
0.485
0.324
0.504
0.865
0.846
0.092
0.95
0.72
0.233
0.388
0.019
0.661
0.432
0.855
0.383
0.069
0.652
0.469
0.703
0.458
0.134
0.233
0.033
0.886
0.927
0.247
0.635
0.932
0.446
0.455
0.048
0.975
0.872
0.87
0.845
0.788
0.525
0.72
0.19
0.922
0.501
0.089
0.886
0.148
0.606
0.394
0.85
0.614
0.031
0.578
0.04
0.0
0.467
0.122
0.077
0.111
0.678
0.904
0.253
0.824
0.13
0.316
0.337
0.931
0.364
0.862
0.105
0.723
0.133
0.146
0.351
0.99
0.421
0.169
0.984
0.538
0.349
0.604
0.578
0.306
0.278
0.444
0.799
0.707
0.717
0.31
0.386
0.776
0.566
0.496
0.306
0.542
0.143
0.614
0.937
0.463
0.55
0.726
0.211
0.637
0.098
0.658
0.183
0.504
0.73
0.466
0.916
0.738
0.529
0.411
0.25
0.829
0.811
0.022
0.21
0.694
0.614
0.534
0.893
0.062
0.457
0.027
0.05
0.876
0.764
0.259
0.003
0.729
0.236
0.451
0.272
0.978
0.273
0.25
0.593
0.234
0.571
0.259
0.434
0.808
0.293
0.316
0.821
0.106
0.847
0.881
0.16
0.083
0.455
0.99
0.131
0.329
0.821
0.28
0.767
0.206
0.994
0.967
0.811
0.276
0.117
0.054
0.137
0.694
0.01
0.978
0.932
0.491
0.278
0.386
0.577
0.954
0.993
0.537
0.306
0.662
0.659
0.341
0.938
0.533
0.823
0.256
0.234
0.312
0.026
0.493
0.408
0.486
0.719
0.951
0.025
0.278
0.11
0.803
0.632
0.273
0.774
0.474
0.203
0.785
0.168
0.083
0.757
0.011
0.112
0.931
0.859
0.812
0.438
0.816
0.249
0.236
0.076
0.727
0.932
0.617
0.071
0.244
0
0.857
0.843
0.378
0.623
0.864
0.755
0.651
0.987
0.361
0.333
0.459
0.022
0.622
0.678
0.661
0.15
0.009
0.156
0.544
0.431
0.486
0.977
0.739
0.861
0.813
0.352
0.621
0.899
0.556
0.156
0.268
0.312
0.814
0.543
0.641
0.227
0.391
0.972
0.889
0.647
0.365
0.832
0.304
0.504
0.591
0.728
0.514
0.902
0.125
0.832
0.966
0.935
0.666
0.093
0.604
0.723
0.209
0.987
0.931
0.47
0.256
0.814
0.947
0.91
0.468
0.797
0.82
0.953
0.1
0.078
0.011
0.532
0.617
0.958
0.559
0.131
0.469
0.478
0.146
0.971
0.849
0.211
0.599
0.751
0.136
0.372
0.429
0.185
0.548
0.838
0.175
0.134
0.442
0.953
0.064
0.969
0.621
0.706
0.159
0.573
0.391
0.864
0.143
0.517
0.093
0.642
0.233
0.661
0.325
0.381
0.842
0.016
0.404
0.893
0.561
0.73
0.783
0.794
0.107
0.171
0.728
0.341
0.871
0.233
0.134
0.883
0.59
0.93
0.989
0.78
0.17
0.224
0.451
0.781
0.555
0.676
0.587
0.512
0.337
0.242
0.492
0.627
0.468
0.676
0.222
0.507
0.623
0.706
0.111
0.895
0.302
0.442
0.905
0.056
0.01
0.515
0.877
0.627
0.978
0.378
0.076
0.055
0.386
0.771
0.816
0.549
0.253
0.974
0.96
0.203
0.385
0.098
0.913
0.802
0.816
0.985
0.075
0.374
0.379
0.192
0.728
0.601
0.671
0.641
0
0.618
0.997
0.561
0.389
0.129
0
0.815
0.619
0.927
0.37
0.306
0.292
0.723
0.261
0.55
0.388
0.943
0.092
0.406
0.001
0.484
0.346
0.07
0.3
0.753
0.184
0.435
0.329
0.612
0.251
0.055
0.02
0.679
0.361
0.771
0.24
0.348
0.296
0.531
0.258
0.274
0.792
0.725
0.28
0.763
0.976
0.197
0.856
0.74
0.835
0.256
0.732
0.089
0.862
0.603
0.224
0.465
0.123
0.651
0.561
0.009
0.135
0.677
0.554
0.864
0.071
0.113
0.673
0.186
0.529
0.584
0.086
0.666
0.705
0.536
0.801
0.825
0.899
0.877
0.42
0.787
0.312
0.52
0.264
0.902
0.392
0.173
0.313
0.31
0.981
0.709
0.655
0.719
0.102
0.021
0.494
0.35
0.283
0.805
0.797
0.2
0.317
0.918
0.602
0.601
0.673
0.582
0.805
0.996
0.431
0.515
0.484
0.198
0.393
0.135
0.413
0.396
0.704
0.655
0.054
0.046
0.605
0.242
0.833
0.356
0.746
0.94
0.998
0.532
0.406
0.582
0.55
0.066
0.778
0.499
0.471
0.149
0.404
0.91
0.582
0.772
0.004
0.118
0.781
0.57
0.355
0.763
0.271
0.349
0.843
0.401
0.082
0.457
0.068
0.507
0.22
0.658
0.267
0.6
0.584
0.122
0.514
0
0.04
0.5
0.877
0.491
0.852
0.894
0.215
0.005
0.103
0.011
0.233
0.128
0.692
0.877
0.179
0.673
0.469
0.792
0.216
0.057
0.005
0.315
0.737
0.175
0.167
0.515
0.558
0.916
0.915
0.64
0.157
0.762
0.624
0.529
0.05
0.952
0.294
0.093
0.269
0.791
0.663
0.452
0.336
0.779
0.286
0.312
0.626
0.911
0.378
0.583
0.593
0.173
0.214
0.589
0.183
0.537
0.938
0.292
0.539
0.291
0.131
0.184
0.853
0.77
0.924
0.592
0.924
0.221
0.298
0.246
0.121
0.093
0.534
0.051
0.409
0.54
0.211
0.343
0.331
0.674
0.816
0.532
0.566
0.386
0.574
0.489
0.778
0.979
0.076
0.264
0.333
0.898
0
0.027
0.808
0.153
0.806
0.686
0.257
0.727
0.611
0.65
0.063
0.099
0.876
0.609
0.234
0.964
0.521
0.889
0.246
0.112
0.162
0.167
0.615
0.807
0.227
0.119
0.692
0.205
0.337
0.973
0.756
0.261
0.363
0.622
0.116
0.162
0.404
0.157
0.939
0.989
0.545
0.392
0.07
0.667
0.355
0.317
