0.436
0.265
0.011
0.765
0.924
0.882
0.47
0.3
0.248
0.7
0.229
0.755
0.362
0.45
0.589
0.55
0.425
0.918
0.736
0.737
0.197
0.687
0.259
0.102
0.284
0.015
0.606
0.299
0.543
0.024
0.127
0.175
0.15
0.431
0.156
0.81
0.19
0.886
0.249
0.41
0.525
0.18
0.118
0.652
0.203
0.059
0.605
0.784
0.89
0.143
0.394
0.603
0.76
0.989
0.742
0.383
0.916
0.133
0.058
0.802
0.565
0.041
0.782
0.184
0.22
0.17
0.588
0.627
0.393
0.7
0.084
0.978
0.185
0.714
0.525
0.532
0.096
0.348
0.662
0.132
0.506
0.449
0.486
0.429
0.114
0.164
0.035
0.134
0.988
0.819
0.009
0.644
0.03
0.938
0.596
0.236
0.206
0.088
0.651
0.354
0.095
0.491
0.894
0.93
0.759
0.523
0.225
0.409
0.992
0.369
0.017
0.441
0.207
0.873
0.238
0.874
0.038
0.696
0.82
0.856
0.962
0.792
0.573
0.256
0.496
0.45
0.959
0.089
0.462
0.012
0.928
0.027
0.304
0.098
0.186
0.34
0.042
0.128
0.825
0.612
0.911
0.616
0.649
0.571
0.383
0.611
0.745
0.817
0.609
0.595
0.868
0.29
0.672
0.237
0.437
0.035
0.137
0.045
0.101
0.041
0.133
0.942
0.517
0.018
0.43
0.852
0.272
0.361
0.905
0.97
0.858
0.441
0.446
0.716
0.262
0.13
0.785
0.93
0.986
0.894
0.13
0.793
0.356
0.649
0.779
0.531
0.936
0.316
0.277
0.969
0.575
0.947
0.987
0.068
0.818
0.685
0.864
0.007
0.095
0.237
0.622
0.057
0.682
0.788
0.436
0.702
0.329
0.549
0.405
0.738
0.997
0.641
0.39
0.539
0.12
0.796
0.861
0.94
0.864
0.23
0.895
0.574
0.377
0.184
0.925
0.434
0.629
0.401
0.436
0.967
0.186
0.023
0.54
0.915
0.995
0.371
0.349
0.721
0.941
0.201
0.344
0.744
0.483
0.848
0.792
0.845
0.122
0.736
0.916
0.012
0.917
0.558
0.961
0.322
0.485
0.607
0.352
0.047
0.125
0.888
0.26
0.688
0.435
0.583
0.994
0.909
0.341
0.445
0.2
0.697
0.223
0.116
0.655
0.685
0.111
0.702
0.273
0.739
0.241
0.171
0.269
0.306
0.735
0.531
0.07
0.186
0.629
0.998
0.151
0.637
0.609
0.603
0.287
0.328
0.677
0.15
0.9
0.624
0.918
0.838
0.425
0.42
0.314
0.591
0.206
0.508
0.897
0.123
0.327
0.965
0.793
0.5
0.165
0.283
0.696
0.155
0.257
0.806
0.012
0.584
0.585
0.071
0.616
0.637
0.111
0.533
0.174
0.357
0.061
0.061
0.224
0.365
0.737
0.874
0.694
0.421
0.551
0.165
0.062
0.261
0.762
0.752
0.981
0.533
0.431
0.045
0.35
0.271
0.256
0.381
0.519
0.271
0.064
0.037
0.089
0.913
0.229
0.038
0.652
0.761
0.872
0.516
0.84
0.088
0.51
0.984
0.487
0.743
0.616
0.611
0.406
0.039
0.535
0.474
0.783
0.759
0.766
0.231
0.686
0.793
0.832
0.413
0.738
0.392
0.25
0.071
0.649
0.512
0.775
0.521
0.727
0.957
0.243
0.653
0.44
0.155
0.082
0.305
0.206
0.699
0.786
0.889
0.126
0.707
0.932
0.722
0.073
0.187
0.614
0.051
0.424
0.615
0.737
0.233
0.879
0.194
0.516
0.349
0.024
0.659
0.239
0.645
0.776
0.234
0.263
0.577
0.643
0.15
0.825
0.454
0.555
0.035
0.616
0.358
0.905
0.938
0.208
0.304
0.349
0.96
0.11
0.239
0.542
0.236
0.136
0.448
0.176
0.146
0.447
0.323
0.827
0.906
0.771
0.999
0.506
0.704
0.917
0.63
0.137
0.01
0.222
0.256
0.117
0.888
0.578
0.748
0.865
0.709
0.538
0.609
0.022
0.504
0.558
0.477
0.299
0.95
0.554
0.133
0.77
0.671
0.646
0.025
0.533
0.756
0.166
0.311
0.752
0.592
0.015
0.923
0.148
0.207
0.433
0.861
0.651
0.054
0.338
0.382
0.434
0.692
0.237
0.354
0.203
0.428
0.063
0.053
0.595
0.58
0.819
0.87
0.5
0.82
0.103
0.766
0.479
0.425
0.734
0.82
0.22
0.327
0.357
0.599
0.802
0.762
0.018
0.174
0.135
0.781
0.268
0.043
0.275
0.681
0.208
0.727
0.973
0.368
0.098
0.332
0.366
0.054
0.975
0.273
0.973
0.289
0.523
0.077
0.017
0.075
0.56
0.2
0.229
0.297
0.275
0.981
0.709
0.568
0.999
0.995
0.97
0.32
0.872
0.382
0.467
0.618
0.93
0.784
0.846
0.918
0.215
0.052
0.661
0.953
0.072
0.93
0.134
0.949
0.025
0.416
0.731
0.674
0.329
0.745
0.107
0.454
0.088
0.34
0.625
0.618
0.693
0.571
0.945
0.527
0.296
0.207
0.052
0.316
0.1
0.046
0.927
0.374
0.325
0.838
0.665
0.686
0.354
0.71
0.628
0.565
0.116
0.332
0.053
0.103
0.139
0.196
0.422
0.458
0.003
0.739
0.786
0.828
0.265
0.175
0.787
0.586
0.878
0.966
0.395
0.36
0.846
0.861
0.903
0.711
0.886
0.816
0.545
0.487
0.725
0.753
0.985
0.241
0.2
0.14
0.4
0.321
0.11
0.345
0.811
0.796
0.006
0.948
0.523
0.199
0.948
0.114
0.767
0.588
0.876
0.822
0.311
0.031
0.558
0.445
0.029
0.929
0.615
0.578
0.556
0.109
0.233
0.515
0.732
0.322
0.304
0.086
0.618
0.819
0.067
0.289
0.255
0.662
0.689
0.53
0.424
0.947
0.605
0.353
0.218
0.559
0.258
0.731
0.474
0.092
0.633
0.04
0.314
0.127
0.297
0.37
0.213
0.547
0.976
0.532
0.577
0.151
0.495
0.956
0.758
0.206
0.643
0.356
0.561
0.259
0.941
0.325
0.171
0.239
0.784
0.556
0.273
0.554
0.64
0.563
0.145
0.397
0.705
0.343
0.456
0.632
0.602
0.022
0.146
0.456
0.309
0.183
0.123
0.217
0.531
0.763
0.029
0.017
0.751
0.895
0.51
0.497
0.79
0.671
0.288
0.993
0.605
0.849
0.491
0.771
0.151
0.216
0.028
0.247
0.495
0.369
0.526
0.38
0.919
0.56
0.502
0.16
0.781
0.808
0.024
0.874
0.554
0.076
0.264
0.451
0.504
0.022
0.844
0.463
0.719
0.069
0.196
0.496
0.924
0.396
0.131
0.752
0.09
0.755
0.072
0.566
0.241
0.979
0.684
0.827
0.417
0.324
0.029
0.536
0.0
0.506
0.027
0.197
0.922
0.725
0.285
0.856
0.943
0.179
0.295
0.446
0.87
0.865
0.851
0.744
0.635
0.952
0.067
0.918
0.139
0.856
0.083
0.925
0.399
0.364
0.259
0.687
0.732
0.241
0.133
0.487
0.359
0.011
0.247
0.113
0.969
0.748
0.44
0.258
0.627
0.777
0.742
0.63
0.353
0.499
0.735
0.826
0.864
0.167
0.966
0.837
0.803
0.661
0.541
0.389
0.756
0.268
0.407
0.804
0.106
0.684
0.772
0.829
0.404
0.341
0.342
0.462
0.321
0.02
0.655
0.934
0.393
0.654
0.16
0.943
0.283
0.234
0.617
0.858
0.342
0.838
0.69
0.709
0.239
0.604
0.002
0.821
0.208
0.553
0.235
0.006
0.244
0.712
0.979
0.194
0.379
0.312
0.001
0.483
0.995
0.791
0.425
0.87
0.075
0.252
0.964
0.701
0.583
0.357
0.676
0.852
0.675
0.001
0.576
0.133
0.655
0.422
0.271
0.595
0.256
0.99
0.726
0.667
0.618
0.747
0.889
0.004
0.952
0.21
0.255
0.139
0.104
0.843
0.24
0.605
0.822
0.489
0.563
0.948
0.078
0.198
0.731
0.328
0.632
0.62
0.539
0.46
0.905
0.474
0.668
0.887
0.476
0.148
0.649
0.761
0.921
0.564
0.985
0.016
0.587
0.126
0.526
0.4
0.953
0.566
0.507
0.609
0.764
0.214
0.894
0.165
0.002
0.522
0.611
0.44
0.156
0.888
0.573
0.763
0.018
0.213
0.053
0.024
0.735
0.584
0.716
0.427
0.708
0.627
0.276
0.917
0.314
0.984
0.165
0.639
0.395
0.022
0.16
0.258
0.908
0.882
0.838
0.246
