0.347
0.749
0.908
0.421
0.813
0.916
0.846
0.778
0.24
0.775
0.262
0.526
0.244
0.084
0.861
0.491
0.031
0.971
0.278
0.671
0.03
0.654
0.399
0.019
0.53
0.909
0.547
0.092
0.69
0.588
0.944
0.151
0.754
0.149
0.441
0.267
0.004
0.6
0.469
0.801
0.784
0.941
0.805
0.812
0.015
0.79
0.268
0.476
0.689
0.788
0.863
0.775
0.873
0.195
0.711
0.959
0.99
0.319
0.441
0.081
0.595
0.708
0.697
0.167
0.323
0.322
0.514
0.415
0.146
0.67
0.739
0.978
0.03
0.656
0.812
0.835
0.174
0.26
0.616
0.233
0.082
0.112
0.097
0.206
0.311
0.694
0.627
0.013
0.03
0.76
0.666
0.601
0.025
0.976
0.555
0.083
0.531
0.535
0.468
0.04
0.922
0.153
0.701
0.078
0.74
0.659
0.723
0.994
0.152
0.437
0.132
0.32
0.558
0.338
0.116
0.934
0.003
0.332
0.903
0.414
0.885
0.963
0.827
0.223
0.052
0.941
0.875
0.001
0.999
0.463
0.212
0.359
0.727
0.827
0.455
0.395
0.841
0.667
0.438
0.442
0.576
0.243
0.142
0.04
0.112
0.284
0.818
0.969
0.051
0.242
0.299
0.29
0.556
0.228
0.945
0.73
0.407
0.079
0.543
0.081
0.49
0.673
0.064
0.494
0.57
0.973
0.886
0.204
0.729
0.025
0.367
0.727
0.819
0.127
0.482
0.497
0.923
0.998
0.201
0.351
0.335
0.274
0.585
0.715
0.557
0.52
0.939
0.804
0.98
0.911
0.145
0.91
0.083
0.766
0.734
0.744
0.57
0.972
0.328
0.962
0.859
0.638
0.633
0.993
0.692
0.594
0.193
0.847
0.464
0.158
0.168
0.388
0.088
0.495
0.508
0.88
0.412
0.972
0.207
0.732
0.375
0.838
0.101
0.273
0.049
0.412
0.133
0.851
0.883
0.505
0.018
0.324
0.603
0.914
0.657
0.448
0.472
0.185
0.785
0.345
0.274
0.556
0.401
0.254
0.777
0.112
0.173
0.183
0.79
0.014
0.429
0.855
0.751
0.493
0.831
0.578
0.404
0.648
0.782
0.208
0.932
0.864
0.554
0.13
0.433
0.349
0.444
0.29
0.772
0.094
0.085
0.975
0.574
0.075
0.344
0.423
0.431
0.061
0.385
0.996
0.56
0.965
0.363
0.119
0.496
0.236
0.871
0.452
0.735
0.976
0.346
0.576
0.335
0.665
0.756
0.849
0.739
0.3
0.68
0.671
0.964
0.951
0.204
0.297
0.817
0.968
0.444
0.329
0.425
0.391
0.312
0.316
0.119
0.652
0.136
0.022
0.758
0.605
0.033
0.039
0.965
0.063
0.529
0.144
0.109
0.06
0.186
0.978
0.451
0.15
0.975
0.577
0.701
0.718
0.782
0.601
0.119
0.566
0.336
0.934
0.134
0.141
0.724
0.734
0.762
0.235
0.936
0.296
0.071
0.277
0.494
0.032
0.12
0.142
0.523
0.997
0.397
0.527
0.432
0.264
0.601
0.753
0.386
0.443
0.455
0.316
0.404
0.299
0.922
0.018
0.065
0.869
0.346
0.203
0.971
0.602
0.755
0.939
0.243
0.965
0.77
0.663
0.04
0.157
0.409
0.942
0.661
0.699
0.176
0.765
0.586
0.001
0.265
0.838
0.116
0.129
0.962
0.974
0.554
0.568
0.225
0.04
0.311
0.847
0.42
0.523
0.65
0.072
0.126
0.009
0.126
0.607
0.886
0.22
0.263
0.858
0.311
0.835
0.046
0.549
0.732
0.535
0.223
0.769
0.386
0.309
0.152
0.023
0.42
0.684
0.829
0.654
0.097
0.557
0.396
0.892
0.033
0.158
0.018
0.095
0.858
0.222
0.116
0.057
0.75
0.916
0.85
0.153
0.88
0.637
0.879
0.055
0.241
0.227
0.275
0.244
0.484
0.766
0.268
0.241
0.538
0.97
0.97
0.462
0.054
0.381
0.04
0.209
0.53
0.017
0.365
0.865
0.292
0.288
0.574
0.55
0.289
0.88
0.55
0.298
0.454
0.083
0.549
0.345
0.615
0.669
0.623
0.156
0.415
0.522
0.988
0.331
0.792
0.788
0.876
0.765
0.083
0.012
0.62
0.352
0.304
0.094
0.694
0.428
0.823
0.716
0.892
0.121
0.119
0.057
0.051
0.048
0.648
0.08
0.852
0.479
0.046
0.026
0.721
0.894
0.004
0.282
0.441
0.601
0.802
0.298
0.925
0.537
0.104
0.109
0.854
0.777
0.974
0.512
0.163
0.948
0.799
0.727
0.24
0.298
0.566
0.831
0.658
0.426
0.452
0.442
0.876
0.697
0.97
0.108
0.966
0.868
0.328
0.783
0.482
0.591
0.376
0.991
0.715
0.436
0.224
0.147
0.446
0.839
0.045
0.26
0.327
0.035
0.876
0.712
0.015
0.625
0.668
0.099
0.331
0.985
0.056
0.847
0.451
0.17
0.262
0.171
0.902
0.052
0.756
0.864
0.662
0.175
0.028
0.33
0.804
0.219
0.641
0.59
0.743
0.227
0.48
0.253
0.909
0.093
0.776
0.515
0.838
0.122
0.844
0.645
0.485
0.096
0.374
0.726
0.38
0.167
0.131
0.477
0.612
0.247
0.213
0.8
0.492
0.306
0.856
0.106
0.846
0.455
0.043
0.517
0.326
0.523
0.666
0.21
0.613
0.74
0.89
0.63
0.917
0.137
0.259
0.818
0.166
0.454
0.704
0.699
0.879
0.15
0.145
0.178
0.681
0.008
0.781
0.815
0.323
0.218
0.953
0.353
0.743
0.811
0.073
0.953
0.046
0.207
0.39
0.484
0.316
0.611
0.496
0.429
0.783
0.745
0.651
0.304
0.368
0.457
0.825
0.908
0.728
0.974
0.203
0.503
0.218
0.487
0.525
0.602
0.651
0.318
0.222
0.17
0.334
0.657
0.837
0.171
0.757
0.676
0.799
0.811
0.831
0.781
0.04
0.403
0.626
0.114
0.043
0.517
0.745
0.957
0.308
0.92
0.319
0.929
0.448
0.508
0.34
0.525
0.318
0.073
0.823
0.768
0.531
0.858
0.033
0.78
0.322
0.29
0.43
0.934
0.318
0.667
0.314
0.919
0.286
0.635
0.8
0.241
0.263
0.121
0.224
0.691
0.958
0.298
0.592
0.141
0.197
0.954
0.838
0.854
0.246
0.513
0.129
0.013
0.068
0.493
0.667
0.282
0.578
0.686
0.322
0.61
0.175
0.89
0.692
0.541
0.419
0.547
0.358
0.21
0.266
0.1
0.516
0.781
0.4
0.827
0.348
0.489
0.372
0.715
0.455
0.117
0.225
0.03
0.825
0.923
0.264
0.019
0.64
0.016
0.198
0.733
0.995
0.287
0.42
0.832
0.158
0.921
0.733
0.289
0.156
0.786
0.87
0.04
0.804
0.995
0.491
0.908
0.976
0.428
0.579
0.994
0.374
0.066
0.477
0.187
0.677
0.804
0.104
0.969
0.705
0.563
0.555
0.599
0.325
0.283
0.248
0.314
0.546
0.87
0.858
0.804
0.874
0.045
0.307
0.604
0.954
0.998
0.813
0.914
0.877
0.3
0.083
0.7
0.241
0.018
0.774
0.13
0.604
0.54
0.639
0.814
0.92
0.329
0.528
0.92
0.562
0.739
0.235
0.013
0.554
0.009
0.87
0.952
0.882
0.364
0.559
0.827
0.746
0.694
0.788
0.911
0.48
0.928
0.703
0.637
0.053
0.138
0.393
0.987
0.012
0.711
0.435
0.997
0.381
0.848
0.915
0.502
0.068
0.417
0.329
0.14
0.848
0.957
0.321
0.754
0.766
0.047
0.501
0.474
0.864
0.311
0.659
0.227
0.101
0.787
0.687
0.312
0.125
0.211
0.375
0.736
0.299
0.928
0.896
0.022
0.838
0.73
0.344
0.509
0.493
0.331
0.038
0.209
0.141
0.309
0.698
0.098
0.36
0.738
0.783
0.089
0.486
0.763
0.82
0.709
0.083
0.566
0.925
0.418
0.435
0.845
0.925
0.858
0.233
0.677
0.641
0.893
0.392
0.108
0.339
0.579
0.078
0.155
0.853
0.754
0.498
0.042
0.018
0.051
0.795
0.818
0.518
0.167
0.32
0.347
0.476
0.708
0.435
0.869
0.055
0.608
0.077
0.696
0.884
0.438
0.437
0.661
0.502
0.3
0.879
0.772
0.992
0.602
0.909
0.754
0.555
0.936
0.422
0.185
0.424
0.325
0.256
0.46
0.715
0.665
0.701
0.357
0.383
0.389
0.253
0.989
0.537
0.747
0.626
0.342
