0.328
0.841
0.351
0.98
0.159
0.116
0.777
0.035
0.246
0.153
0.35
0.587
0.183
0.034
0.367
0.549
0.581
0.277
0.654
0.724
0.048
0.259
0.704
0.403
0.537
0.825
0.27
0.991
0.008
0.91
0.404
0.203
0.477
0.991
0.429
0.465
0.378
0.688
0.756
0.686
0.953
0.487
0.95
0.815
0.804
0.676
0.936
0.817
0.285
0.082
0.589
0.147
0.538
0.94
0.066
0.029
0.511
0.062
0.801
0.31
0.222
0.192
0.244
0.914
0.396
0.081
0.043
0.73
0.901
0.264
0.304
0.25
0.884
0.456
0.07
0.117
0.566
0.326
0.231
0.208
0.945
0.195
0.366
0.446
0.439
0.908
0.94
0.069
0.972
0.419
0.857
0.882
0.805
0.204
0.755
0.186
0.627
0.723
0.875
0.89
0.229
0.586
0.38
0.05
0.3
0.408
0.303
0.588
0.559
0.463
0.057
0.529
0.674
0.87
0.487
0.689
0.936
0.838
0.452
0.178
0.524
0.435
0.005
0.69
0.255
0.075
0.481
0.765
0.332
0.98
0.759
0.566
0.071
0.267
0.576
0.847
0.175
0.316
0.499
0.966
0.557
0.448
0.652
0.439
0.308
0.563
0.928
0.202
0.82
0.658
0.379
0.506
0.068
0.47
0.941
0.218
0.942
0.141
0.811
0.183
0.047
0.523
0.646
0.96
0.738
0.06
0.035
0.21
0.59
0.342
0.317
0.149
0.359
0.455
0.362
0.082
0.068
0.072
0.231
0.286
0.021
0.973
0.65
0.844
0.152
0.521
0.675
0.034
0.511
0.181
0.542
0.59
0.69
0.133
0.84
0.948
0.154
0.4
0.23
0.361
0.665
0.249
0.942
0.161
0.658
0.118
0.572
0.848
0.244
0.273
0.842
0.444
0.398
0.436
0.74
0.349
0.422
0.877
0.344
0.034
0.657
0.979
0.318
0.219
0.541
0.557
0.978
0.817
0.232
0.361
0.257
0.504
0.172
0.902
0.593
0.428
0.613
0.611
0.004
1.0
0.644
0.93
0.323
0.158
0.656
0.819
0.435
0.367
0.359
0.725
0.712
0.383
0.74
0.33
0.408
0.901
0.449
0.423
0.741
0.204
0.994
0.61
0.753
0.201
0.851
0.319
0.972
0.299
0.066
0.126
0.158
0.626
0.596
0.123
0.271
0.63
0.129
0.166
0.156
0.25
0.311
0.978
0.018
0.073
0.806
0.922
0.572
0.623
0.457
0.458
0.376
0.989
0.391
0.521
0.661
0.339
0.396
0.313
0.443
0.541
0.623
0.284
0.305
0.926
0.434
0.001
0.755
0.107
0.556
0.036
0.54
0.439
0.476
0.029
0.247
0.637
0.255
0.687
0.485
0.113
0.236
0.904
0.086
0.325
0.806
0.621
0.971
0.082
0.977
0.194
0.53
0.198
0.658
0.239
0.93
0.091
0.26
0.17
0.104
0.869
0.194
0.26
0.651
0.815
0.793
0.946
0.241
0.497
0.177
0.847
0.895
0.391
0
0.019
0.904
0.689
0.687
0.398
0.786
0.592
0.494
0.716
0.28
0.288
0.176
0.656
0.02
0.449
0.007
0.024
0.21
0.208
0.158
0.433
0.166
0.924
0.766
0.964
0.378
0.662
0.555
0.812
0.916
0.059
0.868
0.934
0.989
0.25
0.724
0.12
0.725
0.107
0.201
0.606
0.936
0.521
0.726
0.411
0.998
0.248
0.066
0.189
0.862
0.565
0.425
0.094
0.733
0.787
0.065
0.289
0.96
0.179
0
0.146
0.98
0.198
0.488
0.817
0.216
0.022
0.689
0.646
0.901
0.494
0.458
0.832
0.064
0.083
0.024
0.522
0.735
0.57
0.851
0.667
0.006
0.301
0.884
0.884
0.661
0.964
0.999
0.809
0.37
0.602
0.553
0.819
0.109
0.001
0.042
0.36
0.506
0.164
0.307
0.355
0.989
0.896
0.04
0.272
0.509
0.985
0.933
0.778
0.841
0.998
0.212
0.183
0.171
0.432
0.786
0.428
0.873
0.263
0.182
0.742
0.086
0.034
0.791
0.437
0.674
0.789
0.883
0.245
0.608
0.524
0.895
0.592
0.054
0.875
0.799
0.799
0.457
0.637
0.546
0.854
0.367
0.498
0.523
0.468
0.626
0.295
0.046
0.815
0.061
0.735
0.188
0.782
0.909
0.974
0.468
0.716
0.932
0.344
0.106
0.081
0.479
0.146
0.612
0.019
0.038
0.673
0.856
0.841
0.422
0.12
0.534
0.807
0.506
0.863
0.156
0.485
0.477
0.785
0.005
0.29
0.475
0.113
0.147
0.805
0.723
0.422
0.354
0.328
0.402
0.23
0.068
0.512
0.017
0.129
0.316
0.93
0.803
0.841
0.556
0.315
0.169
0.604
0.3
0.401
0.482
0.781
0.285
0.23
0.471
0.394
0.911
0.279
0.835
0.35
0.323
0.519
0.464
0.244
0.596
0.337
0.037
0.945
0.825
0.692
0.002
0.222
0.708
0.761
0.011
0.222
0.133
0.897
0.802
0.686
0.468
0.377
0.588
0.064
0.258
0.332
0.592
0.761
0.864
0.747
0.983
0.917
0.276
0.721
0.81
0.632
0.035
0.21
0.099
0.097
0.743
0.74
0.793
0.102
0.527
0.088
0.447
0.591
0.009
0.556
0.799
0.29
0.482
0.496
0.207
0.786
0.068
0.227
0.804
0.176
0.936
0.883
0.622
0.086
0.935
0.096
0.716
0.839
0.622
0.912
0.123
0.384
0.576
0.377
0.414
0.941
0.01
0.646
0.061
0.008
0.384
0.366
0.753
0.206
0.343
0.11
0.835
0.233
0.218
0.196
0.06
0.044
0.1
0.07
0.891
0.982
0.048
0.845
0.797
0.438
0.114
0.395
0.508
0.739
0.264
0.33
0.14
0.095
0.825
0.204
0.215
0.237
0.822
0.118
0.423
0.113
0.39
0.25
0.289
0.332
0.663
0.924
0.431
0.206
0.864
0.878
0.257
0.822
0.71
0.47
0.926
0.956
0.6
0.723
0.879
0.57
0.55
0.631
0.567
0.625
0.902
0.537
0.473
0.778
0.33
0.6
0.69
0.443
0.615
0.577
0.393
0.796
0.282
0.227
0.187
0.037
0.888
0.189
0.899
0.659
0.824
0.807
0.925
0.682
0.615
0.572
0.266
0.813
0.607
0.101
0.224
0.81
0.729
0.958
0.117
0.01
0.488
0.653
0.364
0.019
0.195
0.548
0.364
0.689
0.07
0.437
0.698
0.018
0.947
0.804
0.418
0.661
0.054
0.058
0.313
0.858
0.918
0.216
0.134
0.752
0.842
0.281
0.579
0.52
0.842
0.712
0.704
0.653
0.013
0.443
0.991
0.639
0.86
0.051
0.888
0.257
0.359
0.482
0.314
0.965
0.607
0.36
0.283
0.717
0.46
0.575
0.5
0.154
0.516
0.847
0.611
0.256
0.657
0.208
0.86
0.087
0.135
0.661
0.946
0.799
0.135
0.088
0.167
0.376
0.067
0.612
0.846
0.441
0.627
0.6
0.431
0.214
0.264
0.614
0.435
0.959
0.512
0.144
0.9
0.954
0.021
0.467
0.862
0.133
0.307
0.752
0.723
0.726
0.608
0.103
0.409
0.956
0
0.171
0.483
0.91
0.945
0.881
0.853
0.243
0.432
0.557
0.907
0.51
0.453
0.76
0.361
0.006
0.024
0.182
0.098
0.974
0.981
0.953
0.482
0.601
0.638
0.093
0.422
0.577
0.537
0.765
0.867
0.493
0.776
0.145
0.909
0.755
0.798
0.521
0.138
0.667
0.844
0.419
0.039
0.636
0.661
0.643
0.393
0.809
0.905
0.126
0.049
0.449
0.285
0.41
0.535
0.303
0.87
0.776
0.258
0.472
0.309
0.042
0.741
0.896
0.443
0.372
0.46
0.709
0.58
0.065
0.094
0.014
0.762
0.824
0.845
0.213
0.104
0.498
0.749
0.83
0.679
0.113
0.17
0.968
0.221
0.963
0.323
0.01
0.103
0.852
0.092
0.006
0.86
0.274
0.482
0.171
0.855
0.928
0.452
0.315
0.649
0.692
0.783
0.847
0.746
0.524
0.402
0.285
0
0.434
0.762
0.585
0.391
0.656
0.908
0.569
0.175
0.934
0.02
0.973
0.708
0.119
0.724
0.508
0.542
0.178
0.412
0.617
0.542
0.924
0.905
0.426
0.758
0.32
0.074
0.9
0.084
0.145
0.028
0.903
0.178
0.88
0.085
0.174
0.023
0.262
0.125
0.637
0.795
0.594
0.565
0.684
0.627
0.964
0.73
0.519
0.273
0.374
0.515
0.543
