0.341
0.992
0.518
0.613
0.886
0.925
0.648
0.233
0.021
0.804
0.597
0.939
0.315
0.778
0.087
0.641
0.446
0.159
0.121
0.308
0.249
0.341
0.186
0.181
0.969
0.606
0.769
0.213
0.274
0.062
0.031
0.064
0.966
0.471
0.79
0.097
0.98
0.012
0.657
0.106
0.378
0.484
0.271
0.052
0.318
0.916
0.554
0.916
0.862
0.328
0.327
0.26
0.699
0.638
0.211
0.335
0.231
0.132
0.558
0.665
0.775
0.26
0.658
0.642
0.839
0.722
0.284
0.685
0.872
0.393
0.653
0.418
0.455
0.089
0.423
0.777
0.36
0.504
0.752
0.18
0.433
0.56
0.044
0.425
0.409
0.75
0.191
0.026
0.158
0.483
0.066
0.273
0.9
0.781
0.582
0.624
0.161
0.223
0.868
0.999
0.074
0.477
0.507
0.463
0.727
0.439
0.26
0.469
0.853
0.045
0.793
0.544
0.221
0
0.646
0.782
0.682
0.364
0.092
0.665
0.075
0.074
0.309
0.163
0.589
0.543
0.286
0.653
0.422
0.349
0.539
0.421
0.624
0.109
0.68
0.052
0.752
0.442
0.637
0.913
0.035
0.812
0.961
0.305
0.049
0.069
0.421
0.377
0.152
0.346
0.663
0.57
0.928
0.268
0.599
0.484
0.255
0.042
0.695
0.057
0.228
0.589
0.172
0.67
0.982
0.897
0.753
0.172
0.319
0.9
0.02
0.193
0.392
0.628
0.653
0.434
0.111
0.733
0.391
0.886
0.413
0.633
0.0
0.751
0.824
0.427
0.942
0.594
0.761
0.83
0.585
0.466
0.068
0.926
0.908
0.518
0.618
0.241
0.655
0.614
0.914
0.087
0.013
0.761
0.923
0.702
0.876
0.282
0.632
0.291
0.352
0.252
0.553
0.143
0.291
0.331
0.81
0.734
0.332
0.898
0.592
0.911
0.456
0.025
0.855
0.235
0.287
0.794
0.293
0.224
0.698
0.744
0.099
0.146
0.912
0.783
0.109
0.917
0.483
0.112
0.045
0.698
0.403
0.611
0.132
0.493
0.349
0.278
0.725
0.449
0.132
0.805
0.653
0.286
0.634
0.694
0.193
0
0.573
0.53
0.625
0.733
0.417
0.147
0.159
0.605
0.187
0.966
0.883
0.468
0.53
0.832
0.907
0.498
0.632
0.178
0.557
0.815
0.091
0.833
0.962
0.875
0.881
0.523
0.552
0.74
0.969
0.649
0.778
0.739
0.974
0.606
0.802
0.814
0.163
0.99
0.832
0.88
0.226
0.541
0.229
0.768
0.747
0.929
0.129
0.532
0.429
0.164
0.628
0.403
0.13
0.81
0.7
0.283
0.059
0.004
0.005
0.01
0.752
0.313
0.691
0.947
0.047
0.026
0.693
0.662
0.619
0.866
0.13
0.847
0.13
0.36
0.667
0.655
0.176
0.22
0.077
0.945
0.645
0.963
0.933
0.006
0.222
0.627
0.748
0.624
0.279
0.841
0.729
0.523
0.161
0.451
0.659
0.998
0.237
0.604
0.855
0.395
0.966
0.283
0.744
0.198
0.133
1.0
0.653
0.277
0.376
0.971
0.9
0.865
0.327
0.297
0.963
0.39
0.35
0.562
0.722
0.235
0.154
0.022
0.059
0.551
0.026
0.175
0.817
0.594
0.326
0.869
0.105
0.845
0.434
0.018
0.648
0.204
0.329
0.393
0.556
0.605
0.15
0.585
0.514
0.335
0.782
0.059
0.741
0.279
0.146
0.993
0.311
0.734
0.662
0.764
0.483
0.745
0.805
0.599
0.962
0.006
0.347
0.069
0.575
0.778
0.146
0.873
0.633
0.467
0.826
0.717
0.568
0.34
0
0.444
0.249
0.974
0.971
0.58
0.17
0.628
0.039
0.671
0.662
0.172
0.314
0.393
0.397
0.457
0.603
0
0.67
0.487
0.087
0.105
0.552
0.721
0.493
0.644
0.959
0.277
0.282
0.383
0.348
0.402
0.02
0.674
0.591
0.267
0.637
0.145
0.621
0.615
0.5
0.048
0.208
0.978
0.916
0.072
0.822
0.13
0.646
0.348
0.806
0.074
0.39
0.576
0.914
0.996
0.111
0.424
0.211
0.463
0.157
0.849
0.639
0.591
0.324
0.043
0.354
0.327
0.76
0.265
0.225
0.154
0.201
0.89
0.048
0.762
0.983
0.762
0.805
0.843
0.263
0.652
0.392
0.361
0.88
0.393
0.716
0.432
0.763
0.147
0.606
0.994
0.064
0.31
0.236
0.65
0.576
0.008
0.695
0.224
0.341
0.658
0.59
0.988
0.906
0.723
0.108
0.286
0.479
0.662
0.322
0.302
0.385
0.082
0.26
0.248
0.961
0.649
0.067
0.577
0.106
0.828
0.035
0.907
0.523
0.088
0.943
0.956
0.058
0.853
0.944
0.881
0.653
0.063
0.415
0.519
0.05
0.068
0.03
0.4
0.241
0.306
0.941
0.204
0.705
0.07
0.181
0.396
0.651
0.572
0.967
0.103
0.281
0.698
0.905
0.843
0.883
0.815
0.015
0.586
0.5
0.44
0.857
0.922
0.28
0.779
0.634
0.498
0.502
0.54
0.652
0.288
0.523
0.776
0.314
0.454
0.878
0.504
0.274
0.554
0.916
0.563
0.319
0.659
0.858
0.531
0.1
0.855
0.564
0.636
0.623
0.348
0.065
0.476
0.913
0.152
0.944
0.968
0.918
0.966
0.192
0.586
0.473
0.534
0.104
0.279
0.925
0.702
0.51
0.517
0.042
0.474
0.085
0.898
0.383
0.691
0.401
0.591
0.665
0.057
0.408
0.073
0.99
0.166
0.509
0.579
0.82
0.135
0.307
0.037
0.373
0.883
0.96
0.017
0.12
0.094
0.532
0.909
0.876
0.503
0.106
0.314
0.611
0.481
0.636
0.888
0.908
0.527
0.357
0.003
0.526
0.056
0.661
0.089
0.379
0.357
0.842
0.574
0.413
0.754
0.378
0.941
0.797
0.751
0.277
0.184
0.329
0.485
0.341
0.753
0.272
0.77
0.362
0.599
0.105
0.833
0.076
0.872
0.327
0.885
0.812
0.292
0.958
0.573
0.375
0.569
0
0.095
0.897
0.808
0.576
0.46
0.602
0.269
0.742
0.177
0.54
0.227
0.367
0.555
0.793
0.709
0.853
0.381
0.625
0.475
0.719
0.787
0.607
0.542
0.146
0.397
0.385
0.51
0.508
0.414
0.173
0.011
0.166
0.048
0.96
0.459
0.524
0.489
0.571
0.512
0.308
0.422
0.069
0.324
0.133
0.278
0.226
0.793
0.051
0.83
0.772
0.137
0.169
0.119
0.022
0.235
0.665
0.469
0.297
0.6
0.191
0.532
0.596
0.076
0.858
0.929
0.463
0.733
0.264
0.283
0.448
0.992
0.322
0.234
0.321
0.984
0.734
0.636
0.723
0.858
0.852
0.011
0
0.692
0.407
0.952
0.838
0.177
0
0.169
0.313
0.065
0.155
0.611
0.457
0.65
0.777
0.841
0.244
0.084
0.384
0.871
0.586
0.931
0.538
0.841
0.353
0.643
0.526
0.853
0.423
0.27
0.214
0.872
0.691
0.181
0.035
0.12
0.127
0.782
0.703
0.908
0.462
0.84
0.167
0.848
0.973
0.213
0.874
0.298
0.902
0.491
0.129
0.171
0.412
0.785
0.968
0.938
0.42
0.712
0.559
0.56
0.5
0.298
0.31
0.407
0.488
0.522
0.102
0.967
0.989
0.855
0.019
0.356
0.949
0.566
0.824
0.447
0.938
0.186
0.622
0.609
0.073
0.651
0.846
0.562
0.538
0.798
0.049
0.955
0.077
0.92
0.969
0.215
0.809
0.476
0.411
0.547
0.91
0.941
0.259
0.901
0.752
0.346
0.836
0
0.002
0.454
0.721
0.111
0.667
0.806
0.304
0.299
0.896
0.66
0.795
0.644
0.777
0.157
0.103
0.689
0.005
0.101
0.969
0.485
0.272
0.818
0.005
0.142
0.756
0.131
0.571
0.819
0.787
0.468
0.867
0.744
0.104
0.049
0.614
0.303
0.368
0.882
0.266
0.112
0.965
0.929
0.566
0.617
0.599
0.686
0.978
0.337
0.189
0.921
0.117
0.442
0.889
0.838
0.435
0.696
0.402
0.587
0.664
0.791
0.659
0.468
0.853
0.078
0.752
0.589
0.76
0.785
0.89
0.337
0.879
0.101
0.835
0.93
0.325
0.895
0.715
0.748
0.173
0.209
0.732
0.098
0.749
0.082
0.409
0.964
0.917
0.212
0.486
0.064
0.949
0.869
0.463
0.973
0.827
0.765
0.664
0.642
