0.586
0.536
0.919
0.653
0
0.303
0.317
0.318
0.627
0.586
0.777
0.87
0.584
0.409
0.198
0.888
0.553
0.816
0.073
0.642
0.758
0.374
0.711
0.246
0.341
0.752
0.556
0.281
0.276
0.785
0.832
0.312
0.969
0.207
0.158
0.45
0.806
0.027
0.333
0.513
0.749
0.696
0.824
0.322
0.188
0.638
0.105
0.397
0.365
0.905
0.995
0.742
0.006
0.01
0.086
0.595
0.892
0.224
0.601
0.245
0.199
0.336
0.228
0.43
0.403
0.05
0.954
0.184
0.256
0.209
0.154
0.652
0.79
0.772
0.163
0.558
0.57
0.405
0.634
0.43
0.379
0.937
0.49
0.67
0.264
0.411
0.396
0.224
0.546
0.784
0.622
0.76
0.174
0.358
0.384
0.753
0.617
0.99
0.98
0.264
0.369
0.859
0.034
0.169
0.356
0.746
0.878
0.864
0.689
0.863
0.87
0.789
0.094
0.598
0.512
0.355
0.619
0.823
0.097
0.73
0.254
0.288
0.09
0.859
0.978
0.745
0.512
0.361
0.661
0.903
0.805
0.728
0.642
0.314
0.371
0.084
0.744
0.886
0.905
0.048
0.805
0.244
0.74
0.038
0.937
0.883
0.886
0.491
0.905
0.363
0.148
0.804
0.103
0.206
0
0.095
0.888
0.296
0.659
0.383
0.198
0.42
0.525
0.119
0.227
0.887
0.85
0.147
0.179
0.072
0.217
0.611
0.293
0.276
0.103
0.889
0.352
0.627
0.452
0.934
0.933
0.121
0.497
0.661
0.027
0.889
0.274
0.772
0.647
0.304
0.494
0.235
0.434
0.882
0.552
0.615
0.332
0.191
0.726
0.34
0.828
0.135
0.349
0.269
0.17
0.965
0.989
0.532
0.626
0.504
0.527
0.068
0.661
0.246
0.35
0.613
0.383
0.97
0.355
0.428
0.986
0.041
0.376
0.53
0.65
0.313
0.117
0.809
0.173
0.651
0.873
0.788
0.173
0.39
0.208
0.928
0.801
0.871
0.688
0.01
0.983
0.224
0.323
0.016
0.726
0.871
0.408
0.721
0.997
0.988
0.777
0.194
0.316
0.327
0.051
0.815
0.985
0.327
0.354
0.366
0.958
0.253
0.875
0.468
0.358
0.926
0.099
0.786
0.984
0.982
0.993
0.452
0.547
0.825
0.061
0.472
0.17
0.478
0.088
0.265
0.508
0.246
0.704
0.731
0.09
0.866
0.593
0.611
0.123
0.938
0.912
0.633
0.747
0.714
0.89
0.276
0.226
0.652
0.232
0.433
0.002
0.714
0.838
0.256
0.982
0.655
0.022
0.658
0.039
0.245
0.638
0.901
0.483
0.754
0.215
0.614
0.528
0.944
0.919
0.05
0.748
0.025
0.564
0.946
0
0.937
0.288
0.831
0.623
0.079
0.91
0.264
0.242
0.097
0.025
0.93
0.141
0.583
0.73
0.874
0.514
0.052
0.454
0.477
0.344
0.529
0.977
0.845
0.324
0.014
0.292
0.859
0.297
0.351
0.032
0.219
0.707
0.062
0.69
0.774
0.249
0.578
0.782
0.259
0.624
0.837
0.654
0.331
0.331
0.531
0.128
0.325
0.193
0.693
0.41
0.247
0.568
0.063
0.553
0.218
0.144
0.615
0.861
0.879
0.543
0.441
0.364
0.635
0.044
0.804
0.339
0.16
0.405
0.941
0.895
0.229
0.615
0.039
0.684
0.005
0.758
0.612
0.644
0.874
0.405
0.278
0.918
0.028
0.573
0.214
0.056
0.914
0.736
0.589
0.606
0.556
0.628
0.505
0.137
0.238
0.745
0.649
0.384
0
0.436
0.637
0.635
0.945
0.17
0.685
0.359
0.298
0.916
0.874
0.539
0.794
0.837
0.855
0.374
0.092
0.088
0.589
0.536
0.407
0.336
0.185
0.034
0.53
0.31
0.808
0.455
0.697
0.888
0.752
0.828
0.779
0.575
0.055
0.436
0.707
0.74
0.45
0
0.603
0.147
0.636
0.172
0.641
0.661
0.389
0.782
0.769
0.758
0.758
0.107
0.672
0.13
0.358
0.915
0.868
0.747
0.604
0.306
0.194
0.839
0.486
0.419
0.483
0.267
0.558
0.43
0.123
0.883
0.388
0.842
0.393
0.854
0.957
0.729
0.932
0.033
0.446
0.172
0.722
0.522
0.399
0.047
0.15
0.914
0.484
0.266
0.591
0.253
0.903
0.237
0.991
0.08
0.158
0.783
0.057
0.746
0.803
0.461
0.454
0.068
0.516
0.082
0.371
0.561
0.366
0.909
0.237
0.091
0.989
0.627
0.143
0.359
0.143
0.805
0.51
0.724
0.293
0.443
0.343
0.288
0.339
0.025
0.516
0.111
0.063
0.503
0.143
0.513
0.084
0.839
0.547
0.716
0.381
0.008
0.641
0.9
0.55
0.291
0.762
0.524
0.29
0.671
0.785
0.95
0.813
0.306
0.667
0.578
0.33
0.686
0.719
0.306
0.316
0.461
0.101
0.205
0.258
0.7
0.475
0.048
0.047
0.313
0.411
0.306
0.429
0.393
0.522
0.98
0.863
0.149
0.913
0.884
0.647
0.648
0.454
0.078
0.867
0.705
0.685
0.897
0.218
0.907
0.538
0.132
0.736
0.356
0.691
0.835
0.841
0.697
0.387
0.776
0.237
0.953
0.662
0.86
0.691
0.444
0.873
0.987
0.037
0.587
0.221
0.888
0.529
0.342
0.854
0.545
0.033
0.032
0.356
0.527
0.769
0.406
0.701
0.307
0.587
0.859
0.989
0.869
0.791
0.124
0.901
0.777
0.112
0.516
0.316
0.59
0.968
0.53
0.931
0.98
0.853
0.936
0.393
0.198
0.31
0.444
0.464
0.458
0.247
0.304
0.08
0.263
0.751
0.004
0.275
0.119
0.181
0.494
0.187
0.193
0.695
0.527
0.402
0.905
0.805
0.914
0
0.784
0.47
0.357
0.887
0.413
0.45
0.102
0.301
0.059
0.962
0.77
0.135
0.461
0.364
0.541
0.212
0.061
0.411
0.551
0.386
0.091
0.985
0.026
0.773
0.13
0.057
0.196
0.812
0.796
0.888
0.197
0.361
0.572
0.514
0.643
0.518
0.151
0.288
0.884
0.048
0.682
0.029
0.877
0.337
0.542
0.672
0.305
0.801
0.573
0.094
0.258
0.999
0.751
0.282
0.11
0.435
0.263
0.944
0.686
0.283
0.617
0.287
0.195
0.067
0.842
0.37
0.72
0.945
0.573
0.281
0.391
0.451
0.651
0.962
0.785
0.679
0.374
0.874
0.842
0.393
0.676
0.019
0.326
0.928
0.396
0.617
0.34
0.821
0.318
0.788
0.108
0.721
0.197
0.341
0.919
0.339
0.069
0.647
0.42
0.782
0.941
0.679
0.078
0.942
0.657
0.268
0.464
0.116
0.522
0.754
0.894
0.852
0.358
0.297
0.886
0.476
0.739
0.617
0.552
0.25
0.464
0.005
0.871
0.628
0.479
0.488
0.781
0.322
0.725
0.923
0.737
0.649
0.224
0.563
0.485
0.872
0.091
0.795
0.334
0.243
0.554
0.45
0.478
0.535
0.189
0.721
0.188
0.931
0.325
0.179
0.269
0.196
0.126
0.273
0.624
0.535
0.836
0.917
0.527
0.065
0.592
0.714
0.023
0.591
0.928
0.211
0.975
0.615
0.46
0.753
0.261
0.474
0.793
0.632
0.089
0.912
0.129
0.551
0.335
0.325
0.372
0.973
0.369
0.193
0.935
0.318
0.581
0.427
0.993
0.161
0.361
0.373
0.705
0.625
0.963
0.322
0
0.953
0.157
0.736
0.364
0.803
0.262
0.76
0.656
0.281
0.774
0.528
0.17
0.531
0.437
0.201
0.429
0.937
0.948
0.04
0.242
0.378
0.203
0.897
0.379
0.667
0.202
0.527
0.46
0.12
0.411
0.844
0.445
0.115
0.91
0.834
0.36
0.878
0.29
0.425
0.334
0.809
0.385
0.87
0.64
0.889
0.116
0.259
0.983
0.449
0.994
0.751
0.793
0.533
0.302
0.326
0.908
0.777
0.949
0.819
0.775
0.389
0.901
0.045
0.272
0.065
0.213
0.47
0.663
0.3
0.88
0.054
0.142
0.758
0.365
0.998
0.232
0.622
0.533
0.925
0.831
0.458
0.001
0.292
0.986
0.968
0
0.87
0.763
0.702
0.039
0.668
0.424
0.414
0.999
0.165
0.688
0.375
0.878
0.434
0.701
0.711
0.012
0.683
0.635
0.378
0.562
0.728
0.368
0.594
0.969
0.192
0.412
0.718
0.247
0.217
0.031
0.734
0.83
0.621
