0.707
0.432
0.38
0.479
0.302
0.87
0.362
0.45
0.69
0.685
0.386
0.607
0.885
0.444
0.126
0.181
0.16
0.089
0.873
0.435
0.54
0.245
0.123
0.184
0.893
0.864
0.353
0.205
0.803
0.855
0.068
0
0
0.936
0.35
0.722
0.681
0.93
0.276
0.26
0.543
0.975
0.312
0.071
0.57
0.295
0.255
0.293
0.98
0.786
0.28
0.659
0.569
0.195
0.472
0.162
0.95
0.742
0.035
0.513
0.621
0.245
0.393
0.812
0.565
0.481
0.131
0.012
0.733
0.535
0.606
0.273
0.287
0.98
0.849
0.991
0.028
0.729
0.578
0.827
0.719
0.808
0.06
0.099
0.652
0.096
0.216
0.873
0.016
0.359
0.498
0.007
0.111
0.538
0.039
0.152
0.714
0.179
0.576
0.631
0.645
0.457
0.938
0.153
0.2
0.124
0.73
0.343
0.338
0.852
0.669
0.061
0.558
0.355
0.159
0.582
0.033
0.209
0.233
0.502
0.957
0.993
0.03
0.533
0.528
0.892
0.866
0.506
0.014
0.694
0.08
0.071
0.78
0.219
0.581
0.901
0.757
0.591
0.774
0.671
0.426
0.125
0.288
0.092
0.945
0.284
0.559
0.204
0.988
0.902
0.613
0.509
0.528
0.48
0.46
0.302
0.349
0.194
0.829
0.625
0.865
0.593
0.648
0.411
0.723
0.423
0.88
0.365
0.203
0.424
0.453
0.496
0.552
0.38
0.485
0.461
0.002
0.194
0.168
0.128
0.927
0.382
0.408
0.645
0.984
0.886
0.753
0.758
0.465
0.582
0.633
0.679
0.416
0.114
0.705
0.448
0.515
0.872
0.437
0.351
0.059
0.378
0.985
0.79
0.998
0.523
0.476
0.17
0.296
0.389
0.16
0.306
0.127
0.975
0.296
0.829
0.341
0.729
0.255
0.302
0.138
0.47
0.053
0.509
0.813
0.415
0.19
0.845
0.246
0.061
0.615
0.954
0.114
0.554
0.914
0.047
0.49
0.308
0.255
0.778
0.685
0.01
0.501
0.027
0.879
0.724
0.497
0.229
0.958
0.757
0.532
0.514
0.123
0.379
0.63
0.47
0.926
0.698
0.436
0.724
0.133
0.389
0.496
0.329
0.854
0.708
0.386
0.92
0.594
0.01
0.921
0.11
0.195
0.118
0.001
0.946
0.04
0.856
0.392
0.606
0.701
0.624
0.076
0.588
0.539
0.527
0.237
0.446
0.722
0.806
0.912
0.729
0.921
0.617
0.667
0.962
0.811
0.511
0.762
0.523
0.742
0.146
0.78
0.016
0.489
0.691
0.775
0.633
0.739
0.84
0.903
0.744
0.87
0.111
0.525
0.732
0.031
0.392
0.704
0.82
0.639
0.749
0.196
0.25
0.812
0.576
0.547
0.756
0.176
0.628
0.254
0.933
0.198
0.388
0.859
0.779
0.605
0.919
0.007
0.349
0.777
0.879
0.609
0.247
0.543
0.819
0.832
0.853
0.795
0.654
0.57
0.795
0.968
0.123
0.68
0.017
0.299
0.193
0.199
0.951
0.28
0.305
0.86
0.238
0.999
0.159
0.59
0.285
0.477
0.312
0.045
0.146
0.249
0.216
0.691
0.023
0.4
0.141
0.845
0.56
0.057
0.937
0.545
0.45
0.064
0.416
0.54
0.674
0.671
0.835
0.656
0.344
0.97
0.712
0.777
0.374
0.171
0.925
0.545
0.928
0.349
0.464
0.03
0.361
0.391
0.086
0.692
0.877
0.817
0.341
0.196
0.848
0.958
0.264
0.791
0.982
0.852
0.978
0.634
0.566
0.304
0.674
0.09
0.501
0.93
0.95
0.747
0.583
0.849
0.143
0.517
0.991
0.325
0.422
0.212
0.261
0.105
0.286
0.085
0.985
0.287
0.939
0.903
0.503
0.929
0.799
0.952
0.062
0.908
0.332
0.364
0.825
0.409
0.713
0.791
0.903
0.147
0.287
0.139
0.862
0.901
0.935
0.069
0.134
0.125
0.424
0.414
0.037
0.916
0.867
0.514
0.128
0.624
0.542
0.906
0.834
0.873
0.049
0.488
0.87
0.453
0.167
0.3
0.245
0.707
0.709
0.494
0.28
0.758
0.138
0.808
0.445
0.256
0.527
0.685
0.288
0.667
0.054
0.833
0.116
0.68
0.455
0.205
0.79
0.061
0.77
0.2
0.729
0.747
0.299
0.039
0.497
0.57
0.744
0.384
0.345
0.543
0.264
0.864
0.572
0.394
0.792
0.83
0.925
0.545
0.626
0.969
0.865
0.765
0.305
0.1
0.946
0.506
0.427
0.24
0.124
0.275
0.951
0.907
0.927
0.93
0.476
0.054
0.379
0.771
0.965
0.103
0.631
0.611
0.271
0.187
0.533
0.294
0.867
0.388
0.873
0.742
0.722
0.83
0.116
0.963
0.977
0.239
0.154
0.37
0.267
0.295
0.497
0.615
0.53
0.465
0.364
0.179
0.704
0.345
0.342
0.366
0.536
0.647
0.071
0.221
0.639
0.773
0.735
0.559
0.982
0.643
0.699
0.048
0.722
0.739
0.172
0.736
0.966
0.601
0.664
0.176
0.133
0.709
0.518
0.945
0.112
0.78
0.981
0.634
0.015
0.903
0.747
0.835
0.792
0.63
0.655
0.956
0.405
0.361
0.526
0.182
0.876
0.721
0.537
0.298
0.321
0.892
0.953
0.071
0.114
0.357
0.354
0.372
0.718
0.403
0.325
0.634
0.1
0.141
0.235
0.387
0.899
0.436
0.663
0.389
0.298
0.356
0.09
0.317
0.611
0.342
0.731
0.114
0.119
0.129
0.674
0.319
0.833
0.426
0.331
0.427
0.748
0.03
0.924
0.475
0.235
0.356
0.013
0.539
0.377
0.924
0.057
0.725
0.828
0.406
0.878
0.18
0.722
0.423
0.839
0.647
0.164
0.827
0.585
0.422
0.039
0.824
0.112
0.337
0.836
0.56
0.051
0.265
0.873
0.179
0.919
0.06
0.49
0.114
0.574
0.488
0.532
0.843
0.163
0.623
0.69
0.038
0.505
0.965
0.804
0.551
0.055
0.549
0.363
0.243
0.786
0.501
0.398
0.18
0.715
0.973
0.532
0.005
0.21
0.291
0.004
0.436
0.161
0.118
0.76
0.213
0.044
0.167
0.093
0.109
0.93
0.721
0.894
0.736
0.569
0.451
0.716
0.819
0.531
0.028
0.552
0.449
0.633
0.557
0.142
0.469
0.931
0.86
0.277
0.109
0.476
0.901
0.906
0.364
0.247
0.062
0.001
0.59
0.78
0.34
0.19
0.549
0.073
0.965
0.537
0.437
0.623
0.207
0.773
0.19
0.83
0.225
0.605
0.674
0.949
0.325
0.523
0.41
0.182
0.431
0.711
0.658
0.024
0.809
0.915
0.616
0.3
0.165
0.477
0.188
0.298
0.915
0.494
0.336
0.897
0.755
0.582
0.079
0.359
0.894
0.895
0.225
0.728
0.3
0.553
0.291
0.033
0.475
0.236
0.619
0.235
0.467
0.767
0.618
0.476
0.669
0.008
0.059
0.949
0.661
0.693
0.722
0.722
0.14
0.991
0.713
0.307
0.465
0.37
0.879
0.655
0.768
0.468
0.027
0.445
0.587
0.37
0.144
0.44
0.289
0.505
0.942
0.077
0.739
0.638
0.49
0.244
0.235
0.885
0.977
0
0.993
0.615
0.784
0.307
0.325
0.611
0.319
0.742
0.28
0.112
0.493
0.774
0.608
0.014
0.526
0.496
0.956
0.6
0.967
0.361
0.902
0.926
0.822
0.401
0.021
0.469
0.394
0.685
0.797
0.863
0.296
0.282
0.414
0.336
0.633
0.58
0.137
0.55
0.997
0.855
0.609
0.826
0.371
0.549
0.681
0.805
0.161
0.344
0.994
0.099
0.523
0.803
0.314
0.294
0.783
0.89
0.754
0.526
0.337
0.557
0.16
0.912
0.529
0.071
0.167
0.403
0.595
0.422
0.857
0.408
0.096
0.881
0.181
0.761
0.025
0.88
0.841
0.44
0.674
0.41
0.196
0.94
0.141
0.617
0.624
0.933
0.366
0.316
0.417
0.078
0.431
0.121
0.142
0.055
0.988
0.686
0.989
0.373
0.077
0.812
0.595
0.702
0.574
0.476
0.881
0.404
0.292
0.162
0.384
0.329
0.322
0.002
0.537
0.512
0.789
0.126
0.178
0.13
0.065
0.059
0.71
0.628
0.754
0.605
0.105
0.38
0.004
0.526
0.812
0.21
0.074
0.675
0.842
0.7
0.053
0.081
0.049
0.256
0.272
0.733
0.45
0.505
0.739
0.86
0.538
0.433
0.19
0.661
