0.583
0.01
0.163
0.807
0.073
0.898
0.196
0.405
0.367
0.912
0.749
0.624
0.361
0.713
0.751
0.467
0.842
0.212
0.244
0.435
0.535
0.333
0.619
0.058
0
0.812
0.086
0.565
0.511
0.335
0.135
0.093
0.983
0.438
0.272
0.903
0.858
0.034
0.462
0.161
0.47
0.16
0.273
0.548
0.951
0.633
0.756
0.574
0.538
0.899
0.922
0.025
0.117
0.819
0.97
0.612
0.254
0.612
0.926
0.229
0.524
0.982
0.522
0.372
0.622
0.58
0.371
0.954
0.011
0.292
0.781
0.733
0.503
0.641
0.524
0.266
0.148
0.976
0.506
0.723
0.002
0.041
0.947
0.723
0.787
0.554
0.032
0.751
0.306
0.026
0.242
0.898
0.018
0.243
0.615
0.271
0.025
0.2
0.215
0.731
0.618
0.872
0.583
0.954
0.497
0.549
0.64
0.975
0.67
0.208
0.179
0.598
0.862
0.481
0.422
0.601
0.908
0.996
0.009
0.741
0.836
0.277
0.345
0.881
0.383
0.66
0.229
0.121
0.967
0.065
0.353
0.277
0.842
0.562
0.284
0.932
0.554
0.155
0.584
0.919
0.702
0.737
0.594
0.492
0.638
0.705
0.772
0.092
0.325
0.881
0.838
0.565
0.162
0.605
0.362
0.852
0.554
0.451
0.58
0.487
0.588
0.816
0.822
0.607
0.529
1.0
0.052
0.472
0.786
0.611
0.964
0.397
0.418
0.937
0.185
0.943
0.633
0.965
0.877
0.094
0.933
0.563
0.139
0.786
0.661
0.034
0.314
0.492
0.701
0.662
0.756
0.608
0.979
0.731
0.805
0.091
0.5
0.467
0.279
0.207
0.195
0.376
0.699
0.515
0.388
0.837
0.478
0.17
0.01
0.463
0.392
0.737
0.485
0.158
0.021
0.816
0.336
0.842
0.503
0.934
0.692
0.653
0.358
0.997
0.393
0.805
0.434
0.641
0.225
0.132
0.897
0.77
0.431
0.155
0.256
0.439
0.514
0.51
0.618
0.623
0.727
0.181
0.958
0.256
0.068
0.597
0.755
0.573
0.279
0.644
0.878
0.66
0.111
0.0
0.543
0.659
0.94
0.696
0.274
0.9
0.507
0.794
0.843
0.595
0.861
0.0
0.892
0.11
0.189
0.291
0.226
0.792
0.932
0.94
0.162
0.901
0.222
0.139
0.474
0.289
0.879
0.951
0.457
0.208
0.393
0.268
0.863
0.501
0.07
0.943
0.216
0.479
0.394
0.484
0.215
0.575
0.769
0.098
0.736
0.373
0.308
0.832
0.808
0.454
0.241
0.441
0.11
0.759
0.795
0.268
0.614
0.863
0.475
0.086
0.509
0.123
0.826
0.981
0.092
0.727
0.945
0.956
0.035
0.842
0.308
0.313
0.944
0.797
0.002
0.781
0.01
0.759
0.909
0.627
0.042
0.342
0.674
0.736
0.608
0.243
0.538
0.081
0.98
0.664
0.746
0.245
0.584
0.163
0.011
0.404
0.693
0.921
0.053
0.714
0.508
0.435
0.007
0.679
0.651
0.921
0.693
0.445
0.942
0.558
0.644
0.688
0.201
0.73
0.092
0.781
0.493
0.721
0.019
0.922
0.259
0.768
0.125
0.724
0.835
0.84
0.992
0.934
0.233
0.339
0.297
0.8
0.635
0.707
0.458
0.864
0.202
0.475
0.999
0.774
0.214
0.213
0.502
0.925
0.799
0.182
0.323
0.928
0.008
0.978
0.078
0.323
0.396
0.741
0.046
0.396
0.111
0.723
0.261
0.307
0.164
0.188
0.502
0.262
0.872
0.542
0.104
0.484
0.383
0.213
0.841
0.459
0.292
0.257
0.155
0.678
0.332
0.944
0.644
0.283
0.707
0.322
0.077
0.556
0.384
0.79
0.789
0.396
0.711
0.904
0.448
0.504
0.062
0.818
0.038
0.415
0.942
0.731
0.025
0.744
0.763
0.883
0.145
0.22
0.316
0.103
0.505
0.543
0.878
0.344
0.002
0.008
0.701
0.083
0.359
0.366
0.692
0.647
0.024
0.719
0.927
0.207
0.759
0.758
0.682
0.623
0.552
0.065
0.631
0.033
0.438
0.956
0.241
0.611
0.385
0.02
0.078
0.45
0.233
0.6
0.612
0.855
0.838
0.836
0.706
0.772
0.272
0.583
0.971
0.082
0.434
0.803
0.046
0.437
0.624
0.515
0.717
0.011
0.05
0.455
0.563
0.102
0.189
0.273
0.143
0.797
0.837
0.387
0.443
0.001
0.376
0.3
0.207
0.481
0.312
0.086
0.825
0.889
0.617
0.334
0.873
0.238
0.793
0.526
0.326
0.053
0.39
0.663
0.769
0.709
0.303
0.185
0.034
0.658
0.008
0.9
0.204
0.075
0.454
0.58
0.117
0.203
0.466
0.399
0.697
0.394
0.042
0.659
0.975
0.562
0.854
0.543
0.725
0.354
0.717
0.577
0.606
0.09
0.435
0.581
0.404
0.255
0.379
0.243
0.739
0.088
0.106
0.625
0.261
0.698
0.944
0.854
0.864
0.629
0.991
0.585
0.755
0.083
0.167
0.561
0.556
0.11
0.592
0.416
0.511
0.109
0.785
0.271
0.002
0.061
0.99
0.17
0.337
0.191
0.814
0.342
0.613
0.165
0.326
0.217
0.98
0.407
0.207
0.805
0.711
0.813
0.977
0.203
0.049
0.266
0.555
0.597
0.552
0.338
0.989
0.323
0.789
0.166
0.25
0.928
0.026
0.649
0.33
0.746
0.066
0.655
0.917
0.137
0.522
0.624
0.084
0.273
0.529
0.623
0.106
0.631
0.461
0.303
0.698
0.403
0.144
0.366
0.127
0.211
0.935
0.824
0.614
0.25
0.483
0.106
0.978
0.636
0.592
0.012
0.064
0.691
0.035
0.051
0.145
0.506
0.896
0.267
0.349
0
0.361
0.178
0.088
0.822
0.358
0.596
0.189
0.103
0.106
0.527
0.599
0.723
0.164
0.069
0.442
0.945
0.349
0.337
0.694
0.404
0.671
0.094
0.782
0.449
0.439
0.663
0.383
0.314
0.914
0.499
0.421
0.083
0.97
0.255
0.2
0.251
0.333
0.866
0.999
0.602
0.207
0.363
0.896
0.582
0.311
0.007
0.96
0.971
0.502
0.866
0.511
0.364
0.015
0.968
0.38
0.715
0.497
0.285
0.191
0.735
0.419
0.732
0.321
0.567
0.638
0.301
0.828
0.183
0.491
0.905
0.091
0.37
0.44
0.612
0.798
0.136
0.8
0.879
0.41
0.623
0.805
0.071
0.671
0.558
0.992
0.541
0.229
0.016
0.763
0.56
0.807
0.555
0.685
0.959
0.796
0.456
0.487
0.492
0.388
0.929
0.836
0.366
0.878
0.424
0.669
0.814
0.151
0.24
0.445
0.471
0.858
0.109
0.43
0.324
0.637
0.588
0.249
0.252
0.713
0.861
0.254
0.277
0.387
0.908
0.241
0.993
0.875
0.651
0.65
0.836
0.605
0.528
0.37
0.417
0.464
0.077
0.416
0.923
0.828
0.653
0.054
0.587
0.7
0.047
0.053
0.914
0.045
0.26
0.769
0.512
0.214
0.29
0.47
0.097
0.431
0.978
0.271
0.193
0.9
0.825
0.349
0.651
0.653
0.427
0.986
0.822
0.648
0.834
0.591
0.613
0.969
0.821
0.909
0.563
0.735
0.991
0.519
0.595
0.241
0.414
0.912
0.08
0.273
0.472
0.479
0.284
0.524
0.317
0.319
0.269
0.832
0.736
0.329
0.16
0.646
0.086
0.004
0.781
0.638
0.475
0.638
0.01
0.727
0.558
0.249
0.028
0.947
0.146
0.984
0.826
0.867
0.239
0.593
0.716
0.512
0.37
0.3
0.337
0.565
0.458
0.531
0.593
0.219
0.877
0.604
0.526
0.282
0.774
0.191
0.88
0.204
0.943
0.684
0.886
0.869
0.905
0.716
0.712
0.142
0.733
0.659
0.803
0.301
0.504
0.244
0.644
0.953
0.794
0.849
0.537
0.238
0.483
0.462
0.595
0.238
0.433
0.407
0.481
0.912
0.388
0.784
0.792
0.453
0.857
0.653
0.348
0.467
0.843
0.327
0.28
0.901
0.056
0.853
0.731
0.735
0.986
0.684
0.685
0.111
0.122
0.061
0.637
0.518
0.388
0.749
0.434
0.602
0.24
0.362
0.348
0.166
0.363
0.406
0.784
0.119
0.19
0.923
0.178
0.532
0.915
0.07
0.591
0.659
0.415
0.314
0.03
0.651
0.861
0.653
0.749
0.573
0.149
0.374
0.798
0.657
0.176
0.113
0.986
0.211
0.833
0.22
0.728
