0.445
0.666
0.078
0.879
0.851
0.176
0.185
0.001
0.77
0.715
0.627
0.965
0.413
0.659
0.889
0.835
0.443
0.505
0.956
0.126
0.471
0.271
0.438
0.949
0.2
0.224
0.259
0.091
0
0.213
0.051
0.625
0.225
0.195
0.088
0.263
0.528
0.382
0.35
0.698
0.99
0.548
0.518
0.552
0.847
0.174
0.346
0.956
0.882
0.339
0.348
0.734
0.743
0.691
0.482
0.287
0.062
0.602
0.663
0.373
0.073
0.766
0.361
0.401
0.798
0.647
0.773
0.126
0.41
0.947
0.101
0.832
0.402
0.819
0.025
0.339
0.661
0.445
0.566
0.074
0.846
0.913
0.34
0.155
0.495
0.33
0.232
0.305
0.24
0.194
0.85
0.118
0.091
0.941
0.631
0.385
0.492
0.442
0.58
0.35
0.895
0.335
0.37
0.326
0.847
0.378
0.691
0.247
0.589
0.531
0.579
0.27
0.053
0.194
0.213
0.466
0.458
0.423
0.476
0.306
0.075
0.249
0.814
0.328
0.332
0.752
0.351
0.316
0.694
0.785
0.382
0.795
0.22
0.826
0.021
0.73
0.94
0.852
0.045
0.263
0.004
0.782
0.815
0.335
0.249
0.132
0.7
0.755
0.655
0.013
0.639
0.754
0.32
0.754
0.643
0.958
0.946
0.873
0.837
0.228
0.198
0.241
0.453
0.993
0.199
0.162
0.925
0.272
0.636
0.814
0.131
0.676
0.98
0.251
0.09
0.663
0.343
0.283
0.324
0.004
0.813
0.762
0.403
0.001
0.3
0.407
0.113
0.576
0.517
0.537
0.749
0.206
0.079
0.89
0.485
0.135
0.285
0.737
0.007
0.916
0.322
0.414
0.714
0.839
0.775
0.951
0.821
0.176
0.917
0.132
0.844
0.653
0.483
0.139
0.626
0.272
0.541
0.36
0.235
0.415
0.516
0.869
0.332
0.781
0.078
0.718
0.266
0.062
0.088
0.304
0.921
0.216
0.446
0.251
0.827
0.824
0.535
0.626
0.838
0.754
0.484
0.896
0.047
0.857
0.025
0.694
0.052
0.628
0.343
0.264
0.197
0.904
0.783
0.285
0.198
0.23
0.725
0.072
0.829
0.679
0.855
0.362
0.254
0.003
0.162
0.027
0.946
0.958
0.689
0.292
0.523
0.95
0.524
0.453
0.035
0.122
0.003
0.848
0.458
0.298
0.157
0.389
0.473
0.278
0.346
0.384
0.61
0.424
0.407
0.948
0.697
0.813
0.343
0.375
0.193
0.46
0.491
0.313
0.546
0.636
0.79
0.169
0.899
0.651
0.679
0.433
0.346
0.854
0.236
0.749
0.942
0.852
0.094
0.231
0.712
0.345
0.762
0.302
0.262
0.723
0.158
0.493
0.709
0.726
0.439
0.291
0.104
0.17
0.173
0.53
0.169
0.141
0.452
0.763
0.337
0.074
0.383
0.811
0.767
0.04
0.571
0.405
0.617
0.723
0.547
0.469
0.542
0.586
0.866
0.547
0.515
0.238
0.19
0.525
0.409
0.666
0.844
0.6
0.234
0.107
0.473
0.259
0.303
0.957
0.098
0.947
0.402
0.991
0.722
0.285
0.746
0.046
0.183
0.364
0.68
0.175
0.35
0.846
0.946
0.901
0.249
0.564
0.84
0.079
0.027
0.266
0.995
0.19
0.789
0.928
0.243
0.553
0.694
0.15
0.202
0.619
0.375
0.095
0.012
0.133
0.732
0.235
0.692
0.921
0.886
0.831
0.01
0.968
0.605
0.464
0.405
0.405
0.198
0.761
0.028
0.81
0.198
0.834
0.313
0.562
0.193
0.064
0.98
0.201
0.56
0.841
0.798
0.873
0.031
0.425
0.104
0.284
0.192
0.885
0.009
0.613
0.153
0.614
0.195
0.473
0.521
0.564
0.09
0.868
0.989
0.489
0.0
0.066
0.448
0.508
0.558
0.838
0.231
0.573
0.483
0.028
0.537
0.274
0.307
0.968
0.792
0.506
0.689
0.7
0.249
0.222
0.011
0.735
0.931
0.267
0.076
0.025
0.643
0.756
0.806
0.883
0.454
0.334
0.72
0.456
0.309
0.304
0.84
0.363
0.055
0.193
0.15
0.988
0.94
0.834
0.449
0.415
0.187
0.552
0.653
0.314
0.099
0.965
0.003
0.558
0.001
0.851
0.405
0.15
0.423
0.033
0.619
0.878
0.087
0.713
0.786
0.287
0.594
0.825
0.62
0.985
0.199
0.664
0.866
0.484
0.48
0.84
0.737
0.661
0.291
0.969
0.736
0.423
0.789
0.855
0.065
0.262
0.449
0.353
0
0.03
0.458
0.279
0.077
0.411
0.007
0.002
0.244
0.901
0.94
0.753
0.262
0.479
0.224
0.678
0.109
0.585
0.595
0.946
0.187
0.359
0.761
0.702
0.996
0.189
0.574
0.677
0.601
0.784
0.648
0.267
0.368
0.733
0.638
0.23
0.181
0.345
0.224
0.056
0.931
0.004
0.174
0.72
0.267
0.592
0.082
0.932
0.933
0.53
0.851
0.913
0.041
0.171
0.361
0.444
0.404
0.243
0.325
0.635
0.033
0.126
0.144
0.474
0.466
0.607
0.745
0.421
0.267
0.071
0.199
0.745
0.782
0.97
0.166
0.851
0.885
0.816
0.626
0.102
0.593
0.372
0.808
0.528
0.24
0.522
0.279
0.717
0.579
0.679
0.823
0.874
0.482
0
0.628
0.752
0.304
0.317
0.523
0.193
0.766
0.979
0.708
0.674
0.678
0.463
0.704
0.296
0.747
0.696
0.614
0.08
0.98
0.252
0.729
0.203
0.565
0.244
0.25
0.763
0.983
0.351
0.124
0.592
0.661
0.036
0.221
0.621
0.462
0.266
0.273
0.946
0.073
0.907
0.008
0.288
0.006
0.363
0.781
0.726
0.642
0.233
0.005
0.611
0.926
0.87
0.934
0.061
0.01
0.684
0.569
0.174
0.931
0.4
0.47
0.851
0.442
0.089
0.732
0.96
0.499
0.277
0.07
0.282
0.971
0.942
0.719
0.135
0.961
0.484
0.608
0.368
0.813
0.034
0.845
0.582
0.805
0
0.926
0.38
0.691
0.732
0.331
0.876
0.437
0.13
0.412
0.238
0.152
0.93
0.197
0.572
0.789
0.333
0.42
0.572
0.677
0.398
0.799
0.079
0.535
0.687
0.351
0.89
0.224
0.371
0.229
0.286
0.597
0.721
0.626
0.282
0.626
0.184
0.769
0.372
0.28
0.557
0.816
0.204
0.749
0.439
0.811
0.961
0.45
0.574
0.038
0.807
0.692
0.205
0.242
0.175
0.568
0.822
0.511
0.326
0.328
0.76
0.551
0.153
0.98
0.168
0.009
0.343
0.478
0.147
0.536
0.646
0.219
0.943
0.36
0.402
0.364
0.665
0.589
0.303
0.511
0.554
0.076
0.156
0.676
0.744
0.015
0.027
0.729
0.274
0.526
0.248
0.498
0.021
0.863
0.663
0.118
0.445
0.804
0.442
0.533
0.705
0.216
0.228
0.66
0.855
0.959
0.66
0.057
0.492
0.671
0.097
0.505
0.443
0.404
0.729
0.757
0.117
0.707
0.277
0.856
0.011
0.915
0.138
0.355
0.422
0.57
0.826
0.832
0.769
0.16
0.347
0.472
0.98
0.359
0.642
0.365
0.768
0.848
0.257
0.78
0.952
0.246
0.215
0.426
0.099
0.133
0.598
0.868
0.054
0.776
0.436
0.709
0.674
0.203
0.649
0.758
0.467
0.197
0.884
0.126
0.435
0.78
0.378
0.86
0.144
0.79
0.941
0.176
0.279
0.216
0.058
0.064
0.543
0.373
0.168
0.41
0.365
0.08
0.486
0.976
0.161
0.765
0.528
0.732
0.677
0.998
0.282
0.362
0.02
0.147
0.073
0.55
0.555
0.15
0.414
0.604
0.458
0.487
0.129
0.467
0.165
0.66
0.742
0.381
0.377
0.535
0.934
0.944
0.611
0.093
0.946
0.528
0.988
0.963
0.982
0.027
0.948
0.948
0.152
0.701
0.567
0.214
0.929
0.452
0.034
0.169
0.247
0.05
0.312
0.404
0.564
0.411
0.199
0.316
0.675
0.577
0.156
0.009
0.277
0.746
0.949
0.087
0.101
0.365
0.423
0.394
0.313
0.838
0.543
0.851
0.939
0.819
0.68
0.299
0.447
0.179
0.216
0.335
0.305
0.03
0.117
0.768
0.985
0.656
0.676
0.642
0.487
0.591
0.688
0.068
0.207
0.375
0.486
0.767
0.426
0.528
0.217
0.433
0.834
0.497
0.267
0.621
0.448
0.352
0.501
0.726
0.648
0.455
0.756
