0.009
0.663
0.458
0.332
0.721
0.823
0.207
0.42
0.956
0.511
0.722
0.304
0.645
0.854
0.168
0.963
0.962
0.149
0.329
0.518
0.857
0.715
0.396
0.641
0.285
0.52
0.761
0.07
0.674
0.176
0.324
0.645
0.612
0.215
0.173
0.73
0.678
0.692
0.348
0.077
0.425
0.596
0.295
0.059
0.536
0.823
0.108
0.091
0.207
0.197
0.957
0.296
0.857
0.777
0.851
0.66
0.483
0.228
0.66
0.977
0.437
0.059
0.872
0.435
0.029
0.342
0.006
0.765
0.108
1.0
0.548
0.708
0.335
0.199
0.627
0.262
0.778
0.943
0.291
0.429
0.381
0.698
0.849
0.75
0.302
0.172
0.855
0.018
0.069
0.406
0.012
0.777
0.51
0.845
0.207
0.831
0.696
0.868
0.772
0.126
0.514
0.568
0.931
0.848
0.114
0.77
0.821
0.829
0.731
0.086
0.097
0.698
0.299
0.852
0.41
0.424
0.485
0.245
0.786
0.165
0.543
0.037
0.826
0.84
0.924
0.089
0.859
0.161
0.919
0.367
0.612
0.716
0.947
0.921
0.774
0.03
0.58
0.156
0.082
0.736
0.156
0.254
0.552
0.073
0.375
0.834
0.653
0.439
0.618
0.248
0.54
0.026
0.509
0.093
0.89
0.834
0.618
0.338
0.004
0.399
0.41
0.77
0.088
0.473
0.043
0.017
0.667
0.375
0.457
0.09
0.179
0.688
0.124
0.52
0.139
0.478
0.772
0.76
0.113
0.913
0.005
0.817
0.878
0.441
0.906
0.161
0.343
0.255
0.346
0.994
0.598
0.586
0.899
0.626
0.956
0.222
0.32
0.614
0.203
0.671
0.349
0.564
0.636
0.332
0.952
0.51
0.434
0.977
0.053
0.959
0.379
0.498
0.882
0.801
0.479
0.625
0.227
0.917
0.533
0.431
0.727
0.937
0.037
0.953
0.447
0.135
0.752
0.45
0.55
0.155
0.044
0.247
0.874
0.251
0.282
0.761
0.23
0.799
0.558
0.925
0.976
0.685
0.449
0.829
0.701
0.718
0.545
0.894
0.696
0.946
0.612
0.745
0.144
0.16
0.458
0.102
0.969
0.265
0.911
0.92
0.999
0.786
0.345
0.029
0.002
0.02
0.53
0.107
0.844
0.559
0.902
0.348
0.639
0.974
0.853
0.618
0.956
0.124
0.182
0.597
0.394
0.403
0.698
0.142
0.136
0.028
0.291
0.097
0.231
0.665
0.528
0.219
0.148
0.249
0.282
0.986
0.856
0.966
0.797
0.639
0.186
0.852
0.029
0.679
0.454
0.821
0.014
0.611
0.232
0.713
0.054
0.393
0.575
0.28
0.239
0.066
0.62
0.369
0.045
0.533
0.263
0.82
0.864
0.798
0.827
0.805
0.093
0.723
0.449
0.031
0.901
0.041
0.458
0.046
0.985
0.536
0.353
0.434
0.881
0.106
0.568
0.048
0.408
0.166
0.235
0.231
0.106
0.104
0.012
0.023
0.773
0.082
0.212
0.009
0.138
0.181
0.288
0.569
0.67
0.096
0.768
0.311
0.782
0.195
0.995
0.722
0.565
0.317
0.26
0.769
0.798
0.144
0.15
0.16
0.478
0.046
0.805
0.58
0.555
0.384
0.32
0.364
0.453
0.726
0.372
0.588
0.951
0.824
0.831
0.047
0.961
0.14
0.627
0.546
0.174
0.578
0.068
0.42
0.633
0.801
0.537
0.528
0.603
0.019
0.513
0.048
0.114
0.598
0.274
0.506
0.255
0.657
0.268
0.484
0.858
0.882
0.093
0.796
0.1
0.593
0.727
0.692
0.579
0.798
0.984
0.772
0.869
0.044
0.832
0.063
0.65
0.006
0.206
0.73
0.231
0.674
0.8
0.466
0.003
0.282
0.751
0.501
0.551
0.781
0.198
0.618
0.682
0.245
0.053
0.337
0.683
0.418
0.701
0.682
0.599
0.647
0.356
0.708
0.496
0.208
0.939
0.904
0.095
0.042
0.519
0.288
0.352
0.088
0.611
0.007
0.48
0.121
0.617
0.602
0.518
0.074
0.345
0.272
0.432
0.921
0.739
0.863
0
0.792
0.33
0.543
0.89
0.654
0.967
0.999
0.261
0.79
0.695
0.535
0.514
0.17
0.499
0.371
0.208
0.788
0.593
0.356
0.355
0.516
0.659
0.627
0.521
0.718
0.563
0.232
0.227
0.377
0.772
0.781
0.236
0.57
0.612
0.46
0.152
0.477
0.053
0.031
0.589
0.908
0.794
0.098
0.129
0.6
0.613
0.997
0.359
0.342
0.955
0.813
0.6
0.727
0.996
0.894
0.739
0.026
0.731
0.951
0.229
0.275
0.394
0.107
0.308
0.079
0.168
0.771
0.579
0.932
0.782
0.681
0.014
0.758
0.396
0.388
0.924
0.369
0.511
0.092
0.875
0
0.902
0.44
0.264
0.651
0.406
0.26
0.712
0.123
0.376
0.087
0.901
0.527
0.421
0.865
0.017
0.76
0.188
0.914
0.405
0.574
0.907
0.574
0.044
0.53
0.374
0.317
0.303
0.648
0.09
0.436
0.786
0.077
0.884
0.374
0.191
0.773
0.169
0.495
0.083
0.284
0.66
0.783
0.388
0.833
0.757
0.75
0.892
0.154
0.839
0.484
0.066
0.574
0.69
0.239
0.803
0.247
0.871
0.913
0.449
0.437
0.702
0.925
0.087
0.483
0.013
0.709
0.204
0.381
0.279
0.651
0.532
0.483
0.012
0.234
0.11
0.345
0.759
0.635
0.412
0.599
0.759
0.751
0.12
0.62
0.781
0.851
0.565
0.654
0.035
0.324
0.538
0.274
0.68
0.786
0.338
0.366
0.537
0.988
0.665
0.188
0.267
0.269
0.765
0.826
0.111
0.25
0.873
0.862
0.96
0.48
0.005
0.667
0.908
0.938
0.322
0.746
0.826
0.851
0.866
0.831
0.914
0.37
0.278
0.26
0.634
0.866
0.212
0.022
0.896
0.363
0.054
0.132
0.907
0.373
0.247
0.322
0.08
0.968
0.179
0.517
0.272
0.383
0.031
0.457
0.8
0.528
0.891
0.045
0.427
0.686
0.558
0.934
0.62
0.698
0.103
0.019
0.23
0.745
0.143
0.574
0.948
0.983
0.713
0.377
0.465
0.209
0.065
0.248
0.178
0.078
0.075
0.711
0.638
0.01
0.64
0.626
0.635
0.869
0.428
0.91
0.674
0.733
0.833
0.476
0.806
0.699
0.036
0.543
0.475
0.393
0.498
0.149
0.952
0.389
0.734
0.382
0.257
0.003
0.555
0.034
0.696
0.278
0.189
0.566
0.22
0.138
0.731
0.485
0.827
0.135
0.026
0.384
0.549
0.896
0.454
0.26
0.287
0.017
0.333
0.76
0.489
0.533
0.801
0.823
0.742
0.886
0.23
0.011
0.259
0.885
0.142
0.065
0.634
0.784
0.502
0.988
0.006
0.803
0.019
0.864
0.859
0.808
0.453
0.954
0.869
0.292
0.288
0.861
0.334
0.368
0.044
0.733
0.854
0.095
0.267
0.577
0.955
0.558
0.78
0.348
0.734
0.938
0.436
0.914
0.682
0.497
0.811
0.848
0.327
0.726
0.633
0.066
0.607
0.143
0.337
0.188
0.913
0.572
0.45
0.257
0.967
0.186
0.028
0.959
0.894
0.701
0.405
0.52
0.149
0.865
0.212
0.193
0.249
0.713
0.758
0.099
0.585
0.694
0.92
0.031
0.567
0.005
0.379
0.151
0.981
0.295
0.4
0.444
0.911
0.682
0.228
0.368
0.93
0.02
0.301
0.563
0.467
0.015
0.687
0.279
0.224
0.645
0.806
0.824
0.443
0.794
0.994
0.218
0.869
0.963
0.46
0.832
0.327
0.9
0.173
0.11
0.999
0.973
0.03
0.341
0.142
0.725
0.62
0.326
0.717
0.407
0.075
0.39
0.717
0.19
0.29
0.828
0.434
0.411
0.387
0.781
0.65
0.501
0.475
0.274
0.372
0.671
0.451
0.256
0.944
0.431
0.744
0.091
0.53
0.347
0.703
0.106
0.232
0.134
0.042
0.149
0.528
0.233
0.441
0.662
0.605
0.059
0.07
0.879
0.29
0.671
0.145
0.97
0.43
0.841
0.883
0.354
0.952
0.655
0.568
0.98
0.169
0.94
0.491
0.601
0.35
0.399
0.472
0.672
0.126
0.748
0.912
0.374
0.187
0.324
0.256
0.649
0.773
0.541
0.193
0.642
0.933
0.899
0.326
0.587
0.607
0.845
0.693
0.438
0.813
0.284
0.077
0.398
0.108
0.739
0.896
0.386
0.601
0.239
0.439
0.635
