0.058
0.006
0.101
0.708
0.498
0.732
0.24
0.246
0.952
0.103
0.518
0.224
0.64
0.805
0.002
0.698
0.099
0.744
0.513
0.24
0.712
0.231
0.697
0.946
0.04
0.818
0.119
0.144
0.563
0.856
0.431
0.245
0.553
0.747
0.132
0.449
0.118
0.754
0.328
0.421
0.719
0.264
0.531
0.814
0.471
0.887
0.463
0.179
0.099
0.673
0.241
0.02
0.572
0.155
0.211
0.239
0.588
0.272
0.197
0.064
0.668
0.4
0.103
0.831
0.848
0.501
0.199
0.555
0.305
0.286
0.925
0.827
0.108
0.469
0.159
0.023
0.278
0.049
0.251
0.055
0.448
0.374
0.425
0.439
0.171
0.121
0.439
0.997
0.94
0.711
0.868
0.091
0.578
0.708
0.308
0.022
0.551
0.03
0.018
0.302
0.491
0.152
0.377
0.64
0.069
0.718
0.058
0.103
0.323
0.755
0.278
0.212
0.556
0.094
0.636
0.859
0.125
0.451
0.009
0.727
0.799
0.983
0.689
0.69
0.019
0.309
0.102
0.538
0.618
0.258
0.038
0.58
0.804
0.827
0.07
0.349
0.986
0.598
0.375
0.426
0.712
0.463
0.937
0.788
0.661
0.264
0.274
0.75
0.84
0.637
0.261
0.557
0.057
0.085
0.325
0.828
0.132
0.21
0.743
0.958
0.152
0.394
0.055
0.965
0.327
0.937
0.431
0.933
0.336
0.279
0.548
0.552
0.669
0.37
0.955
0.252
0.591
0.868
0.967
0.454
0.832
0.806
0.784
0.958
0.173
0.855
0.316
0.651
0.879
0.268
0.073
0.805
0.277
0.329
0.626
0.107
0.125
0.383
0.819
0.039
0.564
0.751
0.819
0.74
0.916
0.921
0.552
0.618
0.012
0.029
0.503
0.032
0.807
0.599
0.864
0.619
0.488
0.74
0.347
0.38
0.073
0.538
0.393
0.979
0.903
0.852
0.678
0.526
0.597
0.656
0.591
0.74
0.645
0.076
0.901
0.084
0.534
0.348
0.566
0.748
0.234
0.313
0.288
0
0.735
0.274
0.08
0.802
0.172
0
0.947
0.396
0.479
0.106
0.889
0.782
0.671
0.641
0.393
0.48
0.786
0.833
0.312
0.306
0.419
0.829
0.681
0.974
0.349
0.238
0.656
0.498
0.071
0.093
0.535
0.146
0.134
0.087
0.321
0.459
0.472
0.251
0.488
0.743
0.901
0.845
0.519
0.242
0.925
0.944
0.922
0.904
0.737
0.461
0.285
0.243
0.783
0.545
0.403
0.856
0.963
0.278
0.945
0.408
0.275
0.049
0.175
0.705
0.39
0.323
0.742
0.362
0.289
0.628
0.949
0.927
0.794
0.042
0.761
0.824
0.622
0.066
0.143
0
0.219
0.255
0.481
0.054
0.743
0.794
0.56
0.369
0.761
0.494
0.666
0.839
0.717
0.882
0.524
0.89
0.257
0.105
0.788
0.696
0.96
0.736
0.19
0.061
0.833
0.94
0.386
0.563
0.664
0.447
0.17
0.025
0.284
0.337
0.52
0.271
0.664
0.607
0.46
0.947
0.818
0.844
0.217
0.225
0.798
0.848
0.797
0.774
0.771
0.283
0.631
0.277
0.724
0.985
0.401
0.237
0.079
0.081
0.005
0.275
0.218
0.194
0.235
0.156
0.717
0.684
0.932
0.898
0.015
0.461
0.613
0.791
0.198
0.439
0.245
0.074
0.515
0.986
0.708
0.424
0.009
0.733
0
0.577
0.7
0.098
0.96
0.513
0.388
0.353
0.662
0.835
0.123
0.719
0.761
0.32
0.399
0.071
0.766
0.612
0.993
0.487
0.55
0.944
0.426
0.652
0.379
0.635
0.725
0.761
0.839
0.763
0.888
0.575
0.355
0.768
0.491
0.918
0.414
0.27
0.821
0.629
0.779
0.226
0.5
0.295
0.542
0.241
0.798
0.84
0.584
0.427
0.887
0.034
0.847
0.232
0.788
0.21
0.914
0.515
0
0.07
0.33
0.082
0.494
0.532
0.274
0.672
0.025
0.405
0.918
0.858
0.534
0.576
0.829
0.471
0.982
0.529
0.37
0.426
0.764
0.566
0.387
0.904
0.632
0.24
0.568
0.04
0.763
0.808
0.797
0.681
0.314
0.6
0.289
0.728
0.077
0.896
0.717
0.523
0.173
0.195
0.661
0.298
0.749
0.864
0.313
0.404
0.131
0.772
0.197
0.81
0.824
0.968
0.436
0.813
0.23
0.676
0.411
0.706
0.561
0.611
0.628
0.871
0.954
0.758
0.29
0.827
0.726
0.282
0.392
0.895
0.468
0.589
0.684
0.375
0.645
0.515
0.674
0.958
0.646
0.635
0.217
0.885
0.001
0.916
0.867
0.772
0.657
0.716
0.669
0.441
0.364
0.291
0.727
0.74
0.025
0.154
0.528
0.672
0.478
0.369
0.915
0.516
0.948
0.767
0.671
0.969
0.288
0.021
0.642
0.859
0.458
0.781
0.107
0.706
0.25
0.422
0.232
0.405
0.089
0.227
0.288
0.466
0.156
0.091
0.939
0.759
0.948
0.798
0.111
0.455
0.788
0.645
0.176
0.783
0.262
0.713
0.873
0.125
0.414
0.299
0.477
0.411
0.331
0.247
0.773
0.443
0.726
0.423
0.03
0.485
0.842
0.74
0.785
0.459
0.982
0.608
0.601
0.701
0.452
0.889
0.065
0.35
0.897
0.127
0.788
0.355
0.443
0.3
0.001
0.058
0.21
0.054
0.834
0.794
0.805
0.355
0.547
0.408
0.168
0.584
0.383
0.614
0.41
0.992
0.47
0.477
0.81
0.292
0.879
0.687
0.012
0.345
0.724
0.503
0.711
0.101
0.005
0.873
0.951
0.951
0.508
0.217
0.691
0.715
0.197
0.377
0.989
0.549
0.524
0.622
0.45
0.224
0.384
0.849
0.254
0.967
0.026
0.755
0.868
0.389
0.121
0.339
0.177
0.472
0.846
0.659
0.361
0.518
0.381
0.825
0.178
0.986
0.495
0.489
0.781
0.508
0.439
0.821
0.349
0.084
0.883
0.199
0.122
0.965
0.46
0.785
0.578
0.783
0.985
1.0
0.509
0.29
0.863
0.187
0.315
0.426
0.471
0.579
0.327
0.158
0.434
0.52
0.268
0.174
0.51
0.384
0.172
0.99
0.074
0.611
0.895
0.928
0.823
0.679
0.564
0.353
0.805
0.778
0.984
0.872
0.138
0.567
0.602
0.688
0.958
0.046
0.119
0.999
0.838
0.087
0.497
0.09
0.237
0.741
0.118
0.046
0.768
0.314
0.163
0.972
0.437
0.968
0.745
0.306
0.066
0.195
0.391
0.958
0.29
0.625
0.923
0.59
0.296
0.614
0.582
0.158
0.366
0.932
0.539
0.649
0.696
0.392
0.727
0.671
0.112
0.849
0.162
0.803
0.84
0.219
0.08
0.817
0.738
0.617
0.167
0.342
0.458
0.079
0.757
0.517
0.977
0.996
0.578
0.39
0.196
0.963
0.375
0.034
0.356
0.361
0.714
0.454
0.584
0.925
0.813
0.555
0.705
0.389
0.284
0.978
0.589
0.558
0.931
0.206
0.481
0.676
0.231
0.116
0.884
0.267
0.245
0.848
0.024
0.343
0.024
0.75
0.908
0.792
0.715
0.1
0.566
0.341
0.043
0.426
0.421
0.476
0.374
0.634
0.221
0.356
0.77
0.408
0.065
0.688
0.726
0.138
0.704
0.392
0.892
0.33
0.127
0.019
0.128
0.511
0.453
0.413
0.66
0.753
0.531
0.114
0.003
0.891
0.333
0.158
0.914
0.307
0.467
0.265
0.451
0.428
0.087
0.683
0.115
0.921
0.958
0.986
0.215
0.109
0.361
0.013
0.927
0.211
0.286
0.159
0.576
0.908
0.368
0.864
0.755
0.412
0.719
0.155
0.529
0.849
0.486
0.134
0.472
0.249
0.915
0.966
0.386
0.303
0.626
0.053
0.877
0.868
0.887
0.744
0.727
0.791
0.218
0.941
0.672
0.265
0.589
0.082
0.963
0.808
0.589
0.869
0.832
0.384
0.419
0.2
0.345
0.52
0.817
0.2
0.237
0.159
0.171
0.291
0.412
0.979
0.458
0.386
0.225
0.978
0.35
0.919
0.617
0.978
0.411
0.893
0.987
0.819
0.753
0.438
0.007
0.717
0.589
0.864
0.966
0.232
0.577
0.974
0.247
0.013
0.907
0.502
0.941
0.867
0.674
0.512
0.221
0.027
0.922
0.423
0.441
0.915
0.858
0.784
0.278
0.995
0.099
0.038
0.216
0.104
0.185
0.996
0.722
0.002
0.914
0.636
