0.211
0.859
0.072
0.972
0.16
0.136
0.039
0.707
0.965
0.9
0.643
0.183
0.954
0.972
0.296
0.318
0.053
0.513
0.745
0.224
0.39
0.837
0.36
0.195
0.465
0.237
0
0.323
0.242
0.777
0.715
0.908
0.995
0.436
0.427
0.815
0.598
0.496
0.866
0.732
0.897
0.765
0.291
0.509
0.978
0.219
0.131
0.953
0.819
0.232
0.763
0.971
0.521
0.692
0.081
0.749
0.125
0.717
0.513
0.102
0.407
0.36
0.7
0.589
0.162
0.567
0.357
0.203
0.514
0.449
0.93
0.182
0.952
0.927
0.83
0.361
0.813
0.512
0.891
0.197
0.964
0.526
0.09
0.334
0.242
0.139
0.788
0.161
0.211
0.582
0.797
0.361
0.615
0.727
0.019
0.073
0.929
0.662
0.88
0.852
0.563
0.065
0.407
0.365
0.972
0.118
0.966
0.816
0.512
0.502
0.597
0.07
0.536
0.486
0.124
0.669
0.609
0.473
0.083
0.871
0.764
0.562
0.503
0.774
0.29
0.445
0.644
0.952
0.46
0.529
0.352
0.404
0.829
0.124
0.469
0.375
0.168
0.584
0.489
0.056
0.565
0.696
0.502
0.66
0.971
0.448
0.514
0.178
0.672
0.95
0.827
0.337
0.447
0.258
0.243
0.164
0.746
0.473
0.327
0.625
0.929
0.941
0.217
0.34
0.104
0.573
0.0
0.483
0.415
0.236
0.891
0.042
0.412
0.189
0.838
0.985
0.64
0.868
0.159
0.149
0.911
0.825
0.377
0.575
0.438
0.75
0.62
0.414
0.308
0.161
0.466
0.326
0.082
0.142
0.642
0.131
0.703
0.482
0.2
0.751
0.822
0.331
0.789
0.815
0.414
0.904
0.626
0.899
0.011
0.404
0.105
0.364
0.902
0.386
0.21
0.996
0.051
0.139
0.509
0.957
0.263
0.386
0.741
0.775
0.684
0.75
0.618
0.856
0.587
0.655
0.54
0.492
0.356
0.694
0.049
0.165
0.637
0.456
0.029
0.647
0.495
0.902
0.453
0.488
0.82
0.415
0.032
0.157
0.96
0.743
0.617
0.498
0.483
0.482
0.273
0.268
0.78
0.4
0.822
0.371
0.176
0.785
0.246
0.973
0.572
0.314
0.134
0.504
0.95
0.235
0.877
0.565
0.592
0.132
0.858
0.92
0.573
0.414
0.376
0.204
0.733
0.405
0.747
0.773
0.865
0.016
0.462
0.187
0.346
0.548
0.445
0.108
0.963
0.738
0.028
0.465
0.579
0.271
0.783
0.988
0.833
0.554
0.868
0.802
0.627
0.092
0.448
0.798
0.498
0
0.675
0.786
0.84
0.349
0.725
0.901
0.747
0.54
0.197
0.943
0.469
0.882
0.423
0.761
0.694
0.874
0.447
0.281
0.965
0.484
0.956
0.023
0.042
0.695
0.228
0.651
0.282
0.618
0.077
0.281
0.904
0.946
0.48
0.174
0.2
0.055
0.141
0.678
0.987
0.622
0.751
0.515
0.846
0.462
0.418
0.884
0.038
0.68
0.307
0.725
0.495
0.254
0.151
0.083
0.172
0.651
0.681
0.54
0.423
0.171
0.068
0.104
0.754
0.502
0.052
0.428
0.953
0.865
0.219
0.179
0.189
0.197
0.478
0.237
0.666
0
0.45
0.754
0.774
0.367
0.097
0.816
0.5
0.431
0.647
0.875
0.898
0.398
0.492
0.377
0.254
0.984
0.222
0.267
0.032
0.328
0.578
0.355
0.572
0.652
0.57
0.152
0.006
0.291
0.715
0.694
0.345
0.159
0.394
0.258
0.395
0.05
0.57
0.477
0.428
0.622
0.377
0.089
0.376
0.735
0.996
0.636
0.931
0.002
0.343
0.587
0.662
0.859
0.764
0.594
0.359
0.242
0.528
0.653
0.522
0.712
0.411
0.579
0.721
0.415
0.305
0.282
0.665
0.283
0.619
0.39
0.031
0.996
0.942
0.456
0.391
0.154
0.084
0.041
0.616
0.568
0.676
0.137
0.465
0.242
0.857
0.732
0.514
0.826
0.152
0.142
0.384
0.085
0.642
0.829
0.277
0.652
0.771
0.534
0.069
0.435
0.611
0.111
0.59
0.763
0.852
0.369
0.815
0.153
0.273
0.794
0.782
0.864
0.651
0.389
0.171
0.878
0.042
0.343
0.299
0.757
0.535
0.006
0.187
0.546
0.895
0.791
0.965
0.317
0.545
0.761
0.33
0.965
0.497
0.67
0.673
0.466
0.473
0.284
0.522
0.189
0.836
0.132
0.589
0.007
0.976
0.559
0.609
0.58
0.159
0.803
0.933
0.667
0.219
0.656
0.555
0.851
0.528
0.016
0.715
0.212
0.012
0.942
0.38
0.32
0.232
0.751
0.649
0.604
0.005
0.577
0.345
0.658
0.363
0.557
0.416
0.086
0.139
0.371
0.255
0.337
0.302
0.095
0.931
0.316
0.18
0.412
0.337
0.271
0.225
0.549
0.459
0.298
0.929
0.103
0.801
0.337
0.537
0.396
0.851
0.887
0.596
0.348
0.779
0.61
0.491
0.021
0.993
0.084
0.704
0.978
0.281
0.631
0.005
0.225
0.661
0.167
0.33
0.684
0.154
0.515
0.21
0.393
0.429
0.45
0.571
0.208
0.082
0.944
0.3
0.83
0.356
0.707
0.2
0.671
0.708
0.832
0.082
0.7
0.804
0.712
0.421
0.444
0.14
0.06
0.295
0.719
0.302
0.614
0.427
0.972
0.742
0.733
0.867
0.317
0.383
0.498
0.535
0.577
0.48
0.218
0.016
0.566
0.929
0.667
0.31
0.319
0.913
0.002
0.645
0.065
0.045
0.624
0.32
0.77
0.585
0.663
0.396
0.005
0.555
0.07
0.873
0.093
0.338
0.812
0.433
0.416
0.739
0.4
0.565
0.466
0.159
0.762
0.136
0.077
0.551
0.942
0.541
0.492
0.585
0.839
0.072
0.629
0
0.301
0
0.342
0.6
0
0.441
0.728
0.693
0.671
0.594
0.581
0.376
0
0.091
0.183
0.95
0.184
0.312
0.592
0.494
0.061
0.08
0.533
0.978
0.68
0.993
0.636
0.414
0.418
0.686
0.943
0.89
0.755
0.728
0.658
0.148
0.891
0.761
0.34
0.966
0.425
0.24
0.438
0.891
0.355
0.324
0.569
0.039
0.06
0.371
0.173
0.295
0.801
0.663
0.725
0.13
0.329
0.93
0.829
0.789
0.207
0.863
0.803
0.433
0.344
0.866
0.533
0.081
0.692
0.229
0.725
0.812
0.64
0.041
0.543
0.347
0.603
0.694
0.073
0.884
0.886
0.493
0.501
0.307
0.3
0.694
0.554
0.801
0.083
0.933
0.366
0.331
0.689
0.44
0.515
0.944
0.559
0.619
0.468
0.798
0.899
0.943
0.522
0.471
0.478
0.818
0.052
0.02
0.564
0.768
0.375
0.881
0.918
0.256
0.205
0.971
0.565
0.89
0.057
0.938
0.502
0.033
0.961
0.992
0.368
0.197
0.652
0.745
0.544
0.924
0.777
0.217
0.177
0.468
0.176
0.323
0.23
0.974
0.133
0.97
0.716
0.527
0.982
0.75
0.905
0.913
0.237
0.154
0.21
0.424
0.507
0.712
0.72
0.742
0.387
0.52
0.604
0.714
0.026
0.653
0.842
0.119
0.088
0.977
0.012
0.209
0.873
0.221
0.606
0.225
0.83
0.05
0.075
0.842
0.311
0.019
0.817
0.145
0.296
0.67
0.707
0.815
0.86
0.601
0.439
0.417
0.554
0.408
0.232
0.625
0.268
0.486
0.046
0.277
0.033
0.082
0.382
0.793
0.412
0.861
0.794
0.278
0.572
0.658
0.374
0.751
0.345
0.54
0.21
0.912
0.745
0.417
0.276
0.909
0.213
0.631
0.998
0.786
0.509
0.675
0.085
0.684
0.547
0.476
0.234
0.804
0.862
0.438
0.456
0.179
0.502
0.565
0.347
0.979
0.802
0.182
0.288
0.821
0.662
0.382
0.332
0.046
0.55
0.161
0.883
0.773
0.7
0.989
0.864
0.72
0.553
0.304
0.629
0.917
0.979
0.297
0.969
0.565
0.781
0.922
0.742
0.355
0.422
0.935
0.28
0.735
0.438
0.525
0.652
0.287
0.58
0.859
0.722
0.705
0.448
0.632
0.546
0.09
0.21
0.266
0.338
0.532
0.759
0.96
0.665
0.961
0.01
0.739
0.234
0.325
0.681
0.945
0.75
0.042
0.784
0.595
0.385
0.023
0.465
0.99
0.595
0.099
0.375
0.902
0.46
0.963
0.326
0.976
0.549
0.846
0.837
