0.57
0.21
0.872
0.506
0.988
0.728
0.494
0.64
0.056
0.28
0.093
0.972
0.458
0.717
0.589
0.959
0.435
0.217
0.416
0.955
0.586
0.412
0.36
0.517
0.142
0.294
0.533
0.535
0.28
0.365
0.473
0.129
0.771
0.165
0.083
0.721
0.684
0.577
0.502
0.648
0.297
0.067
0.327
0.05
0.104
0.619
0.133
0.479
0.995
0.635
0.058
0.649
0.325
0.38
0.49
0.652
0.844
0.9
0.513
0.291
0.285
0.153
0.388
0.816
0.26
0.666
0.14
0.995
0.173
0.142
0.274
0.684
0.465
0.552
0.636
0.185
0.298
0.662
0.66
0.46
0.958
0.287
0.137
0.635
0.621
0.359
0.922
0.324
0.789
0.274
0.745
0.75
0.645
0.967
0.565
0.786
0.799
0.666
0.801
0.52
0.366
0.24
0.901
0.938
0.442
0.653
0.265
0.557
0.533
0.583
0.685
0.448
0.879
0.374
0.254
0.051
0.333
0.003
0.229
0.857
0.487
0.531
0.918
0.487
0.803
0.432
0.857
0.111
0.859
0.383
0.688
0.286
0.47
0.294
0.139
0.408
0.554
0.38
0.785
0.871
0.525
0.911
0.027
0.392
0.733
0.518
0.876
0.286
0.046
0.232
0.204
0.994
0.577
0.774
0.869
0.891
0.59
0.109
0.115
0.477
0.228
0.434
0.47
0.642
0.942
0.02
0.881
0.579
0.398
0.139
0.943
0.537
0.4
0.219
0.934
0.023
0.957
0.708
0.024
0.496
0.467
0.246
0.012
0.514
0.468
0.718
0.809
0.391
0.295
0.155
0.577
0.706
0.388
0.06
0.326
0.952
0.106
0.231
0.762
0.071
0.731
0.697
0.543
0.099
0.21
0.142
0.814
0.342
0.199
0.768
0.719
0.161
0.972
0.714
0.06
0.745
0.298
0.239
0.431
0.077
0.931
0.496
0.152
0.993
0.236
0.899
0.762
0.825
0.845
0.466
0.968
0.305
0.638
0.384
0.564
0.118
0.261
0.344
0.574
0.042
0.954
0.492
0.578
0.252
0.309
0.046
0.674
0.488
0.311
0.897
0.966
0.461
0.46
0.771
0.894
0.067
0.808
0.256
0.555
0.988
0.038
0.673
0.203
0.26
0.326
0.451
0.27
0.08
0.572
0.655
0.911
0.986
0.867
0.595
0.606
0.354
0.868
0.719
0.931
0.633
0.103
0.708
0.622
0.589
0.653
0.155
0.266
0.639
0.955
0.268
0.517
0.13
0.772
0.941
0.072
0.244
0.008
0.935
0.856
0.663
0.193
0.003
0.058
0.299
0.914
0.387
0.425
0.54
0.156
1.0
0.908
0.68
0.795
0.565
0.012
0.674
0.171
0.432
0.59
0.623
0.719
0.103
0.88
0.701
0.54
0.451
0.834
0.199
0.922
0.502
0.103
0.145
0.168
0.415
0.029
0.867
0.086
0.767
0.087
0.723
0.087
0.861
0.684
0.751
0.411
0.382
0.267
0.198
0.715
0.126
0.041
0.202
0.368
0.453
0.369
0.956
0.205
0.025
0.635
0.422
0.263
0.701
0.851
0.152
0.868
0.754
0.762
0.432
0.127
0.161
0.775
0.548
0.716
0.346
0.283
0.718
0.16
0.761
0.91
0.472
0.236
0.78
0.688
0.298
0.692
0.486
0.296
0.021
0.463
0.462
0.021
0.28
0.327
0.599
0.992
0.773
0.771
0.792
0.498
0.067
0.858
0.88
0.472
0.908
0.491
0.449
0.537
0.756
0.589
0.325
0.162
0.396
0.831
0.338
0.683
0.872
0.765
0.168
0.82
0.074
0.466
0.696
0.796
0.234
0.589
0.832
0.403
0.305
0.09
0.041
0.174
0.949
0.72
0.367
0.091
0.994
0.497
0.735
0.363
0.4
0.427
0.408
0.992
0.346
0.054
0.855
0.467
0.786
0.919
0.621
0.495
0.468
0.307
0.283
0.951
0.155
0.372
0.369
0.473
0.849
0.226
0.072
0.716
0.933
0.219
0.825
0.465
0.173
0.332
0.985
0.301
0.939
0.845
0.776
0.131
0.571
0.809
0.171
0.787
0.707
0.121
0.901
0.935
0.824
0.02
0.729
0.886
0.231
0.025
0.537
0.289
0.674
0.234
0.329
0.991
0.41
0.64
0.244
0.161
0.493
0.116
0.798
0.145
0.834
0.797
1.0
0.39
0.312
0.4
0.99
0.163
0.227
0.355
0.912
0.805
0.786
0.749
0.296
0.774
0.177
0.144
0.608
0.034
0.124
0.739
0.993
0.638
0.773
0.785
0.301
0.443
0.702
0.742
0.975
0.66
0.228
0.024
0.142
0.978
0.534
0.207
0.971
0.518
0.828
0.593
0.849
0.283
0.572
0.56
0.471
0.98
0.871
0.982
0.432
0.836
0.691
0.269
0.638
0.858
0.522
0.401
0.084
0.62
0.052
0.723
0.609
0.07
0.128
0.236
0.958
0.361
0.245
0.329
0.413
0.259
0.84
0.592
0.56
0.514
0.276
0.649
0.153
0.994
0.503
0.361
0.756
0.92
0.027
0.788
0.065
0.776
0.005
0.664
0.033
0.282
0.198
0.836
0.853
0.219
0.088
0.915
0.853
0.017
0.512
0.591
0.549
0.905
0.555
0.605
0.713
0.85
0.738
0.831
0.386
0.708
0.849
0.812
0.276
0.128
0.043
0.165
0.37
0.328
0.297
0.073
0.858
0.723
0.617
0.756
0.847
0.989
0.284
0.568
0.508
0.669
0.905
0.193
0.299
0.003
0.073
0.75
0.513
0.579
0.824
0.646
0.988
0.868
0.664
0.376
0.302
0.479
0.089
0.919
0.777
0.057
0.825
0.347
0.246
0.166
0.887
0.283
0.933
0.941
0.185
0.622
0.812
0.409
0.145
0.823
0.093
0.651
0.185
0.57
0.46
0.315
0.949
0.479
0.703
0.703
0.013
0.68
0.401
0.728
0.369
0.604
0.687
0.244
0.952
0.605
0.664
0.74
0.206
0.324
0.341
0.469
0.47
0.502
0.91
0.353
0.243
0.425
0.233
0.874
0.088
0.052
0.535
0.885
0.217
0.946
0.21
0.862
0.19
0.934
0.916
0.143
0.293
0.659
0.771
0.602
0.847
0.391
0.261
0.984
0.507
0.859
0.586
0.107
0.095
0.561
0.183
0.603
0.724
0.414
0.675
0.251
0.419
0.716
0.85
0.383
0.968
0.662
0.499
0.52
0.899
0.906
0.681
0.848
0.901
0.529
0.624
0.448
0.49
0.825
0.556
0.319
0.313
0.355
0.341
0.605
0.642
0.145
0.333
0.988
0.294
0.777
0.211
0.7
0.708
0.116
0.376
0.757
0.374
0.583
0.832
0.03
0.543
0.286
0.106
0.643
0.329
0.291
0.46
0.267
0.865
0.213
0.129
0.234
0.654
0.288
0.114
0.029
0.912
0.787
0.442
0.653
0.193
0.51
0.845
0.799
0.192
0.49
0.894
0.703
0.469
0.59
0.944
0.692
0.281
0.817
0.18
0.958
0.114
0.128
0.553
0.474
0.534
0.294
0.72
0.137
0.517
0.125
0.383
0.887
0.19
0.912
0.218
0.766
0.021
0.56
0.72
0.36
0.697
0.314
0.344
0.867
0.956
0.574
0.138
0.289
0.034
0.333
0.968
0.84
0.518
0.671
0.642
0.14
0.019
0.484
0.322
0.337
0.505
0.309
0.616
0.867
0.117
0.336
0.619
0.118
0.469
0.763
0.632
0.323
0.276
0.453
0.839
0.466
0.325
0.281
0.208
0.558
0.295
0.891
0.09
0.885
0.069
0.706
0.555
0.077
0.765
0.316
0.874
0.802
0.505
0.303
0.682
0.232
0.98
0.252
0.909
0.176
0.076
0.339
0.021
0.869
0.413
0.444
0.026
0.597
0.846
0.722
0.371
0.577
0.317
0.3
0.189
0.649
0.446
0.281
0.768
0.923
0.302
0.917
0.613
0.26
0.637
0.597
0.154
0.175
0.977
0.052
0.542
0.331
0.34
0.867
0.733
0.622
0.159
0.888
0.317
0.376
0.072
0.526
0.348
0.063
0.192
0.395
0.005
0.664
0.534
0.96
0.778
0.765
0.94
0.184
0.672
0.768
0.613
0.489
0.197
0.316
0.301
0.398
0.048
0.211
0.215
0.786
0.354
0.176
0.525
0.074
0.698
0.686
0.295
0.077
0.614
0.319
0.789
0.574
0.502
0.443
0.434
0.631
0.922
0.892
0.411
0.246
0.845
0.951
0.812
0.352
0.01
0.991
0.317
0.878
0.581
0.723
0.471
0.098
0.731
0.878
0.511
0.919
0.894
0.341
0.335
0.733
0.348
0.664
0.489
