0.645
0.611
0.153
0.495
0.053
0.167
0.307
0.329
0.99
0.625
0.997
0.313
0.654
0.865
0.67
0.966
0.447
0.433
0.758
0.792
0.019
0.562
0.627
0.466
0.077
0.53
0.01
0.166
0.331
0.4
0.336
0.515
0.393
0.299
0.965
0.867
0.444
0.723
0.467
0.846
0.112
0.546
0.401
0.899
0.175
0.614
0.315
0.879
0.258
0.075
0.845
0.504
0.039
0.2
0.563
0.81
0.974
0.168
0.794
0.639
0.142
0.883
0.835
0.082
0.545
0.138
0.489
0.214
0.881
0.657
0.205
0.199
0.95
0.048
0.755
0.435
0.949
0.385
0.404
0.436
0.941
0.54
0.413
0.81
0.72
0.902
0.605
0.968
0.059
0.028
0.447
0.563
0.797
0.849
0.638
0.526
0.988
0.361
0.699
0.436
0.438
0.738
0.255
0.863
0.846
0.659
0.416
0.751
0.308
0.213
0.497
0.839
0.565
0.286
0.305
0.965
0.691
0.892
0.497
0.98
0.023
0.622
0.443
0.034
0.21
0.423
0.476
0.414
0.016
0.006
0.392
0.168
0.701
0.952
0.003
0.576
0.895
0.368
0.17
0.746
0.455
0.446
0.47
0.712
0.642
0.36
0.418
0.389
0.203
0.292
0.975
0.28
0.127
0.987
0.229
0.508
0.658
0.908
0.936
0.389
0.902
0.59
0.673
0.408
0.429
0.113
0.528
0.923
0.649
0.253
0.102
0.397
0.705
0.636
0.397
0.856
0.413
0.054
0.197
0.135
0.236
0.358
0.915
0.574
0.847
0.817
0.262
0.484
0.732
0.165
0.766
0.76
0.789
0.161
0.081
0.809
0.458
0.64
0.095
0.153
0.479
0.311
0.78
0.937
0.731
0.849
0.615
0.459
0.01
0.979
0.899
0.225
0.171
0.987
0.541
0.062
0.446
0.807
0.713
0.009
0.7
0.515
0.727
0.04
0.946
0.78
0.673
0.871
0.835
0.996
0.833
0.088
0.405
0.402
0.191
0.527
0.035
0.864
0.694
0.508
0.302
0.319
0.096
0.168
0.468
0.29
0.922
0.348
0.768
0.531
0.673
0.798
0.15
0.601
0.432
0.857
0.534
0.858
0.802
0.29
0.096
0.699
0.943
0.016
0.85
0.722
0.165
0.135
0.141
0.027
0.498
0.646
0.227
0.013
0.84
0.785
0.182
0.251
0.523
0.201
0.646
0.799
0.11
0.716
0.273
0.03
0.907
0.682
0.426
0.939
0.776
0.135
0.106
0.0
0.718
0.535
0.649
0.419
0.309
0.94
0.156
0.057
0.741
0.141
0.763
0.139
0.55
0.4
0.182
0.223
0.428
0.341
0.203
0.654
0.932
0.339
0.051
0.833
0.197
0.185
0.054
0.643
0.776
0.991
0.793
0.471
0.197
0.281
0.952
0.546
0.883
0.311
0.079
0.275
0.975
0.955
0.345
0.871
0.432
0.659
0.577
0.252
0.013
0.642
0.937
0.656
0.469
0.212
0.425
0.115
0.541
0.895
0.562
0.225
0.371
0.112
0.839
0.459
0.099
0.435
0.719
0.243
0.449
0.84
0.844
0.142
0.171
0.201
0.181
0.924
0.838
0.802
0.115
0.264
0.411
0.672
0.238
0.635
0.624
0.782
0.841
0.246
0.537
0.043
0.183
0.165
0.59
0.943
0.981
0.34
0.28
0.704
0.001
0.599
0.044
0.795
0.844
0.933
0.093
0.509
0.66
0.419
0.396
0.705
0.348
0.317
0.699
0.779
0.446
0.899
0.957
0.899
0.94
0.692
0.944
0.169
0.306
0.083
0.434
0.317
0.139
0.088
0.488
0.088
0.96
0.642
0.235
0.539
0.834
0.225
0.97
0.825
0.466
0.664
0.878
0.504
0.087
0.26
0.868
0.139
0.281
0.18
0.033
0.191
0.648
0.41
0.81
0.868
0.609
0.185
0.193
0.832
0.365
0.807
0.256
0.891
0.415
0.356
0.343
0.887
0.043
0.144
0.965
0.156
0.327
0.714
0.255
0.547
0.346
0.391
0.673
0.554
0.885
0.912
0.08
0.077
0.835
0.46
0.567
0.679
0.029
0.91
0.39
0.756
0.51
0.853
0.478
0.74
0.942
0.904
0.965
0.381
0.845
0.038
0.487
0.824
0.335
0.018
0.831
0.692
0.847
0.623
0.113
0.901
0.18
0.954
0.071
0.715
0.202
0.163
0.444
0.264
0.304
0.744
0.128
0.258
0.296
0.669
0.41
0.958
0.946
0.949
0.81
0.155
0.136
0.694
0.45
0.2
0.679
0.091
0.773
0.719
0.686
0.611
0.342
0.287
0.038
0.987
0.98
0.985
0.969
0.734
0.674
0.207
0.459
0.582
0.245
0.566
0.912
0.002
0.56
0.037
0.633
0.453
0.769
0.964
0.962
0.078
0.322
0.474
0.258
0.512
0.758
0.675
0.254
0.205
0.544
0.904
0.649
0.048
0.739
0.033
0.22
0.8
0.055
0.011
0.059
0.143
0.606
0.352
0.524
0.957
0.204
0.434
0.275
0.439
0.715
0.545
0.211
0.472
0.079
0.627
0.938
0.432
0.667
0.808
0.187
0.195
0.525
0.315
0.332
0.891
0.901
0.795
0.098
0.587
0.455
0.337
0.219
0.597
0.345
0.457
0.591
0.16
0.155
0.497
0.23
0.052
0.615
0.582
0.384
0.606
0.54
0.116
0.193
0.195
0.196
0.813
0.348
0.382
0.673
0.863
0.868
0.203
0.944
0.457
0.114
0.8
0.799
0.261
0.775
0.706
0.854
0.149
0.95
0.279
0.752
0.311
0.139
0.098
0.104
0.797
0.827
0.06
0.977
0.009
0.536
0.892
0.423
0.349
0.919
0.806
0.436
0.748
0.826
0.382
0.615
0.042
0.332
0.19
0.512
0.278
0.404
0.778
0.938
0.66
0.091
0.284
0.952
0.417
0.554
0.66
0.675
0.945
0.379
0.033
0.742
0.294
0.541
0.842
0.904
0.188
0.224
0.79
0.935
0.718
0.25
0.745
0.13
0.317
0.959
0.862
0.246
0.502
0.186
0.271
0.377
0.959
0.113
0.918
0.8
0.773
0.706
0.882
0.547
0.501
0.573
0.096
0.506
0.396
0.934
0.621
0.106
0.694
0.645
0.547
0.343
0.653
0.198
0.991
0.429
0.941
0.162
0.824
0.849
0.454
0.592
0.807
0.434
0.056
0.332
0.855
0.738
0.759
0.082
0.209
0.08
0.31
0.917
0.011
0.862
0.394
0.995
0.777
0.908
0.942
0.236
0.948
0.826
0.702
0.162
0.126
0.326
0.241
0.045
0.163
0.133
0.183
0.369
0.453
0.539
0.39
0.489
0.756
0.486
0.059
0.451
0.648
0.483
0.907
0.865
0.473
0.458
0.274
0.424
0.198
0.653
0.864
0.009
0.639
0.518
0.956
0.075
0.733
0.007
0.236
0.238
0.461
0.664
0.209
0.985
0.104
0.575
0.616
0.066
0.019
0.772
0.167
0.261
0.584
0.429
0.864
0.793
0.452
0.613
0.484
0.413
0.623
0.209
0.449
0.537
0.589
0.654
0.112
0.657
0.452
0.303
0.051
0.17
0.105
0.19
0.056
0.503
0.707
0.567
0.225
0.642
0.792
0.803
0.413
0.674
0.451
0.147
0.039
0.454
0.626
0.058
0.825
0.476
0.991
0.788
0.597
0.842
0.623
0.146
0.858
0.371
0.388
0.115
0.667
0.242
0.723
0.522
0.893
0.724
0.837
0.046
0.483
0.901
0.416
0.684
0.607
0.459
0.438
0.396
0.023
0.213
0.531
0.88
0.049
0.358
0.429
0.017
0.553
0.139
0.649
0.808
0.822
0.032
0.467
0.891
0.51
0.913
0.715
0.205
0.114
0.962
0.456
0.668
0.913
0.674
0.493
0.886
0.23
0.349
0.06
0.59
0.671
0.646
0.079
0.591
0.057
0.873
0.028
0.827
0.474
0.468
0.843
0.474
0.652
0.612
0.356
0.36
0.674
0.719
0.143
0.241
0.89
0.521
0.105
0.001
0.309
0.129
0.124
0.812
0.005
0.643
0.258
0.348
0.223
0.888
0.32
0.773
0.459
0.654
0.678
0.558
0.587
0.257
0.682
0.94
0.394
0.234
0.576
0.996
0.097
0.484
0.181
0.765
0.811
0.592
0.397
0.147
0.078
0.297
0.006
0.886
0.579
0.233
0.666
0.723
0.286
0.673
0.286
0.495
0.098
0.879
0.842
0.123
0.647
0.189
0.39
0.915
0.794
0.392
0.015
0.119
0.479
0.267
0.379
0.463
0.873
0.707
0.186
0.321
0.424
0.903
0.542
0.217
0.019
