0.263
0.069
0.411
0.957
0.063
0.114
0.014
0.958
0.435
0.886
0.386
0.136
0.538
0.387
0.48
0.63
0.364
0.982
0.267
0.417
0.739
0.454
0.323
0.984
0.062
0.07
0.143
0.667
0.817
0.506
0.378
0.761
0.456
0.283
0.128
0.494
0.867
0.822
0.121
0.278
0.13
0.155
0.5
0.558
0.255
0.257
0.835
0.635
0.71
0.503
0.91
0.772
0.19
0.807
0.649
0.726
0.096
0.782
0.521
0.943
0.055
0.236
0.359
0.661
0.841
0.063
0.566
0.232
0.031
0.99
0.045
0.578
0.249
0.675
0.506
0.863
0.216
0.366
0.068
0.444
0.023
0.004
0.954
0.576
0.445
0.087
0.083
0.889
0.763
0.065
0.925
0.895
0.105
0.643
0.039
0.902
0.616
0.801
0.957
0.752
0.391
0.307
0.279
0.208
0.556
0.497
0.409
0.799
0.292
0.617
0.051
0.783
0.343
0.267
0.506
0.788
0.524
0.955
0.392
0.614
0.512
0.181
0.32
0.633
0.872
0.817
0.128
0.738
0.864
0.097
0.893
0.817
0.974
0.178
0.295
0.702
0.922
0.152
0.467
0.591
0.565
0.887
0.201
0.784
0.902
0.01
0.528
0.867
0.564
0.341
0.884
0.546
0.979
0.16
0.628
0.093
0.984
0.152
0.288
0.388
0.408
0.196
0.464
0.652
0.384
0.822
0.867
0.089
0.435
0.009
0.649
0.537
0.548
0.196
0.984
0.291
0.061
0.453
0.254
0.579
0.913
0.193
0.266
0.65
0.25
0.304
0.749
0.612
0.565
0.192
0.515
0.05
0.102
0.582
0.821
0.417
0.273
0.784
0.475
0.945
0.198
0.626
0.626
0.355
0.328
0.615
0.284
0.249
0.993
0.485
0.789
0.16
0.415
0.457
0.019
0.456
0.272
0.631
0.449
0.046
0.465
0.116
0.67
0.31
0.561
0.836
0.926
0.198
0.201
0.313
0.792
0.059
0.193
0.538
0.128
0.589
0.452
0.796
0.146
0.373
0.333
0.142
0.414
0.591
0.379
0.837
0.637
0.172
0.582
0.336
0.002
0.292
0.741
0.53
0.714
0.225
0.283
0.856
0.314
0.095
0.522
0.632
0.4
0.926
0.059
0.15
0.062
0.885
0.537
0.505
0.26
0.444
0.461
0.276
0.336
0.408
0.008
0.87
0.778
0.06
0.574
0.635
0.464
0.05
0.625
0.143
0.064
0.002
0.96
0.184
0.79
0.185
0.911
0.172
0.435
0.418
0.968
0.096
0.288
0.844
0.844
0.003
0.028
0.385
0.187
0.955
0.772
0.086
0.153
0.602
0.687
0.123
0.692
0.59
0.104
0.906
0.217
0.556
0.497
0.632
0.649
0.286
0.791
0.612
0.413
0.144
0.926
0.929
0.982
0.336
0.171
0.385
0.655
0.119
0.256
0.711
0.305
0.66
0.604
0.34
0.388
0.354
0.366
0.872
0.937
0.405
0.315
0.935
0.704
0.054
0.517
0.574
0.933
0.389
0.836
0.487
0.791
0.011
0.628
0.091
0.869
0.405
0.774
0.362
0.442
0.571
0.12
0.135
0.071
0.867
0.92
0.992
0.535
0.535
0.25
0.306
0.359
0.955
0.448
0.377
0.29
0.973
0.555
0.7
0.025
0.533
0.432
0.391
0.64
0.927
0.972
0.673
0.209
0.3
0.066
0.212
0.072
0.934
0.68
0.628
0.491
0.069
0.907
0.386
0.161
0.083
0.666
0.405
0.319
0.37
0.689
0.231
0.974
0.056
0.925
0.863
0.902
0.536
0.754
0.055
0.062
0.667
0.196
0.881
0.899
0.731
0.219
0.48
0.151
0.8
0.985
0.569
0.716
0.862
0.047
0.106
0.257
0.644
0.24
0.014
0.346
0.84
0.197
0.455
0.344
0.787
0.613
0.293
0.433
0.169
0.294
0.902
0.482
0.913
0.429
0.587
0.616
0.74
0.436
0.851
0.756
0.108
0.933
0.479
0.291
0.038
0.271
0.012
0.429
0.305
0.626
0.121
0.977
0.628
0.763
0.472
0.433
0.693
0.891
0.223
0.558
0.409
0.557
0.097
0.699
0.398
0.105
0.607
0.834
0.576
0.346
0.033
0.088
0.912
0.573
0.703
0.906
0.096
0.838
0.015
0.207
0.118
0.963
0.964
0.569
0.263
0.027
0.973
0.01
0.59
0.878
0.709
0.943
0.394
0.022
0.42
0.831
0.966
0.45
0.298
0.003
0.155
0.791
0.81
0.116
0.717
0.83
0.055
0.238
0.364
0.124
0.901
0.276
0.178
0.655
0.622
0.347
0.403
0.062
0.678
0.733
0.594
0.472
0.285
0.466
0.683
0.692
0.95
0.313
0.735
0.394
0.773
0.188
0.249
0.004
0.617
0.318
0.51
0.375
0.752
0.877
0.109
0.81
0.804
0.397
0.504
0.338
0.391
0.995
0.764
0.506
0.3
0.144
0.161
0.916
0.899
0.261
0.325
0.647
0.704
0.625
0.101
0.863
0.761
0.806
0.965
0.482
0.397
0.507
0.549
0.705
0.332
0.817
0.057
0.87
0.457
0.49
0.506
0.992
0.419
0.657
0.717
0.205
0.562
0.065
0.293
0.178
0.418
0.416
0.772
0.936
0.105
0.512
0.764
0.31
0.795
0.968
0.859
0.422
0.714
0.943
0.526
0.992
0.659
0.737
0.988
0.539
0.018
0.278
0.345
0.284
0.927
0.157
0.363
0.616
0.075
0.162
0.844
0.598
0.694
0.411
0.683
0.225
0.5
0.463
0.997
0.793
0.675
0.236
0.609
0.136
0.284
0.461
0.905
0.707
0.938
0.429
0.585
0.796
0.718
0.264
0.886
0.408
0.474
0.499
0.464
0.84
0.733
0.859
0.536
0.023
0.831
0.151
0.983
0.499
0.971
0.561
0.113
0.18
0.868
0.968
0.975
0.506
0.275
0.334
0.449
0.209
0.337
0.879
0.45
0.915
0.101
0.255
0.853
0.986
0.945
0.563
0.415
0.898
0.726
0.447
0.823
0.722
0.167
0.403
0.746
0.31
0.298
0.409
0.148
0.795
0.309
0.868
0.843
0.89
0.717
0.356
0.908
0.343
0.63
0.23
0.7
0.652
0.331
0.183
0.047
0.207
0.07
0.951
0.209
0.46
0.02
0.917
0.132
0.802
0.625
0.798
0.488
0.505
0.194
0.642
0.279
0.12
0.881
0.094
0.938
0.621
0.456
0.522
0.269
0.937
0.119
0.128
0.302
0.479
0.408
0.633
0.338
0.363
0.027
0.401
0.951
0.06
0.341
0.126
0.805
0.584
0.378
0.575
0.898
0.112
0.948
0.078
0.401
0.821
0.525
0.779
0.921
0.575
0.507
0.323
0.405
0.847
0.724
0.516
0.354
0.717
0.687
0.068
0.923
0.95
0.498
0.93
0.883
0.117
0.122
0.404
0.182
0.351
0.036
0.335
0.281
0.808
0.628
0.359
0.356
0.992
0.708
0.056
0.794
0.123
0.29
0.672
0.089
0.733
0.603
0.474
0.942
0.597
0.665
0.843
0.875
0.497
0.779
0.401
0.827
0.739
0.045
0.036
0.921
0.54
0.202
0.422
0.962
0.736
0.35
0.855
0.268
0.83
0.641
0.614
0.313
0.346
0.046
0.299
0.36
0.835
0.394
0.879
0.102
0.384
0.651
0.037
0.514
0.679
0.944
0.24
0.692
0.289
0.335
0.774
0.218
0.489
0.167
0.351
0.27
0.574
0.203
0.213
0.164
0.369
0.011
0.985
0.969
0.085
0.432
0.807
0.997
0.993
0.775
0.852
0.064
0.844
0.15
0.881
0.631
0.228
0.373
0.554
0.738
0.883
0.789
0.975
0.456
0.959
0.783
0.964
0.127
0.355
0.863
0.056
0.854
0.04
0.506
0.37
0.638
0.547
0.86
0.755
0.211
0.716
0.093
0.506
0.878
0.467
0.247
0.184
0.754
0.925
0.046
0.732
0.041
0.747
0.02
0.771
0.354
0.09
0.065
0.731
0.158
0.385
0.77
0.368
0.395
0.081
0.676
0.74
0.464
0.828
0.683
0.418
0.295
0.394
0.839
0.261
0.519
0.143
0.51
0.414
0.039
0.441
0.835
0.42
0.287
0.544
0.135
0.788
0.111
0.801
0.639
0.043
0.047
0.586
0.931
0.893
0.462
0.124
0.11
0.293
0.565
0.168
0.899
0.91
0.276
0.441
0.494
0.917
0.477
0.407
0.284
0.719
0.555
0.631
0.807
0.237
0.372
0.531
0.963
0.599
0.055
0.233
0.502
0.265
0.287
0.322
0.723
0.634
1.0
0.962
0.205
