0.588
0.761
0.159
0.849
0.357
0.105
0.114
0.98
0.537
0.236
0.983
0.836
0.633
0.621
0.892
0.751
0.773
0.61
0.958
0.033
0.134
0.619
0.152
0.719
0.315
0.233
0.242
0.311
0.8
0
0.417
0.043
0.761
0.721
0.703
0.923
0.3
0.06
0.055
0.173
0.953
0.108
0.887
0.6
0.243
0.987
0.774
0.774
0.577
0.192
0.486
0.172
0.876
0.204
0.896
0.117
0.397
0.709
0.082
0.246
0.307
0.643
0.133
0.65
0.452
0.4
0.092
0.049
0.906
0.45
0.035
0.241
0.726
0.985
0.801
0.766
0.359
0.883
0.682
0.873
0.588
0.088
0.105
0.531
0.445
0.679
0.354
0.622
0.721
0.252
0.083
0.603
0.24
0.746
0.747
0.227
0.949
0.913
0.03
0.816
0.96
0.701
0.903
0.908
0.884
0.8
0.307
0.175
0.478
0.908
0.975
0.713
0.811
0.473
0.478
0.009
0.728
0.579
0.237
0.919
0.626
0.483
0.34
0.446
0.803
0.418
0.434
0.245
0.483
0.208
0.235
0.874
0.774
0.329
0.175
0.043
0.504
0.458
0.231
0.843
0.607
0.113
0.743
0.719
0.756
0.624
0.616
0.929
0.902
0.695
0.132
0.772
0
0.443
0.615
0.822
0.399
0.873
0.404
0.012
0.821
0.809
0.529
0.565
0.04
0.928
0.415
0.924
0.316
0.771
0.022
0.859
0.398
0.422
0.125
0.432
0.043
0.677
0.61
0.563
0.269
0.522
0.88
0.005
0.096
0.771
0.914
0.783
0.952
0.161
0.218
0.669
0.908
0.212
0.415
0.032
0.694
0.787
0.977
0.239
0.47
0.151
0.312
0.395
0.635
0.508
0.254
0.419
0.294
0.734
0.722
0.391
0.296
0.638
0.174
0.5
0.223
0.072
0.014
0.484
0.393
0.194
0.223
0.735
0.992
0.405
0.118
0.647
0.711
0.066
0.045
0.889
0.65
0.415
0.607
0.085
0.01
0.425
0.134
0.914
0.664
0.193
0.164
0.896
0.055
0.139
0
0.509
0.88
0.477
0.192
0.234
0.437
0.873
0.897
0.592
0.064
0.585
0.862
0.65
0.568
0.207
0.438
0.288
0.271
0.763
0.594
0.042
0.337
0.388
0.416
0.875
0.188
0.568
0.991
0.425
0.526
0.434
0.163
0.375
0.27
0.383
0.171
0.439
0.12
0.681
0.826
0.941
0.137
0.048
0.763
0.125
0.939
0.731
0.885
0.824
0.725
0.931
0.775
0.419
0.922
0.961
0.509
0.736
0.432
0.416
0.654
0.186
0.837
0.582
0.218
0.308
0.337
0.641
0.719
0.516
0.483
0.683
0.306
0.433
0.466
0.197
0.257
0.447
0.531
0.42
0.281
0.138
0.44
0.108
0.869
0.597
0.816
0.342
0.825
0.572
0.431
0.635
0.552
0.488
0.542
0.155
0.216
0.141
0.991
0.183
0.708
0.379
0.248
0.947
0.274
0.769
0.322
0.135
0.926
0.731
0.321
0.471
0.438
0.127
0.579
0.267
0.194
0.533
0.446
0.975
0.977
0.033
0.689
0.941
0.488
0.855
0.152
0.196
0.849
0.892
0.607
0.965
0.629
0.369
0.304
0.631
0.349
0.691
0.652
0.423
0.592
0.464
0.215
0.475
0.308
0.177
0.21
0.976
0.551
0.901
0.645
0.07
0.49
0.19
0.399
0.162
0.567
0.439
0.758
0.924
0.718
0.285
0.218
0.896
0.417
0.181
0.184
0.141
0.32
0.649
0.226
0.388
0.904
0.505
0.125
0.964
0.765
0.514
0.473
0.539
0.005
0.578
0.697
0.418
0.519
0.332
0.096
0.611
0.425
0.231
0.616
0.807
0.438
0.723
0.289
0.875
0.501
0.761
0.001
0.746
0.297
0.278
0.335
0.907
0.792
0.3
0.868
0.458
0.338
0.365
0.73
0.759
0.337
0.089
0.322
0.025
0.471
0.169
0.288
0.94
0.848
0.46
0.925
0.407
0.833
0.552
0.915
0.042
0.434
0.972
0.547
0.93
0.408
0.239
0.7
0.79
0.901
0.477
0.367
0.695
0.514
0.007
0.257
0.364
0.185
0.891
0.676
0.62
0.301
0.365
0.19
0.744
0.474
0.366
0.321
0.282
0.614
0.356
0.488
0.177
0.635
0.983
0.941
0.311
0.929
0.165
0.153
0.98
0.193
0.39
0.587
0.322
0.458
0.544
0.4
0.001
0.717
0.393
0.345
0.473
0.753
0.458
0.163
0.496
0.471
0.04
0.691
0.092
0.205
0.879
0.695
0.288
0.88
0.89
0.674
0.742
0.677
0.323
0.856
0.717
0.724
0.208
0.195
0.744
0.777
0.721
0.736
0.392
0.805
0.923
0.717
0.31
0.605
0.595
0.977
0.48
0.715
0.801
0.114
0.503
0.85
0.952
0.136
0.326
0.77
0.992
0.896
0.825
0.533
0.726
0.318
0.968
0.69
0.129
0.054
0.564
0.422
0.348
0.301
0.408
0.204
0.69
0.562
0.382
0.543
0.553
0.606
0.518
0
0.606
0.949
0.844
0.139
0.72
0.428
0.955
0.805
0.541
0.054
0.537
0.518
0.487
0.46
0.695
0.512
0.513
0.603
0.245
0.811
0.106
0.31
0.419
0.686
0.284
0.924
0.874
0.177
0.156
0.275
0.823
0.626
0.605
0.58
0.789
0.678
0.8
0.208
0.287
0.484
0.073
0.312
0.958
0.145
0.907
0.519
0.166
0.058
0.241
0.184
0
0.525
0.428
0.099
0.142
0.603
0.784
0.875
0.331
0.927
0.52
0.62
0.605
0.283
0.69
0.239
0.902
0.087
0.677
0.372
0.697
0.818
0.675
0.313
0.939
0.52
0.339
0.567
0.576
0.569
0.293
0.222
0.318
0.878
0.417
0.584
0.163
0.704
0.189
0.465
0.805
0.043
0.106
0.396
0.019
0
0.622
0.513
0.114
0.137
0.293
0.205
0.77
0.134
0.493
0.951
0.735
0.449
0.78
0.451
0.162
0.123
0.543
0.669
0.529
0.149
0.376
0.294
0.792
0.913
0.004
0.366
0.131
0.796
0.88
0.836
0.312
0.971
0.74
0.591
0.257
0.013
0.553
0.0
0.118
0.011
0.685
0.333
0.382
0.411
0.838
0.52
0.884
0.42
0.356
0.748
0.485
0.348
0.78
0.306
0.148
0.214
0.972
0.238
0.472
0.528
0.858
0.338
0.613
0.513
0.004
0.076
0.422
0.794
0.203
0.936
0.995
0.0
0.341
0.335
0.966
0.74
0.593
0.681
0.157
0.799
0.43
0.965
0.742
0.408
0.56
0.678
0.135
0.162
0.629
0.818
0.185
0.79
0.169
0.119
0.188
0.521
0.727
0.018
0.328
0.962
0.389
0.332
0.351
0.439
0.709
0.829
0.882
0.313
0.295
0.084
0.278
0.174
0.595
0.576
0.955
0.97
0.381
0.067
0.945
0.29
0.04
0.754
0.673
0.271
0.489
0.226
0.142
0.1
0.948
0.822
0.718
0.58
0.966
0.588
0.09
0.478
0.883
0.937
0.567
0.849
0.391
0.696
0.292
0.721
0.503
0.487
0.306
0.03
0.715
0.962
0.772
0.116
0.095
0.247
0.557
0.778
0.096
0.07
0.01
0.979
0.172
0.042
0.57
0.406
0.383
0.571
0.779
0.592
0.654
0.146
0.643
0.345
0.658
0.978
0.053
0.75
0.398
0.476
0.158
0.617
0.01
0.063
0.908
0.021
0.251
0.679
0.813
0
0.476
0.132
0.333
0.437
0.44
0.666
0.274
0.485
0.813
0.901
0.191
0.494
0.152
0.602
0.871
0.263
0.182
0.102
0.25
0.07
0.22
0.043
0.008
0.705
0.87
0.08
0.056
0.28
0.956
0.426
0.144
0.289
0.875
0.157
0.776
0.555
0.501
0.987
0
0.816
0.276
0.231
0.542
0.378
0.844
0.577
0.479
0.188
0.31
0.741
0.247
0.19
0.237
0.311
0
0.066
0.969
0.824
0.932
0.803
0.631
0.281
0.253
0.083
0.282
0.055
0.345
0.259
0.679
0.908
0.465
0.2
0.156
0.721
0.34
0.66
0.033
0.989
0.87
0.417
0.037
0.494
0.663
0.923
0.602
0.578
0.576
0.65
0.296
0.546
0.241
0.423
0.803
0.769
0.322
0.933
0.879
0.329
0.861
0.052
0.457
0.534
0.126
0.815
0.844
0.526
0.686
0.114
0.239
0.859
0.109
0.568
0.905
0.185
0.742
0.459
0.32
0.974
0.033
0.611
0.703
