0.991
0.394
0.009
0.543
0.955
0.467
0.686
0.597
0.899
0.301
0.726
0.739
0.304
0.928
0.217
0.054
0.03
0.434
0.2
0.803
0.682
0.418
0.455
0.882
0.096
0.916
0.337
0.401
0.974
0.048
0.778
0.765
0.3
0.644
0.217
0.08
0.846
0.709
0.449
0.379
0.841
0.215
0.924
0.706
0.453
0.542
0.132
0.371
0.825
0.8
0.89
0.183
0.551
0.1
0.242
0.133
0.544
0.55
0.171
0.081
0.559
0.016
0.248
0.848
0.69
0.772
0.789
0.653
0.659
0.869
0.554
0.205
0.414
0.142
0.151
0.797
0.316
0.646
0.99
0.218
0.765
0.95
0.661
0.43
0.145
0.29
0.095
0.469
0.675
0.91
0.311
0.937
0.092
0.02
0.768
0.612
0.7
0.862
0.424
0.239
0.505
0.235
0.385
0.539
0.087
0.377
0.995
0.494
0.036
0.391
0.139
0.265
0.423
0.541
0.629
0.776
0.823
0.98
0.202
0.887
0.205
0.312
0.226
0.503
0.549
0.284
0.838
0.3
0.906
0.922
0.043
0.858
0.454
0.402
0.863
0.987
0.721
0.447
0.935
0.962
0.053
0.469
0.433
0.3
0.106
0.373
0.401
0.848
0.353
0.374
0.764
0.495
0.836
0
0.423
0.532
0.781
0.343
0.689
0.053
0.268
0.059
0.991
0.057
0.665
0.693
0.611
0.77
0.196
0.064
0.481
0.249
0.285
0.33
0.662
0.279
0.501
0.954
0.142
0.37
0.694
0.089
0.903
0.129
0.608
0.646
0.43
0.204
0.469
0.424
0.603
0.071
0.177
0.211
0.593
0.785
0.871
0.107
0.79
0.33
0.542
0.108
0.876
0.934
0.149
0.379
0.757
0.007
0.395
0.534
0.425
0.714
0.219
0.681
0.736
0.312
0.785
0.716
0.232
0.412
0.85
0.137
0.658
0.959
0.294
0.755
0.137
0.859
0.012
0.347
0.507
0.586
0.942
0.301
0.98
0.018
0.816
0.991
0.771
0.733
0.339
0.657
0.436
0.674
0.251
0.509
0.446
0.434
0.225
0.518
0.38
0.285
0.033
0.367
0.413
0.542
0.289
0.824
0
0.915
0.331
0.888
0.995
0.889
0.066
0.718
0.292
0.374
0.478
0.428
0.36
0.738
0.367
0.161
0.737
0.536
0.273
0.115
0.814
0.002
0.919
0.35
0.267
0.196
0.143
0.286
0.099
0.169
0.428
0.659
0.999
1.0
0.722
0.287
0.843
0.03
0.507
0.36
0.095
0.798
0.761
0.755
0.049
0.587
0.524
0.929
0.325
0.46
0.428
0.739
0.469
0.023
0.415
0.15
0.589
0.374
0.213
0.561
0.05
0.325
0.978
0.291
0.049
0.351
0.166
0.158
0.796
0.737
0.799
0.666
0.187
0.85
0.366
0.322
0.493
0.831
0.082
0.255
0.501
0.717
0.399
0.253
0.549
0.584
0.692
0.52
0.513
0.702
0.226
0.073
0.301
0.138
0.779
0.774
0.047
0.405
0.846
0.143
0.97
0.223
0.591
0.579
0.71
0.39
0.908
0.005
0.122
0.771
0.735
0.841
0.602
0.623
0.212
0.675
0.38
0.337
0.906
0.607
0.345
0.576
0.913
0.945
0.937
0.008
0.959
0.415
0.295
0.899
0.312
0.355
0.827
0.674
0.69
0.072
0.344
0.233
0.977
0.589
0.993
0.794
0.854
0.821
0.706
0.469
0.515
0.05
0.735
0.659
0.911
0.32
0.234
0.078
0.718
0.494
0.104
0.467
0.483
0.634
0.402
0.502
0.537
0.251
0.784
0.116
0.272
0.327
0.723
0.301
0.916
0.23
0.551
0.841
0.118
0.739
0.017
0.41
0.61
0.781
0.452
0.768
0.762
0.541
0.76
0.029
0.514
0.325
0.209
0.461
0.092
0.639
0.454
0.335
0.38
0.575
0.435
0.277
0.18
0.055
0.884
0.058
0.32
0.551
0.271
0.33
0.178
0.646
0.342
0.992
0.664
0.441
0.206
0.905
0.324
0.185
0.071
0.866
0.898
0.064
0.883
0.611
0.346
0.873
0
0.014
0.189
0.652
0
0.66
0.134
0.081
0.796
0.134
0.527
0.346
0.235
0.236
0.633
0.698
0.277
0.722
0.426
0.612
0.154
0.181
0.901
0.203
0.597
0.664
0.043
0.081
0.472
0.292
0.79
0.326
0.103
0.02
0.66
0.169
0.275
0.277
0.668
0.966
0.519
0.16
0.05
0.43
0.102
0.94
0.122
0.872
0.604
0.886
0.271
0.19
0.442
0.733
0.853
0.055
0.849
0.865
0.52
0.083
0.941
0.743
0.916
0.972
0.951
0.179
0.522
0.186
0.63
0.964
0.415
0.738
0.08
0.536
0.142
0.422
0.57
0.777
0.466
0.501
0.984
0.662
0.471
0.901
0.897
0.093
0.064
0.242
0.716
0.144
0.728
0.872
0.098
0.088
0.261
0.955
0.445
0.107
0.91
0.326
0.857
0.365
0.202
0.205
0.991
0.832
0.307
0.375
0.291
0.9
0.099
0.837
0.318
0.399
0.873
0.921
0.196
0.894
0.208
0.779
0.891
0.279
0.267
0.148
0.476
0.743
0.802
0.984
0.563
0.846
0.466
0.135
0.87
0.829
0.834
0.069
0.661
0.716
0.701
0.313
0.249
0.436
0.03
0.479
0.199
0.444
0.808
0.717
0.45
0.173
0.497
0.205
0.577
0.025
0.391
0.533
0.125
0.142
0
0.916
0.19
0.807
0.235
0.898
0.76
0.041
0.675
0.583
0.768
0.384
0.031
0.789
0.553
0.514
0.971
0.286
0.758
0.049
0.823
0.141
0.526
0.095
0.622
0.534
0.935
0.562
0.102
0.786
0.964
0.596
0.397
0.578
0.652
0.182
0.656
0.85
0.736
0.433
0.109
0.932
0.039
0.878
0.143
0.88
0.648
0.708
0.964
0.679
0.528
0.119
0.674
0.859
0.275
0.338
0.085
0.587
0.339
0.035
0.074
0.056
0.525
0.788
0.182
0.267
0.102
0.358
0.569
0.104
0.611
0.806
0.137
0.551
0.078
0.423
0.765
0.903
0.523
0.903
0.282
0.468
0.384
0.181
0
0.692
0.49
0.22
0.272
0.944
0.932
0.075
0.165
0.435
0.996
0.064
0.793
0.904
0.278
0.021
0.311
0.448
0.521
0.625
0.262
0
0.028
0.73
0.628
0.524
0.016
0.036
0.565
0.604
0.362
0.145
0.644
0.304
0.434
0.626
0.889
0.403
0.64
0.707
0.721
0.476
0.033
0.877
0.294
0.76
0.601
0.034
0.61
0.451
0.559
0.148
0.723
0.259
0.691
0.301
0.74
0.089
0.414
0.405
0.534
0.672
0.171
0.993
0.409
0.462
0.185
0.34
0.904
0.839
0.909
0.503
0.597
0.843
0.587
0.287
0.547
0.366
0.321
0.969
0.28
0.613
0.663
0.259
0.853
0.206
0.686
0.086
0.402
0.462
0.567
0.873
0.98
0.564
0.192
0.702
0.877
0.639
0.181
0.27
0.944
0.096
0.329
0.396
0.454
0.245
0.484
0.864
0.836
0.528
0.969
0.637
0.645
0.443
0.932
0.101
0.016
0.735
0.395
0.992
0.224
0.309
0.598
0.033
0.576
0.541
0.664
0.688
0.343
0.807
0.252
0.361
0.242
0.477
0.127
0.013
0.22
0.515
0.981
0.174
0.949
0.359
0.191
0.529
0.278
0.416
0.732
0.218
0.187
0.054
0.18
0.303
0.39
0.087
0.344
0.433
0.235
0.59
0.746
0.852
0.257
0.056
0.774
0.389
0.866
0.554
0.546
0.591
0.523
0.193
0.964
0.305
0.79
0.932
0.746
0.931
0.54
0.543
0.768
0.468
0.669
0.095
0.382
0.069
0.199
0.285
0.923
0.649
0.297
0.184
0.154
0.682
0.838
0.042
0.228
0.691
0.054
0.187
0.606
0.95
0.695
0.2
0.75
0.242
0.606
0.555
0.576
0.526
0.003
0.604
0.786
0.731
0.041
0.065
0.082
0.024
0.494
0.908
0.175
0.177
0.035
0.238
0.236
0.876
0.53
0.932
0.261
0.48
0.297
0.025
0.98
0.857
0.557
0.976
0.869
0.765
0.561
0.693
0.469
0.309
0.907
0.542
0.235
0.524
0.138
0.164
0.772
0.693
0.492
0.571
0.742
0.147
0.488
0.537
0.991
0.629
0.912
0.371
0.49
0.346
0.925
0.047
0.082
0.483
0.894
0.125
0.634
0.195
0.78
0.884
0.479
0.76
0.529
0.808
0.186
0.806
