0.375
0.73
0.99
0.008
0.674
0.055
0.13
0.468
0.304
0.224
0.571
0.315
0.492
0.098
0.032
0.251
0.594
0.458
0.411
0.858
0.765
0.097
0.808
0.075
0.293
0.687
0.499
0.795
0.602
0.032
0.227
0.204
0.837
0.858
0.873
0.816
0.265
0.251
0.901
0.271
0.494
0.189
0.385
0.893
0.319
0.313
0.246
0.369
0.25
0.142
0.737
0.94
0.406
0.612
0.324
0.513
0.131
0.232
0.973
0.551
0.44
0.807
0.423
0.67
0.006
0.95
0.067
0.442
0.557
0.174
0.226
0.916
0.893
0.226
0.257
0.016
0.499
0.696
0.18
0.199
0.193
0.701
0.337
0.312
0.51
0.644
0.14
0.794
0.628
0.084
0.085
0.205
0.756
0.605
0.656
0.424
0.227
0.817
0.548
0.265
0.59
0.999
0.672
0.659
0.295
0.644
0.093
0.209
0.555
0.51
0.866
0.403
0.676
0.528
0.242
0.964
0.179
0.859
0.645
0.202
0.999
0.237
0.688
0.837
0.867
0.337
0.912
0.263
0.483
0.541
0.568
0.206
0.247
0.822
0.571
0.33
0.809
0.912
0.255
0.118
0.581
0.626
0.105
0.25
0.279
0.237
0.475
0.5
0.159
0.616
0.45
0.796
0.225
0.757
0.376
0.081
0.232
0.692
0.335
0.382
0.693
0.978
0.284
0.933
0.976
0.938
0.161
0.281
0.154
0.69
0.376
0.948
0.043
0.932
0.619
0.361
0.786
0.964
0.707
0.729
0.201
0.79
0.729
0.921
0.299
0.337
0.369
0.166
0.132
0.739
0.091
0.635
0.122
0.951
0.06
0.748
0.673
0.04
0.21
0.188
0.861
0.998
0.023
0.866
0.652
0.019
0.768
0.236
0.529
0.312
0.422
0.402
0.974
0.779
0.175
0.129
0.735
0.307
0.918
0.253
0.452
0.808
0.142
0.235
0.96
0.14
0.991
0.494
0.529
0.33
0.111
0.115
0.518
0.232
0.63
0.486
0.727
0.503
0.119
0
0.903
0.165
0.133
0.059
0.456
0.543
0.325
0.736
0.75
0.609
0.729
0.65
0.126
0.426
0.748
0.328
0.1
0.954
0.254
0.892
0.191
0.971
0.269
0.565
0.44
0.415
0.292
0.236
0.008
0.514
0.622
0.61
0.447
0.804
0.553
0.613
0.963
0.34
0.331
0.027
0.957
0.119
0.675
0.7
0.927
0.067
0.359
0.941
0.025
0.114
0.694
0.588
0.306
0.778
0.867
0.215
0.399
0.158
0.141
0.543
0.27
0.138
0.698
0.541
0.477
0.362
0.701
0.874
0.218
0.359
0.052
0.6
0.501
0.113
0.235
0.252
0.668
0.405
0.64
0.15
0.935
0.884
0.288
0.605
0.329
0.572
0.55
0.45
0.937
0.731
0.733
0.837
0.13
0.386
0.18
0.3
0.992
0.011
0.845
0.451
0.028
0.445
0.869
0.236
0.05
0.143
0
0.59
0.033
0.243
0.84
0.235
0.891
0.361
0.001
0.65
0.209
0.659
0.197
0.592
0.428
0.492
0.365
0.884
0.438
0.739
0.27
0.191
0.78
0.745
0.575
0.772
0.063
0.191
0.269
0.691
0.525
0.694
0.238
0.799
0.873
0.132
0.289
0.164
0.704
0.102
0.799
0.288
0.975
0.77
0.657
0.18
0.193
0.264
0.367
0.361
0.261
0.14
0.435
0.204
0.991
0.692
0.845
0.195
0.477
0.725
0.773
0.772
0.855
0.968
0.145
0.038
0.57
0.044
0.792
0.533
0.395
0.53
0.369
0.051
0.109
0.305
0.407
0.52
0.287
0.487
0.701
0.34
0.182
0.983
0.979
0.759
0.812
0.805
0.364
0.807
0.55
0.651
0.352
0.684
0.364
0.586
0.583
0.123
0.085
0.655
0.082
0.848
0.67
0.621
0.957
0.82
0.439
0.401
0.766
0.448
0.91
0.943
0.749
0.555
0.886
0.402
0.894
0.218
0.054
0.045
0.816
0.5
0.655
0.582
0.507
0.136
0.246
0.519
0.953
0.329
0.11
0.385
0.021
0.997
0.385
0.904
0.708
0.798
0.508
0.661
0.994
0.404
0.182
0.629
0.586
0.56
0.875
0
0.285
0.639
0.593
0.443
0.156
0.363
0.752
0.523
0.061
0.7
0.46
0.223
0.543
0.251
0.13
0.064
0.266
0.173
0.14
0.734
0.676
0.637
0.943
0.462
0.917
0.099
0.587
0.827
0.131
0.567
0.659
0.54
0.641
0.335
0.408
0.481
0.551
0.676
0.805
0.367
0.834
0.003
0.119
0.479
0.369
0.046
0.953
0.82
0.514
0.499
0.213
0.701
0.142
0.787
0.607
0.136
0.289
0.774
0.674
0.543
0.661
0.622
0.078
0.549
0.863
0.062
0.561
0.088
0.913
0.837
0.119
0.931
0.491
0.925
0.389
0.139
0.774
0.266
0.696
0.778
0.548
0.678
0.815
0.228
0.623
0.112
0.223
0.09
0.767
0.554
0.595
0.206
0.256
0.941
0.995
0.658
0.884
0.537
0.157
0.294
0.164
0.221
0.417
0.702
0.097
0.946
0.653
0.033
0.427
0.266
0.769
0.141
0.349
0.667
0.569
0.427
0.641
0.004
0.216
0.988
0.835
0.094
0.4
0.402
0.164
0.734
0.02
0.846
0.705
0.411
0.884
0.856
0.759
0.604
0.975
0.266
0.96
0.608
0.838
0.628
0.374
0.317
0.738
0.53
0.166
0.315
0.5
0.567
0.741
0.725
0.492
0.024
0.606
0.405
0.135
0.056
0.959
0.768
0.578
0.276
0.066
0.708
0.576
0.29
0.16
0.552
0.148
0.294
0.655
0.867
0.748
0.383
0.807
0.165
0.08
0.54
0.66
0.278
0.869
0.122
0.075
0.148
0.775
0.301
0.031
0.742
0.011
0.119
0.394
0.311
0.409
0.362
0.617
0.098
0.54
0.742
0.394
0.592
0.569
0.709
0.588
0.241
0.721
0.539
0.55
0.02
0.156
0.421
0.5
0.181
0.519
0.961
0.735
0.969
0.363
0.974
0.465
0.638
0.453
0.414
0.749
0.013
0.866
0.522
0.159
0.088
0.925
0.877
0.196
0.841
0.203
0.81
0.056
0.891
0.829
0.396
0.094
0.185
0.997
0.89
0.151
0.923
0.86
0.446
0.669
0.784
0.534
0.504
0.729
0.921
0.62
0.72
0.744
0.857
0.497
0.376
0.805
0.571
0.583
0.479
0.605
0.536
0.758
0.497
0.395
0.461
0.056
0.395
0.431
0.125
0.962
0
0.814
0.051
0.738
0.808
0.927
0.937
0.83
0.876
0.644
0.623
0.331
0.48
0.418
0.677
0.208
0.717
0.894
0.281
0.717
0.309
0.76
0.29
0.638
0.092
0.838
0.76
0.178
0.828
0.801
0.697
0.377
0.059
0.417
0.652
0.81
0.59
0.23
0.463
0.871
0.432
0.807
0.152
0.369
0.215
0.557
0.59
0.284
0.6
0.211
0.213
0.465
0.81
0.223
0.851
0.403
0.344
0.751
0.526
0.212
0.753
0.736
0.688
0.623
0.675
0.801
0.805
0.049
0.765
0.473
0.873
0.452
0
0.794
0.125
0.381
0.856
0.946
0.853
0.924
0.339
0.645
0.121
0.442
0.38
0.986
0.715
0.58
0.951
0.715
0.596
0.861
0.529
0.464
0.617
0.832
0.091
0.552
0.516
0.651
0.797
0.485
0.454
0.005
0.478
0.395
0.242
0.012
0.414
0.815
0.626
0.198
0.693
0.169
0.272
0.225
0.988
0.142
0.063
0.65
0.289
0.829
0.8
0.219
0.671
0
0.059
0.064
0.512
0.869
0.649
0.977
0.441
0.847
0.159
0.771
0.189
0.127
0.237
0.815
0.673
0.746
0.827
0.601
0.19
0.349
0.811
0.638
0.989
0.254
0.654
0.181
0.971
0.859
0.733
0.423
0.805
0.005
0.919
0.886
0.236
0.058
0.049
0.953
0.045
0.279
0.989
0.537
0.411
0.698
0.459
0.407
0.098
0.002
0.898
0.131
0.067
0.7
0.528
0.411
0.764
0.345
0.461
0.127
0.337
0.255
0.556
0.629
0.834
0.807
0.535
0.703
0.247
0.618
0.403
0.66
0.068
0.935
0.821
0.537
0.204
0.339
0.815
0.318
0
0.805
0.098
0.502
0.888
0.17
0.394
0.178
0.336
0.857
0.805
0.425
0.194
0.05
0.136
0.667
0.691
0.276
0.322
0.266
0.233
0.261
0.303
0.91
0.83
0.101
0.019
0.949
0.644
0.327
0.714
