0.642
0.825
0.879
0.839
0.411
0.822
0.367
0.298
0.616
0.45
0.313
0.514
0.264
0.452
0.661
0.048
0.247
0.542
0.632
0.882
0.114
0.331
0.779
0.495
0.731
0.933
0.388
0.019
0.99
0.253
0.7
0.522
0.889
0.111
0.694
0.886
0.828
0.233
0.126
0.799
0.289
0.012
0.065
0.043
0.35
0.734
0.449
0.771
0.164
0.862
0.865
0.138
0.126
0.174
0.028
0.3
0.8
0.583
0.27
0.947
0.23
0.763
0.347
0.639
0.056
0.668
0.347
0.374
0.988
0.521
0.126
0.734
0.552
0.297
0.502
0.747
0.097
0.789
0.699
0.589
0.933
0.142
0.424
0.314
0.314
0.822
0.942
0.786
0.563
0.928
0.254
0
0.249
0.755
0.813
0.337
0.343
0.005
0.855
0.775
0.627
0.152
0.219
0.726
0.538
0.94
0.432
0.878
0.804
0.164
0.313
0.206
0.322
0.915
0.856
0.067
0.915
0.73
0.897
0.505
0.234
0.005
0.644
0.597
0.121
0.742
0.814
0.979
0.745
0.157
0.682
0.256
0.469
0.422
0.498
0.061
0.391
0.984
0.488
0.568
0.381
0.333
0.777
0.214
0.034
0.386
0.779
0.149
0.656
0.85
0.919
0.074
0.82
0.456
0.731
0.64
0.495
0.438
0.953
0.871
0.177
0.41
0.231
0.79
0.292
0.768
0.972
0.988
0.855
0.901
0.015
0.318
0.364
0.162
0.011
0.687
0.223
0.958
0.238
0.009
0.064
0.217
0.5
0.706
0.796
0.182
0.496
0.756
0.547
0.655
0.437
0.768
0.818
0.944
0.367
0.058
0.709
0.189
0.225
0.964
0.429
0.766
0.813
0.599
0.942
0.208
0.811
0.939
0.172
0.155
0.792
0.433
0.485
0.239
0.107
0.492
0.899
0.771
0.102
0.842
0.288
0
0.226
0.834
0.612
0.965
0.39
0.918
0.632
0.97
0.451
0.647
0.404
0.922
0.441
0.247
0.308
0.502
0.693
0.549
0.253
0.76
0.693
0.992
0.989
0.007
0.345
0.058
0.748
0.574
0.007
0.402
0.704
0.432
0.219
0.645
0.657
0.75
0.342
0.159
0.848
0.644
0.614
0.545
0.599
0.422
0.223
0.69
0.572
0.868
0.287
0.434
0.907
0.746
0.4
0.267
0.962
0.28
0.262
0.356
0.585
0.704
0.952
0.089
0.354
0.87
0.906
0.194
0.837
0.465
0.747
0.591
0.216
0.511
0.328
0.119
0.44
0.417
0.031
0.488
0.159
0.554
0.797
0.606
0.706
0.147
0.632
0.17
0.316
0.223
0.769
0.621
0.358
0.076
0.592
0.434
0.675
0.305
0.505
0.317
0.752
0.355
0.673
0.012
0.479
0.327
0
0.205
0.726
0.905
0.257
0.324
0.123
0.386
0.143
0.331
0.191
0.071
0.808
0.814
0.817
0.565
0.634
0.134
0.542
0.991
0.875
0.539
0.721
0.506
0.186
0.853
0.035
0.42
0.944
0.864
0.194
0.054
0.355
0.338
0.889
0.739
0.448
0.331
0.474
0.092
0.853
0.667
0.715
0.78
0.205
0.15
0.698
0.315
0.681
0.212
0.782
0.055
0.33
0.261
0.643
0.226
0.624
0.171
0.77
0.765
0.538
0.07
0.241
0.082
0.668
0.315
0
0.808
0.608
0.763
0.335
0.221
0.989
0.844
0.897
0.355
0.802
0.835
0.314
0.857
0.282
0.371
0.852
0.855
0.378
0.9
0.202
0.028
0.677
0.752
0.604
0.059
0.465
0.125
0.086
0.592
0.381
0.157
0.054
0.305
0.469
0.987
0.088
0.967
0.31
0.376
0.984
0.207
0.01
0.569
0.185
0.71
0.555
0.419
0.554
0.432
0.373
0.261
0.136
0.448
0.573
0.078
0.222
0.21
0.364
0.764
0.626
0.458
0.282
0.575
0.418
0.202
0.606
0.651
0.264
0.767
0.375
0.311
0.222
0.154
0.178
0.869
0.901
0.627
0.003
0.012
0.554
0.527
0.578
0.004
0.226
0.065
0.764
0.425
0.213
0.594
0.925
0.408
0.667
0.683
0.613
0.23
0.1
0.483
0.189
0.78
0.243
0.249
0.799
0.074
0.605
0.62
0.696
0
0.607
0.181
0.657
0.735
0.236
0.481
0.265
0.116
0.332
0.204
0.46
0.836
0.036
0.881
0.328
0.736
0.289
0.888
0.183
0.428
0.145
0.587
0.808
0.153
0.733
0.597
0.275
0.526
0.47
0.99
0.705
0.326
0.665
0.606
0.163
0.471
0.062
0.391
0.16
0.795
0.371
0.038
0.709
0.594
0.11
0.309
0.32
0.763
0.574
0.327
0.33
0.821
0.4
0.771
0.859
0.322
0.498
0.453
0.116
0.35
0.401
0.071
0.19
0.596
0.298
0.795
0.035
0.284
0.641
0.516
0.239
0.571
0.556
0.203
0.101
0.991
0.07
0.601
0.353
0.055
0.806
0.308
0.582
0.543
0.923
0.825
0.148
0.541
0.805
0.552
0.884
0.373
0.113
0.383
0.426
0.093
0.725
0.831
0.913
0.937
0.027
0.081
0.168
0.506
0.967
0.688
0.311
0.513
0.812
0.986
0.093
0.16
0.922
0.885
0.838
0.649
0.078
0.665
0.514
0.915
0.676
0.97
0.709
0.497
0.57
0.132
0.704
0.088
0.542
0.181
0.553
0.534
0.926
0.733
0.844
0.762
0.195
0.678
0.981
0.226
0.06
0.583
0.201
0.18
0.632
0.395
0.589
0.99
0.755
0.526
0.846
0.311
0.295
0.246
0.117
0.034
0.318
0
0.499
0.503
0.261
0.389
0.064
0.544
0.116
0.769
0.04
0.31
0.685
0.133
0.322
0.029
0.782
0.287
0.936
0.435
0.362
0
0.308
0.892
0.65
0.977
0.353
0.876
0.987
0.74
0.932
0.807
0.241
0.845
0.252
0.372
0.77
0.79
0.598
0.728
0.344
0.533
0.349
0.583
0.418
0.592
0.788
0.48
0.47
0.305
0.698
0.556
0.02
0.465
0.355
0.051
0.287
0.943
0.495
0.269
0.912
0.173
0.965
0.878
0.301
0.589
0.122
0.513
0.097
0.47
0.553
0.979
0.146
0.185
0.068
0.305
0.799
0.045
0.999
0.128
0.93
0.852
0.071
0.612
0.64
0.534
0.154
0.727
0.477
0.128
0.375
0.349
0.411
0.283
0.854
0.186
0.585
0.813
0.411
0.039
0.476
0.132
0.778
0.101
0.295
0.408
0.985
0.454
0.431
0.456
0.217
0.963
0.14
0.427
0.949
0.734
0.31
0.145
0.452
0.648
0.932
0.261
0.834
0.657
0.6
0.117
0.431
0.545
0.339
0.026
0.687
0.709
0.978
0.663
0.75
0.807
0
0.366
0.165
0.542
0.516
0.218
0.753
0.208
0.017
0.402
0.129
0.78
0.039
0.175
0.816
0.077
0.382
0.865
0.698
0.439
0.558
0.365
0.825
0.018
0.836
0.536
0.184
0.432
0.561
0.287
0.169
0.361
0.422
0.276
0.195
0.123
0.404
0.081
0.053
0.078
0.276
0.025
0
0.333
0.074
0.781
0.884
0.549
0.754
0.878
0.365
0.285
0.832
0.525
0.846
0.625
0.353
0.7
0.58
0.963
0.032
0.071
0.72
0.506
0.923
0.318
0.148
0.159
0.31
0.166
0.951
0.989
0.28
0.075
0.565
0.295
0.753
0.606
0.279
0.724
0.89
0.655
0.861
0.122
0.864
0.756
0.5
0.507
0.635
0.492
0.794
0.606
0.518
0.299
0.788
0.354
0.779
0.938
0.28
0.246
0.846
0.259
0.441
0.019
0.954
0.265
0.55
0.472
0.417
0.449
0.337
0.352
0.538
0.118
0.341
0.723
0.361
0.434
0.529
0.078
0.725
0.669
0.635
0.772
0.395
0.399
0.077
0.979
0.024
0.492
0.145
0.24
0.478
0.082
0.706
0.288
0.719
0.228
0.183
0.925
0.609
0.433
0.176
0.627
0.341
0.176
0.568
0.942
0.579
0.635
0.92
0.364
0.32
0.107
0.554
0.426
0.605
0.634
0.904
0.629
0.245
0.179
0.729
0.969
0.544
0.463
0.407
0.881
0.097
0.876
0.881
0.432
0.417
0.4
0.195
0.67
0.576
0.282
0.159
0.391
0.672
0.142
0.769
0.885
0.334
0.622
0.698
0.389
0.321
0.894
0.23
0.207
0.929
0.595
0.41
0.82
0.075
0.382
0.97
0.191
0.625
0.315
0.955
0.325
0.042
0.014
0.776
0.296
