0.053
0.78
0
0.819
0.337
0.187
0.928
0.871
0.324
0.706
0.421
0.787
0.169
0.769
0.974
0.445
0.809
0.718
0.926
0.312
0.787
0.304
0.488
0.397
0.617
0.528
0.013
0.431
0.621
0.36
0.246
0.714
0.419
0.069
0.618
0.039
0.477
0.275
0.932
0.99
0.47
0.312
0.523
0.814
0.772
0.386
0.089
0.998
0.172
0.59
0.665
0.016
0.56
0.204
0.841
0.897
0.932
0.639
0.484
0.278
0
0.331
0.905
0.916
0.679
0.036
0.704
0.163
0.967
0.721
0.551
0.47
0.226
0.781
0.419
0.471
0.302
0.617
0.869
0.464
0.072
0.04
0.321
0.575
0.692
0.998
0.946
0.113
0.769
0.416
0.224
0.606
0.997
0.332
0.239
0.712
0.758
0.87
0.281
0.692
0.011
0.178
0.452
0.826
0.752
0.858
0.765
0.412
0.695
0.256
0.632
0.12
0.306
0.533
0.34
0.065
0.608
0.294
0.423
0.901
0.35
0.844
0.935
0.124
0.545
0.721
0.496
0.398
0.049
0.004
0.029
0.598
0.266
0.901
0.905
0.69
0.218
0.252
0.003
0.439
0.858
0.277
0.91
0.587
0.153
0.876
0.37
0.546
0.841
0.568
0.721
0.303
0.801
0.272
0.191
0.632
0.671
0.085
0.338
0.221
0.346
0.921
0
0.684
0.489
0.326
0.476
0.927
0.289
0.318
0.512
0.315
0.963
0.897
0.151
0.496
0.838
0.083
0.837
0.741
0.609
0.144
0.85
0.815
0.289
0.188
0.314
0.796
0.923
0.612
0.249
0.716
0.473
0.558
0.319
0.233
0.762
0.237
0.772
0.607
0.267
0.605
0.59
0.828
0.453
0.075
0.369
0.24
0.596
0.756
0.312
0.753
0.739
0.522
0.294
0.201
0.124
0.273
0.936
0.204
0.023
0.415
0.283
0.466
0.094
0.161
0.201
0.341
0.044
0.817
0.86
0.831
0.883
0.932
0.406
0.355
0.185
0.745
0.231
0.272
0.216
0.042
0.825
0.74
0.154
0.602
0.389
0.12
0.546
0.189
0.635
0.251
0.351
0.724
0.206
0.276
0.394
0.12
0.59
0.679
0.887
0.572
0.917
0.233
0.984
0.705
0.699
0.322
0.152
0.369
0.214
0.426
0.092
0.892
0.77
0.513
0.578
0.137
0.659
0.285
0.749
0.356
0.898
0.387
0.207
0.875
0.752
0.452
0.949
0.452
0.702
0.758
0.526
0.573
0.78
0.232
0.617
0.149
0.381
0.806
0.2
0.573
0.465
0.354
0.417
0.01
0.006
0.533
0.316
0.073
0.191
0.429
0.339
0.053
0.593
0.526
0.305
0.983
0.791
0.134
0.081
0.398
0.995
0.633
0.472
0.802
0.699
0.153
0.573
0.835
0.845
0.054
0.352
0.038
0.185
0.517
0.911
0.137
0.963
0.03
0.693
0.98
0.472
0.719
0.668
0.44
0.73
0.452
0.305
0.726
0.732
0.356
0.838
0.604
0.752
0.941
0.727
0.764
0.77
0.649
0.152
0.142
0.581
0.996
0.744
0.971
0.879
0.599
0.773
0.099
0.208
0.282
0.315
0.258
0.686
0.328
0.612
0.542
0.23
0.199
0.373
0.048
0.385
0.924
0.109
0.062
0.861
0.829
0.166
0.454
0.864
0.351
0.548
0.521
0.328
0.891
0.118
0.967
0.243
0.284
0.633
0.672
0.623
0.728
0.141
0.797
0.315
0.847
0.713
0.614
0.287
0.932
0.521
0.37
0.571
0.782
0.762
0.723
0.775
0.683
0.134
0.026
0.627
0.279
0.205
0.836
0.653
0.769
0.012
0.849
0.173
0.38
0.771
0.898
0.802
0.387
0.184
0.905
0.711
0.617
0.103
0.709
0.827
0.69
0.831
0.238
0.797
0.928
0.283
0.041
0.559
0.39
0.611
0.902
0.967
0.244
0.116
0.133
0.091
0.218
0.975
0.98
0.252
0.381
0.647
0.44
0.24
0.234
0.528
0.237
0.485
0.686
0.393
0.17
0.985
0.857
0.22
0.52
0.203
0.776
0.903
0.529
0.105
0.032
0.426
0.117
0.517
0.652
0.334
0.528
0.797
0.682
0.227
0.185
0.278
0.256
0.343
0.346
0.596
0.609
0.03
0.345
0.625
0.536
0.044
0.965
0.787
0.816
0.529
0.555
0.559
0.708
0.309
0.609
0.418
0.746
0.169
0.126
0.399
0.845
0.251
0.818
0.189
0.332
0.628
0.188
0.049
0.449
0.536
0.549
0.269
0.139
0.645
0.901
0.165
0.264
0.144
0.618
0.079
0.712
0.982
0.312
0.39
0.125
0.006
0.293
0.306
0.107
0.458
0.17
0.411
0.574
0.609
0.206
0.959
0.326
0.813
0.883
0.157
0.891
0.255
0.774
0.458
0.345
0.089
0.734
0.688
0.44
0.497
0.123
0.896
0.508
0.283
0
0.829
0.973
0.096
0.281
0.727
0.083
0.154
0.853
0.932
0.721
0.069
0.295
0.289
0.147
0.727
0.912
0.901
0.263
0.354
0.694
0
0.205
0.043
0.173
0.695
0.116
0.799
0.512
0.338
0.736
0.613
0.592
0.368
0.311
0.809
0.487
0.332
0.393
0.36
0.849
0.081
0.056
0.934
0.332
0.436
0.009
0.294
0.162
0.305
0.568
0.316
0.883
0.685
0.177
0.139
0.128
0.463
0
0.833
0.815
0.097
0.181
0.265
0.617
0.012
0.646
0.216
0.366
0.334
0.969
0.499
0.91
0.322
0.887
0.074
0.849
0.421
0.458
0.568
0.78
0.285
0.162
0.851
0.504
0.736
0.395
0.512
0.166
0.469
0.577
0.362
0.005
0.677
0.851
0.797
0.947
0.444
0.412
0.928
0.263
0.595
0.466
0.771
0.627
0.198
0.079
0.976
0.133
0.395
0.452
0.447
0.698
0.381
0.065
0.248
0.285
0.742
0.253
0.76
0.786
0.13
0.207
0.012
0.468
0.174
0.088
0.995
0.722
0.276
0.817
0.321
0.838
0.242
0.871
0.542
0.19
0.034
0.434
0.689
0.185
0.107
0.948
0.991
0.818
0.555
0.15
0.817
0.031
0.307
0.66
0.399
0.934
0.945
0.605
0.898
0.065
0.549
0.229
0.847
0.07
0.316
0.629
0.038
0.437
0.406
0.576
0.164
0.429
0.76
0.928
0.389
0.674
0.146
0.707
0.998
0.304
0.234
0.165
0.732
0.678
0.302
0.92
0.173
0.992
0.734
0.466
0.068
0.668
0.096
0.934
0.456
0.98
0.787
0.321
0.549
0.843
0.504
0.508
0.133
0.752
0.571
0.123
0.182
0.731
0.878
0.955
0.877
0.234
0.727
0.455
0.457
0.774
0.096
0.831
0.897
0.609
0.266
0.673
0.904
0.317
0.621
0.53
0.674
0.455
0.67
0.077
0.119
0.209
0.8
0.84
0.102
0.45
0.975
0.548
0.36
0.211
0.021
0.05
0.323
0.729
0.185
0.572
0.705
0.568
0.527
0.676
0.02
0.587
0.641
0.872
0.768
0.445
0.758
0.6
0.917
0.409
0.506
0.324
0.148
0.511
0.616
0.665
0.898
0.162
0.241
0.271
0.752
0.63
0.889
0.615
0.69
0.031
0.452
0.926
0.443
0.519
0.755
0.716
0.876
0.801
0.462
0.342
0.543
0.386
0.854
0.245
0.561
0.939
0.759
0.356
0.682
0.877
0.103
0.667
0.719
0.64
0.727
0.67
0.597
0.637
0.657
0.095
0.936
0.644
0.404
0.255
0.434
0.357
0.214
0.127
0.863
0.617
0.908
0.296
0.239
0.766
0.169
0.466
0.717
0.91
0.811
0.596
0.965
0.427
0.011
0.287
0.059
0.544
0.161
0.667
0.683
0.392
0.785
0.522
0.438
0.014
0.995
0.843
0.445
0.082
0.962
0.432
0.991
0.554
0.533
0.048
0.162
0.6
0.901
0.857
0.776
0.607
0.693
0.752
0.112
0.079
0.957
0.995
0.048
0.774
0.803
0.321
0.661
0.914
0.573
0.575
0.422
0.703
0.406
0.55
0.577
0.974
0.763
0.512
0.414
0.922
0.095
0.989
0.527
0.51
0.165
0.613
0.105
0.002
0.298
0.59
0.911
0.426
0.264
0.178
0.766
0.162
0.587
0.233
0.053
0.857
0.636
0.725
0.143
0.934
0.736
0.904
0.768
0.732
0.52
0.698
0.918
0.266
0.39
0.523
0.286
0.793
0.637
0.651
0.049
0.83
0.142
0.335
0.615
0.388
0.292
0.159
0.357
0.174
0.409
0.507
