0.344
0.652
0.796
0.96
0.97
0.058
0.96
0.091
0.164
0.473
0.525
0.806
0.777
0.418
0.592
0.098
0.955
0.132
0.867
0.931
0.522
0.01
0.068
0.9
0.42
0.182
0.244
0.683
0.802
0.287
0.486
0.842
0.626
0.531
0.945
0.22
0.176
0.642
0.87
0.114
0.269
0.148
0.994
0.365
0.069
0.051
0.822
0.716
0.992
0.261
0.916
0.234
0.677
0.326
0.372
0.461
0.874
0.981
0.379
0.429
0.503
0.724
0.389
0.913
0.45
0.64
0.213
0.586
0.671
0.012
0.53
0.966
0.983
0.956
0.084
0.189
0.981
0.95
0.398
0.596
0.427
0.739
0.109
0.547
0.68
0.601
0.48
0.495
0.244
0.745
0.375
0.692
0.035
0.269
0.235
0.135
0.109
0.789
0.141
0.568
0.889
0.295
0.233
0.839
0.037
0.296
0.687
0.958
0.004
0.154
0
0.163
0.152
0.188
0.632
0.606
0.728
0.417
0.596
0.039
0.196
0.28
0.168
0.834
0.86
0.724
0.838
0.638
0.456
0.396
0.665
0.335
0.372
0.229
0.551
0.075
0.669
0.428
0.899
0.874
0.72
0.623
0.3
0.906
0.361
0.821
0.419
0.372
0.26
0.937
0.922
0.01
0.367
0.122
0.566
0.673
0.464
0.678
0.189
0.107
0.927
0.551
0.085
0.583
0.541
0.725
0.601
0.231
0.332
0.988
0.94
0.914
0.344
0.326
0.193
0.014
0.736
0.998
0.517
0.903
0.627
0.268
0.617
0.262
0.117
0.729
0.742
0.899
0.5
0.811
0.834
0.098
0.32
0.554
0.088
0.23
0.366
0.239
0.279
0.584
0.324
0.572
0.112
0.214
0.34
0.363
0.226
0.593
0.586
0.548
0.018
0.538
0.428
0.265
0.633
0.716
0.269
0.753
0.379
0.792
0.767
0.55
0.32
0.824
0.906
0.659
0.975
0.09
0.231
0.42
0.309
0.019
0.875
0.435
0.518
0.288
0.724
0.596
0.972
0.436
0.982
0.88
0.625
0.935
0.8
0.667
0.286
0.455
0.809
0.529
0.345
0.71
0.149
0.232
0.448
0.722
0.801
0.937
0.294
0.944
0.371
0.858
0.563
0.398
0.005
0.171
0.816
0.432
0.412
0.151
0.414
0.771
0.394
0.749
0.248
0.177
0.503
0.366
0.095
0.028
0.265
0.611
0.202
0.627
0.044
0.994
0.525
0.018
0.452
0.633
0.926
0.778
0.341
0.849
0.65
0.962
0.166
0.543
0.051
0.576
0.002
0.014
0.425
0.032
0.624
0.838
0.252
0.322
0.232
0.87
0.015
0.901
0.263
0.897
0.888
0.349
0.877
0.65
0.206
0.157
0.634
0.157
0.477
0.175
0.456
0.695
0.127
0.743
0.51
0.443
0.392
0.564
0.123
0.414
0.562
0.23
0.633
0.275
0.517
0.595
0.723
0.749
0.806
0.581
0.662
0.71
0.978
0.441
0.686
0.044
0.142
0.115
0.248
0.422
0.552
0.203
0.619
0.395
0
0.347
0.122
0.803
0.707
0.582
0.244
0.175
0.715
0.397
0.679
0.76
0.731
0.745
0.505
0.873
0.436
0.734
0.752
0.551
0.705
0.68
0.041
0.925
0.734
0.342
0.749
0.231
0.952
0.845
0.071
0.834
0.815
0.801
0.175
0.787
0.899
0.434
0.656
0.152
0.663
0.122
0.478
0.843
0.812
0.272
0.776
0.928
0.7
0.125
0.784
0.225
0.693
0.393
0.744
0.528
0.139
0.802
0.497
0.288
0.05
0.861
0.762
0.973
0.944
0.192
0.054
0.737
0.989
0.195
0.458
0.647
0.385
0.689
0.93
0.946
0.097
0.769
0.482
0.097
0.568
0.675
0.188
0.873
0.459
0.108
0.473
0.836
0.943
0.435
0.842
0.238
0.758
0.59
0.655
0.648
0.567
0.011
0.249
0.361
0.893
0.048
0.969
0.603
0.97
0.002
0.826
0.757
0.391
0.644
0.142
0.306
0.824
0.348
0.135
0.096
0.804
0.81
0.246
0.738
0.585
0.537
0.072
0.125
0.435
0.044
0.282
0.386
0.14
0.683
0.707
0.07
0.045
0.979
0.443
0.182
0.332
0.365
0.877
0.979
0.971
0.274
0.548
0.18
0.844
0.987
0.629
0.988
0.386
0.316
0.594
0.125
0.856
0.597
0.199
0.832
0.714
0.916
0.374
0.638
0.807
0.226
0.88
0.016
0.991
0.835
0.385
0.563
0.086
0.497
0.21
0.649
0.485
0.097
0.118
0.245
0.865
0.233
0.265
0.794
0.206
0.246
0.297
0
0.327
0.479
0.15
0.807
0.325
0.82
0.894
0.504
0.983
0.554
0.897
0.987
0.984
0.621
0.161
0.029
0.385
0.881
0.639
0.09
0.388
0.862
0.831
0.227
0.619
0.65
0.992
0.011
0.982
0.294
0.121
0.636
0.59
0.835
0.786
0.531
0.279
0.522
0.636
0.172
0.173
0.565
0.2
0.241
0.308
0.829
0.738
0.649
0.561
0.931
0.861
0.792
0.655
0.956
0.247
0.135
0.212
0.031
0.728
0.507
0.334
0.365
0.4
0.752
0.347
0.606
0.468
0.598
0.183
0.645
0.881
0.811
0.614
0.048
0.28
0.676
0.143
0.794
0.543
0.192
0.567
0.37
0.017
0.676
0.346
0.355
0.449
0.657
0.544
0.756
0.102
0.837
0.598
0.153
0.64
0.749
0.555
0.055
0.559
0.011
0.741
0.679
0.319
0.199
0.138
0.069
0.159
0.381
0.99
0.201
0.745
0.093
0.699
0.514
0.722
0.397
0.354
0.198
0.657
0.7
0.254
0.604
0
0.03
0.949
0.501
0.063
0.392
0.651
0.287
0.136
0.44
0.936
0.291
0.068
0.848
0.107
0.408
0.172
0.687
0.188
0.823
0.936
0.444
0.059
0.207
0.605
0.87
0.439
0.542
0.916
0.181
0.145
0.249
0.81
0.289
0.692
0.716
0.714
0.02
0.239
0.038
0.191
0.755
0.387
0.792
0.523
0.456
0.472
0.51
0.793
0.208
0.338
0.156
0.609
0.378
0.817
0.774
0.96
0.374
0.893
0.461
0.989
0.181
0.24
0.086
0.288
0.012
0.09
0.942
0.304
0.969
0.346
0.841
0.2
0.015
0.911
0.657
0.911
0.707
0.408
0.846
0.617
0.312
0.164
0.213
0.9
0.196
0.544
0.576
0.478
0.682
0.884
0.377
0.539
0.515
0.234
0.159
0.831
0.14
0.411
0.793
0.478
0.444
0.656
0.847
0.197
0.343
0.426
0.353
0.515
0.466
0.649
0.609
0.178
0.938
0.652
0.213
0.955
0.843
0.213
0.349
0.409
0.129
0.103
0.516
0.362
0.141
0.791
0.231
0.378
0.669
0.014
0.293
0.492
0.886
0.595
0.212
0.131
0.532
0.196
0.347
0.642
0.142
0.058
0.916
0.497
0.326
0.162
0.846
0.114
0.137
0.024
0.421
0.235
0.458
0.743
0.717
0.57
0.09
0.571
0.848
0.596
0.289
0.883
0.457
0.741
0.439
0.074
0.792
0.189
0.897
0.136
0.776
0.355
0.81
0.316
0.848
0.986
0.813
0.937
0.274
0.758
0.616
0.416
0.041
0.214
0.832
0.49
0.24
0.921
0.075
0
0.545
0.784
0.358
0.65
0.98
0.947
0.235
0.95
0.588
0.164
0.226
0.054
0.119
0.01
0.551
0.921
0.116
0.817
0.761
0.885
0.852
0.273
0.283
0.035
0.477
0.306
0.07
0.858
0.789
0.758
0.69
0.692
0.179
0.659
0.922
0.257
0.445
0.976
0.48
0.129
0.696
0.847
0.465
0.419
0.69
0.6
0.188
0.289
0.811
0.17
0.778
0.289
0.664
0.072
0.47
0.698
0.196
0.041
0.688
0.539
0.315
0.495
0
0.232
0.861
0.452
0.207
0.953
0.376
0.786
0.864
0.552
0.536
0.345
0.655
0.89
0.341
0.271
0.848
0.356
0.345
0.972
0.559
0.566
0.35
0.594
0.692
0.165
0.345
0.075
0.333
0.67
0.002
0.544
0.378
0.212
0.108
0.927
0.774
0.182
0.316
0.034
0.154
0.298
0.983
0.487
0.458
0.982
0.077
0.967
0.373
0.271
0.02
0.363
0.66
0.033
0.744
0.199
0.586
0.967
0.102
0.284
0.465
0.629
0.59
0.498
0.318
0.041
0.495
0.105
0.382
0.972
0.901
0.24
0.964
0.749
0.88
0.941
0.032
0.892
0.913
0.499
0.743
0.627
0.342
