0.758
0.584
0.256
0.044
0.604
0.196
0.012
0.836
0.109
0.666
0.535
0.644
0.019
0.837
0.289
0.89
0.938
0.603
0.536
0.342
0.324
0.416
0.133
0.089
0.977
0.531
0.124
0.949
0.427
0.451
0.058
0.534
0.818
0.975
0.162
0.895
0.009
0.153
0.071
0.506
0.641
0.495
0.272
0.995
0.858
0.152
0.448
0.481
0.449
0.811
0.874
0.533
0.548
0.027
0.145
0.391
0.494
0.274
0.884
0.734
0
0.681
0.771
0.09
0.016
0.171
0.087
0.034
0.822
0.952
0.449
0.566
0.812
0.909
0.349
0.548
0.359
0.968
0.54
0.236
0.056
0.012
0.877
0.348
0.665
0.217
0.296
0.663
0.684
0.229
0.614
0.304
0.911
0.724
0.261
0.0
0.103
0.996
0.877
0.611
0.562
0.921
0.221
0.452
0.913
0.383
0.05
0.048
0.348
0.987
0.502
0.317
0.496
0.516
0.287
0.112
0.053
0.044
0.647
0.524
0.462
0.056
0.955
0.781
0.554
0.303
0.24
0.681
0.998
0.365
0
0.587
0.537
0.579
0.517
0.276
0.022
0.468
0.105
0.181
0.157
0.904
0.099
0.546
0.288
0.561
0.931
0.066
0.226
0.684
0.006
0.937
0.829
0.959
0.637
0.199
0.965
0.108
0.253
0.996
0.966
0.157
0.264
0.495
0.163
0.192
0.651
0.146
0.183
0.322
0.795
0.239
0.409
0.996
0.388
0.991
0.098
0.363
0.725
0.864
0.818
0.724
0.978
0.443
0.303
0.756
0.734
0.925
0.295
0.974
0.069
0.792
0.013
0.476
0
0.704
0.333
0.134
0.142
0.005
0.647
0.091
0.198
0.786
0.92
0.805
0.324
0.659
0.404
0.681
0.494
0.782
0.686
0.342
0.29
0.767
0.993
0.3
0.383
0.384
0.339
0.558
0.348
0.466
0.169
0.969
0.163
0.04
0.929
0.616
0.993
0.16
0.963
0.085
0.54
0.447
0.749
0.211
0.995
0.343
0.358
0.243
0.663
0.359
0.525
0.846
0.884
0.874
0.518
0.073
0.794
0.815
0.219
0.602
0.024
0.78
0.773
0.741
0.749
0.294
0.845
0.652
0.962
0.665
0.633
0.388
0.591
0.212
0.434
0.581
0.006
0.659
0.78
0.89
0.587
0.66
0.765
0.885
0.355
0.662
0.977
0.43
0.931
0.068
0.065
0.052
0.845
0.24
0.06
0.288
0.265
0.641
0.568
0.814
0.684
0.336
0.835
0.636
0.845
0.628
0.223
0.648
0.509
0.824
0.17
0.637
0.598
0.39
0.477
0.363
0.311
0.081
0.828
0.318
0.819
0.743
0.194
0.7
0.623
0.607
0.119
0.808
0.089
0.587
0.917
0.807
0.051
0.287
0.667
0.171
0.529
0.365
0.101
0.602
0.274
0.761
0.844
0.733
0.273
0.934
0.18
0.649
0.988
0.974
0.308
0.835
0.648
0.528
0.473
0.872
0.586
0.484
0.668
0.258
0.429
0.036
0.598
0.143
0.885
0.607
0.797
0.102
0.938
0.823
0.832
0.703
0.062
0.468
0.115
0.327
0.43
0.326
0.127
0.061
0.614
0.144
0.317
0.568
0.724
0.607
0.672
0.276
0.95
0.893
0.024
0.374
0.013
0.91
0.15
0.664
0.2
0.334
0.652
0.298
0.369
0.017
0.049
0.184
0.523
0.662
0.824
0.976
0.535
0.258
0.566
0.541
0.325
0.744
0.27
0.622
0.179
0.67
0.685
0.047
0.28
0.521
0.867
0.706
0.17
0.713
0.749
0.474
0.672
0.767
0.645
0.579
0.361
0.225
0.284
0.449
0.861
0.922
0.244
0.908
0.499
0.915
0.974
0.457
0.136
0.945
0.053
0.825
0.005
0.707
0.177
0.33
0.108
0.64
0.615
0.264
0.42
0.028
0.89
0.7
0.587
0.692
0.193
0.91
0.498
0.303
0.576
0
0.638
0.114
0.803
0.885
0.901
0.008
0.602
0.317
0.653
0.575
0.585
0.566
0.348
0.306
0.525
0.231
0.373
0.42
0.477
0.697
0.311
0.372
0.366
0.281
0.897
0.732
0.484
0.7
0.17
0.473
0.888
0.127
0.985
0.193
0.661
0.759
0.932
0.423
0.34
0.678
0.736
0.769
0.645
0.02
0.012
0.504
0.866
0.928
0.56
0.784
0.497
0.777
0.917
0.051
0.802
0.683
0.03
0.928
0.104
0.132
0.207
0.562
0.15
0.761
0.195
0.187
0.352
0.58
0.918
0.436
0.799
0.149
0.256
0.726
0.122
0.253
0.859
0.746
0.929
0.939
0.279
0.863
0.548
0.294
0.824
0.088
0.443
0.946
0.211
0.385
0.405
0.836
0.901
0.721
0.745
0.119
0.982
0.803
0.592
0.714
0.795
0.669
0.914
0.241
0.787
0.97
0.006
0.806
0.576
0.27
0.447
0.146
0.379
0.358
0.555
0.798
0.709
0.621
0.904
0.041
0.113
0.374
0.938
0.371
0.44
0.347
0.392
0.394
0.461
0.661
0.364
0.655
0.754
0.404
0.103
0.907
0.972
0.604
0.685
0.387
0.486
0.598
0.891
0.825
0.995
0.107
0.693
0.912
0.131
0.22
0.372
0.37
0.208
0.537
0.077
0.891
0.611
0.974
0.389
0.367
0.306
0.099
0.353
0.832
0.917
0.339
0.705
0.611
0.014
0.938
0.936
0.924
0.581
0.464
0.242
0.98
0.575
0.559
0.154
0.418
0.533
0.389
0.704
0.735
0.259
0.928
0.501
0.27
0.872
0.024
0.743
0.232
0.262
0.049
0.243
0.435
0.969
0.917
0.118
0.157
0.058
0.309
0.455
0.077
0.648
0.56
0.089
0.843
0.778
0.992
0.111
0.962
0.667
0.784
0.366
0.963
0.708
0.279
0.093
0.074
0.953
0.842
0.853
0.494
0.434
0.382
0.879
0.753
0.364
0.318
0.837
0.683
0.821
0.74
0.655
0.119
0.697
0.717
0.673
0.391
0.604
0.16
0.904
0.017
0.583
0.876
0.149
0.226
0.807
0.306
0.301
0.958
0.865
0.52
0.121
0.485
0.123
0.273
0.324
0.569
0.367
0.077
0.484
0.578
0.473
0.298
0.645
0.866
0.294
0.94
0.958
0.901
0.45
0.133
0.584
0.757
0.682
0.017
0.242
0.958
0.145
0.03
0.147
0.919
0.707
0.972
0.398
0.221
0.276
0.84
0.635
0.884
0.478
0.465
0.034
0.382
0.452
0.659
0.101
0.671
0.163
0.762
0.33
0.262
0.716
0.835
0.924
0.709
0.818
0
0.79
0.482
0.791
0.785
0.449
0.968
0.645
0.39
0.954
0.686
0.01
0.476
0.387
0.068
0.806
0.656
0.446
0.132
0.001
0.388
0.099
0.286
0.499
0.59
0.677
0.201
0.021
0.228
0.086
0.424
0.66
0.792
0.237
0.851
0.424
0.769
0.209
0.8
0.44
0.563
0.822
0.176
0.214
0.19
0.418
0.803
0.525
0.455
0.508
0.238
0.023
0.85
0.811
0.732
0.545
0.033
0.416
0.018
0.063
0.818
0.805
0.438
0.641
0.154
0.815
0.208
0.45
0.295
0.924
0.998
0.222
0.418
0.533
0.831
0.484
0.904
0.442
0.323
0.132
0.736
0.255
0.108
0.95
0.419
0.755
0.38
0.239
0.189
0.92
0.953
0.268
0.896
0.438
0.238
0.012
0.138
0.142
0.855
0.795
0.213
0.661
0.747
0.424
0.285
0.0
0.47
0.029
0.181
0.336
0.976
0.864
0.939
0.04
0.19
0.781
0.663
0.926
0.382
0.978
0.142
0.397
0.215
0.493
0.277
0.354
0.115
0.349
0.827
0.111
0.384
0.616
0.401
0.253
0.959
0.917
0.756
0.867
0.204
0.15
0.41
0.863
0.049
0.482
0.608
0.463
0.531
0.258
0.913
0.005
0.618
0.746
0.085
0.684
0.66
0.161
0.894
0.061
0.177
0.194
0.866
0.496
0.91
0.173
0.421
0.344
0.04
0.805
0.604
0.196
0.622
0.281
0.154
0.764
0.81
0.554
0.95
0.095
0.983
0.711
0.126
0.754
0.351
0.275
0.201
0.588
0.385
0.88
0.289
0.97
0.519
0.604
0.371
0.742
0.378
0.804
0.968
0.633
0.562
0.26
0.795
0.61
0.119
0.795
0.407
0.825
0.609
0.421
0.205
0.973
0.188
0.195
0.903
0.514
0.673
0.987
0.86
0.374
0.554
0.151
0.398
0.693
0.918
0.832
0.917
0.51
0.425
0.663
0.811
