0.775
0.923
0.095
0.359
0.62
0.827
0.09
0.973
0.195
0.261
0.159
0.003
0.34
0.122
0.785
0.164
0.785
0.055
0.614
0.426
0.976
0.699
0.194
0.351
0.354
0.406
0.07
0.758
0.611
0.217
0.077
0.88
0.641
0.191
0.739
0.133
0.233
0.123
0.245
0.628
0.518
0.317
0.696
0.981
0.024
0.871
0.632
0.989
0.115
0.026
0.429
0.051
0.826
0.39
0.95
0.766
0.435
0.038
0.363
0.165
0.976
0.662
0.617
0.636
0.06
0.119
0.468
0.755
0.353
0.423
0.751
0.767
0.787
0.297
0.402
0.162
0.947
0.044
0.434
0.314
0.882
0.235
0.24
0.544
0.674
0.326
0.921
0.54
0.784
0.636
0.893
0.826
0.095
0.184
0.483
0.278
0.694
0.477
0.418
0.363
0.491
0.833
0.144
0.428
0.964
0.258
0.578
0.486
0.198
0.847
0.911
0.064
0.331
0.538
0.995
0.486
0.353
0.056
0.818
0.388
0.783
0.109
0.519
0.073
0.565
0.626
0.198
0.496
0.044
0.666
0.847
0.237
0.954
0.175
0.826
0.275
0.618
0.3
0.858
0.382
0.345
0.02
0.972
0.295
0.123
0.723
0.398
0.973
0.229
0.731
0.23
0.24
0.97
0.568
0.95
0.106
0.253
0.286
0.407
0.242
0.372
0.339
0.655
0.301
0.206
0.441
0.155
0.22
0.632
0.263
0.161
0.405
0.337
0.553
0.414
0.151
0.877
0.938
0.842
0.804
0.83
0.986
0.221
0.45
0.513
0.133
0.249
0.31
0.449
0.147
0.988
0.691
0.525
0.19
0.086
0.896
0.612
0.919
0.958
0.22
0.427
0.254
0.414
0.252
0.202
0.102
0.316
0.375
0.195
0.423
0.515
0.441
0.33
0.781
0.979
0.588
0.426
0.259
0.124
0.628
0.32
0.813
0.934
0.216
0.896
0.46
0.108
0.957
0.152
0.501
0.943
0.346
0.415
0.055
0.915
0.461
0.715
0.661
0.759
0.597
0.409
0.501
0.366
0.598
0.178
0.032
0.394
0.149
0.293
0.838
0.552
0.996
0.535
0.524
0.495
0.335
0.376
0.954
0.363
0.662
0.656
0.621
0.219
0.516
0.226
0.466
0.533
0.229
0.605
0.205
0.407
0.903
0.906
0.702
0.879
0.854
0.175
0.97
0.474
0.789
0.518
0.834
0.554
0.041
0.167
0.896
0.001
0.462
0.443
0.502
0.965
0.544
0.216
0.978
0.028
0.187
0.152
0.801
0.572
0.1
0.273
0.377
0.578
0.118
0.874
0.41
0.637
0.152
0.223
0.978
0.091
0.213
0.07
0.22
0.211
0.932
0.564
0.374
0.688
0.011
0.219
0.711
0.091
0.847
0.37
0.678
0.156
0.933
0.172
0.188
0.279
0.505
0.096
0.604
0.45
0.477
0.671
0.339
0.226
0.778
0.285
0.131
0.796
0.995
0.063
0.361
0.098
0.882
0.497
0.027
0.415
0.292
0.885
0.039
0.342
0.245
0.822
0.022
0.204
0.303
0.474
0.063
0.894
0.972
0.022
0.899
0.023
0.885
0.498
0.507
0.067
0.496
0.859
0.412
0.638
0.711
0.817
0.763
0.931
0.547
0.112
0.933
0.897
0.257
0.079
0.607
0.0
0.324
0.02
0.383
0.351
0.767
0.302
0.027
0.522
0.063
0.168
0.137
0.035
0.15
0.938
0.88
0.144
0.804
0.88
0.064
0.655
0.85
0.322
0.781
0.113
0.16
0.409
0.885
0.794
0.176
0.535
0.517
0.352
0.007
0.014
0.508
0.983
0.211
0.897
0.223
0.422
0.234
0.458
0.121
0.748
0.798
0.33
0.423
0.525
0.883
0.879
0.433
0.265
0.622
0.417
0.483
0.253
0.629
0.662
0.654
0.848
0.475
0.016
0.395
0.519
0.494
0.672
0.364
0.704
0.68
0.927
0.17
0.666
0.601
0.616
0.891
0.887
0.669
0.921
0.723
0.235
0.176
0.024
0.628
0.986
0.126
0.674
0.021
0.589
0.588
0.906
0.099
0.313
0.167
0.491
0.701
0.117
0.348
0.986
0.211
0.006
0.02
0.293
0.056
0.872
0.285
0.443
0.565
0.847
0.861
0.527
0.516
0.514
0.935
0.197
0.259
0.703
0.47
0.522
0.817
0.299
0.752
0.382
0.771
0.666
0.23
0.416
0.369
0.525
0.868
0.407
0.661
0.482
0.389
0.397
0.522
0.2
0.995
0.513
0.371
0.104
0.67
0.166
0.526
0.21
0.323
0.536
0.252
0.663
0.189
0.565
0.083
0.484
0.898
0.763
0.583
0.267
0.366
0.32
0.13
0.954
0.046
0.658
0.685
0.214
0.837
0.734
0.825
0.408
0.1
0.512
0.951
0.457
0.428
0.902
0.026
0.156
0.784
0.955
0.309
0.299
0.989
0.072
0.725
0.066
0.503
0.147
0.266
0.35
0.233
0.092
0.176
0.371
0.745
0.19
0.928
0.633
0.572
0.232
0.261
0.8
0.721
0.555
0.002
0.178
0.608
0.791
0.867
0.874
0.154
0.928
0.755
0.77
0.766
0.714
0.861
0.592
0.068
0.92
0.457
0.116
0.598
0.604
0.19
0.402
0.188
0.508
0.545
0.51
0.667
0.014
0.953
0.378
0.253
0.779
0.274
0.289
0.563
0.4
0.04
0.289
0.967
0.349
0.779
0.331
0.496
0.966
0.849
0.343
0.6
0.285
0.608
0.235
0.089
0.033
0.253
0.55
0.811
0.923
0.25
0.863
0.024
0.552
0.972
0.894
0.707
0.512
0.516
0.158
0.927
0.12
0.13
0.729
0.498
0.106
0.477
0.014
0.465
0.219
0.181
0.928
0.481
0.606
0.658
0.529
0.011
0.678
0.044
0.087
0.763
0.964
0.332
0.499
0.127
0.968
0.512
0.056
0.125
0.135
0.891
0.796
0.377
0.731
0.928
0.064
0.998
0.346
0.057
0.265
0.21
0.198
0.179
0.556
0.262
0.42
0.329
0.562
0.203
0.882
0.835
0.242
0.166
0.374
0.652
0.909
0.37
0.748
0.224
0.763
0.178
0.317
0.251
0.546
0.96
0.448
0.792
0.989
0.71
0.116
0.715
0.727
0.627
0.722
0.314
0.407
0.699
0.497
0.767
0.937
0.904
0.685
0.675
0.815
0.185
0.412
0.647
0.218
0.808
0.122
0.14
0.593
0.321
0.074
0.572
0.741
0.039
0.41
0.618
0.632
0.144
0.749
0.845
0.866
0.885
0.739
0.893
0.494
0.064
0.336
0.495
0.115
0.62
0.983
0.186
0.536
0.214
0.463
0.411
0.257
0.897
0.447
0.841
0.556
0.443
0.841
0.425
0.804
0.198
0.445
0.992
0.987
0.38
0.21
0.15
0.673
0.381
0.255
0.706
0.412
0.594
0.355
0.192
0.31
0.107
0.821
0.609
0.935
0.016
0.41
0.41
0.729
0.488
0.046
0.976
0.734
0.093
0.566
0.212
0.241
0.552
0.776
0.39
0.041
0.089
0.901
0.559
0.321
0.391
0.068
0.408
0.257
0.968
0.727
0.614
0.584
0.285
0.009
0.906
0.317
0.73
0.469
0.362
0.916
0.428
0.88
0.499
1.0
0.437
0.57
0.825
0.44
0.387
0.647
0.66
0.043
0.237
0.272
0.849
0.343
0.13
0.412
0.509
0.133
0.292
0.806
0.807
0.29
0.677
0.237
0.269
0.049
0.612
0.114
0.089
0.888
0.973
0.606
0.275
0.222
0.167
0.994
0.693
0.413
0.451
0.737
0.806
0.494
0.684
0.763
0.62
0.818
0.01
0.372
0.014
0.238
0.895
0.971
0.87
0.716
0.059
0.152
0.674
0.768
0.431
0.985
0.219
0.958
0.103
0.848
0.368
0.753
0.389
0.876
0.759
0.718
0.195
0.335
0.266
0.818
0.528
0.075
0.285
0.074
0.856
0.291
0.968
0.434
0.239
0.046
0.774
0.741
0.028
0.469
0.254
0.726
0.754
0.919
0.0
0.244
0.031
0.799
0.709
0.423
0.48
0.443
0.111
0.839
0.601
0.209
0.372
0.38
0.955
0.467
0.514
0.029
0.435
0.124
0.345
0.041
0.297
0.445
0.246
0.37
0.142
0.822
0.222
0.803
0.763
0.367
0.833
0.209
0.709
0.087
0.25
0.08
0.204
0.98
0.956
0.627
0.907
0.361
0.22
0.759
0.33
0.849
0.519
0.846
0.635
0.579
0.241
0.423
0.112
0.457
0.581
0.91
0.602
0.384
0.175
0.092
0.057
0.708
0.357
0.871
0.398
