0.823
0.548
0.426
0.98
0.302
0.63
0.537
0.468
0.161
0.155
0.987
0.211
0.037
0.426
0.006
0.193
0.836
0.372
0.694
0.569
0.245
0.779
0.619
0.845
0.499
0.088
0.556
0.406
0.908
0.972
0.097
0.816
0.388
0.679
0.266
0.542
0.602
0.848
0.708
0.859
0.155
0.228
0.814
0.637
0.822
0.123
0.097
0.205
0
0.937
0.432
0.003
0.014
0.58
0.92
0.109
0.725
0.093
0.202
0.103
0.236
0.413
0.401
0.532
0.671
0.109
0.22
0.1
0.072
0.931
0.819
0.633
0.468
0.62
0.572
0.468
0.718
0.539
0.001
0.232
0.637
0.674
0.495
0.177
0.027
0.439
0.598
0.975
0.909
0.238
0.843
0.098
0.85
0.112
0.643
0.045
0.307
0.584
0.362
0.292
0.076
0.94
0.63
0.602
0.438
0.834
0.892
0.366
0.233
0.392
0.053
0.502
0.597
0.813
0.575
0.951
0.164
0.705
0.625
0.699
0.674
0.221
0.347
0.936
0.098
0.88
0.141
0.763
0.479
0.566
0.951
0.651
0.364
0.076
0.268
0.571
0.791
0.892
0.254
0.399
0.49
0.16
0.725
0.843
0.099
0.036
0.915
0.436
0.635
0.943
0.914
0.011
0.066
0.768
0.603
0.594
0.297
0.315
0.497
0.367
0.307
0.756
0.921
0.182
0.95
0.609
0.608
0.388
0.562
0.87
0.737
0.402
0.217
0.657
0.084
0.375
0.695
0.15
0.954
0.321
0.749
0.864
0.536
0.371
0.02
0.191
0.791
0.194
0.863
0.791
0.426
0.331
0.008
0.61
0.486
0.707
0.34
0.387
0.202
0.376
0.006
0.222
0.48
0.661
0.722
0.519
0.25
0.724
0.433
0.338
0.612
0.216
0.434
0.226
0.326
0.653
0.786
0.133
0.228
0.282
0.76
0.43
0.805
0.835
0.137
0.069
0.996
0.833
0.464
0.005
0.076
0.672
0.199
0.32
0.419
0.885
0.627
0.06
0.208
0.473
0.62
0.878
0.947
0.427
0.953
0.688
0.494
0.33
0.241
0.104
0.353
0.317
0.147
0.991
0.363
0.914
0.146
0.229
0.654
0.004
0.233
0.627
0.079
0.154
0.226
0.818
0.69
0.453
0.739
0.524
0.696
0.969
0.889
0.886
0.528
0.138
0.312
0.127
0.998
0.253
0.238
0.387
0.048
0.772
0.75
0.379
0.905
0.986
0.465
0.04
0.045
0.131
0.235
0.097
0.344
0.651
0.119
0.327
0.001
0.954
0.084
0.04
0.456
0.297
0.339
0.974
0.468
0.189
0.029
0.849
0.107
0.739
0.98
0.451
0.383
0.581
0.832
0.184
0.051
0.566
0.458
0.36
0.953
0.722
0.413
0.685
0.693
0.094
0.977
0.86
0.096
0.167
0
0.689
0.066
0.878
0.831
0.31
0.746
0.649
0.599
0.828
0.36
0.542
0.491
0.475
0.61
0.759
0.111
0.649
0.771
0.851
0.192
0.261
0.163
0.052
0.049
0.823
0.654
0.052
0.837
0.849
0.416
0.842
0.975
0.791
0.217
0.222
0.821
0.252
1.0
0.214
0.899
0.609
0.637
0.826
0.836
0.083
0.445
0.397
0.504
0.302
0.54
0.516
0.613
0.187
0.106
0.05
0.537
0.606
0.663
0.673
0.37
0.233
0.23
0.18
0.045
0.767
0.858
0.334
0.621
0.437
0.6
0.859
0.918
0.163
0.61
0.975
0.071
0.493
0.318
0.744
0.016
0.953
0.532
0.239
0.656
0.805
0.916
0.264
0.351
0.801
0.846
0
0.14
0.358
0.529
0.215
0.069
0.742
0.158
0.682
0.805
0.542
0.172
0.426
0.752
0.477
0.14
0.527
0.258
0.387
0.961
0.54
0.904
0.982
0.611
0.441
0.104
0.621
0.205
0.03
0.726
0.657
0.372
0.424
0.366
0.548
0.265
0.23
0.479
0.245
0.116
0.211
0.542
0.08
0.445
0.68
0.005
0.303
0.335
0.505
0.195
0.02
0.42
0.155
0.715
0.885
0.061
0.076
0.204
0.361
0.208
0.283
0.629
0.793
0.476
0.696
0.588
0.749
0.391
0.618
0.617
0.844
0.581
0.808
0.677
0.967
0.344
0.274
0.74
0.404
0.668
0.322
0.778
0.249
0.324
0.981
0.743
0.946
0.52
0.576
0.709
0.258
0.709
0.953
0.329
0.376
0.24
0.221
0.471
0.243
0.736
0.282
0.349
0.128
0.678
0.231
0.075
0.929
0.774
0.714
0.684
0.589
0.749
0.261
0.085
0.716
0.56
0.081
0.581
0
0.067
0.704
0.859
0.067
0.113
0.497
0.665
0.391
0.098
0.401
0.142
0.695
0.272
0.95
0.394
0.961
0.35
0.167
0.372
0.43
0.399
0.163
0.364
0.709
0.857
0.724
0.278
0.83
0.096
0.942
0.223
0.692
0.955
0.964
0.583
0.607
0.335
0.09
0.908
0.84
0.667
0.135
0.274
0.616
0.704
0.986
0.733
0.731
0.832
0.975
0.664
0.194
0.938
0.124
0.433
0.433
0.104
0.022
0.715
0.666
0.967
0.43
0.913
0.155
0.173
0.597
0.907
0.816
0.354
0.981
0.321
0.198
0.374
0.841
0.256
0.66
0.788
0.897
0.297
0.006
0.411
0.038
0.65
0.343
0.649
0.711
0.845
0.366
0.439
0.786
0.125
0.229
0.962
0.645
0.423
0.566
0.693
0.644
0.336
0.136
0.465
0.926
0.581
0.966
0.948
0.973
0.197
0.189
0.496
0
0.72
0.552
0.637
0.214
0.139
0.718
0.644
0.652
0.953
0.396
0.114
0.817
0.506
0.67
0.277
0.503
0.806
0.057
0.77
0.311
0.135
0.893
0.409
0.119
0.585
0.687
0.717
0.599
0.349
0.217
0.897
0.146
0.376
0.285
0.224
0.018
0.851
0.427
0.882
0.567
0.88
0.714
0.882
0.219
0.088
0.608
0.325
0.68
0.046
0.602
0.214
0.775
0.763
0.017
0.319
0.102
0.028
0.489
0.625
0.438
0.557
0.051
0.948
0.931
0.884
0.271
0.771
0.78
0.533
0.714
0.253
0.586
0.841
0.558
0.808
0.419
0.405
0
0.365
0.285
0.398
0.041
0.256
0.665
0.399
0.853
0.889
0.585
0.481
0.371
0.54
0.175
0.054
0.866
0.413
0.169
0.657
0.837
0.631
0.131
0.742
0.234
0.826
0.293
0.565
0.113
0.711
0.105
0.407
0.68
0.861
0.713
0.248
0.243
0.427
0.372
0.434
0.562
0.846
0.208
0.222
0.188
0.959
0.702
0.85
0.786
0.851
0.888
0.344
0.504
0.749
0.785
0.499
0.347
0.331
0.998
0.66
0.85
0.064
0.363
0.585
0.611
0.606
0.197
0.961
0.261
0.536
0.085
0.176
0.257
0.503
0.487
0.479
0.874
0.367
0.858
0.29
0.545
0.339
0.06
0.905
0.447
0.407
0.181
0.903
0.102
0.91
0.515
0.129
0.288
0.858
0.795
0.866
0.198
0.947
0.96
0.602
0.096
0.38
0.671
0.199
0.898
0.103
0.201
0.506
0.344
0.416
0.099
0.715
0.054
0.356
0.935
0.964
0.631
0.637
0.711
0
0.096
0.057
0.279
0.691
0.413
0.456
0.414
0.396
0.333
0.14
0
0
0.317
0.797
0.152
0.429
0.233
0.965
0.307
0.404
0.997
0.124
0.662
0.366
0.417
0.776
0.228
0.025
0.168
0.378
0.105
0.791
0.073
0.433
0.505
0.907
0.7
0.278
0.573
0.907
0.573
0.538
0.585
0.107
0.731
0.059
0.11
0.692
0.938
0.014
0.483
0.474
0.123
0.008
0.916
0.578
0.68
0.98
0.384
0.093
0.252
0.809
0.718
0.694
0.658
0.365
0.855
0.394
0.327
0.349
0.645
0.675
0.121
0.354
0.561
0.849
0.901
0.878
0.566
0.624
0.182
0.3
0.846
0.788
0.271
0.438
0.611
0.161
0.882
0.472
0.787
0.384
0.912
0.703
0.69
0.893
0.59
0.931
0.161
0.378
0.159
0.07
0.696
0.321
0.24
0.915
0.649
0.76
0.802
0.186
0.593
0.807
0.694
0.493
0.779
0.076
0.059
0.468
0.179
0.929
0.235
0.562
0.79
0.404
0.412
0.292
0.234
0.733
0.993
0.495
0.832
0.673
0.949
0.725
0.1
0.713
0.339
0.071
0.906
0.36
0.912
0.726
0.009
0.733
0.45
0.605
0.852
0.827
0.936
0.098
0.874
