0.148
0.139
0.714
0.348
0.473
0.468
0.385
0.185
0.757
0.02
0.177
0.443
0.243
0.034
0.06
0.033
0.68
0.96
0.587
0.295
0.065
0.56
0.521
0.102
0.226
0.477
0.553
0.42
0.395
0.6
0.364
0.84
0.492
0.018
0.201
0.852
0.316
0.119
0.342
0.856
0.608
0.692
0.425
0.681
0.472
0.54
0.922
0.795
0.229
0.084
0.687
0.754
0.441
0.517
0.633
0.657
0.691
0.586
0.899
0.724
0.577
0.72
0.094
0.602
0.83
0.356
0.618
0.567
0.063
0.038
0.498
0.332
0.719
0.084
0.85
0.463
0.506
0.146
0.069
0.212
0.205
0.952
0.483
0.35
0.316
0.174
0.33
0.377
0.276
0
0.841
0.018
0.243
0.346
0.354
0.77
0.318
0.379
0.938
0.012
0.849
0.822
0.765
0.81
0.27
0.127
0.315
0.999
0.8
0.133
0.494
0.119
0.242
0.33
0.128
0.059
0.329
0.969
0.343
0.239
0.738
0.571
0.967
0.077
0.651
0.906
0.583
0.544
0.716
0.959
0.352
0.204
0.005
0.822
0.111
0.851
0.325
0.726
0.713
0.869
0.714
0.181
0.508
0.482
0.809
0.233
0.17
0.947
0.209
0.756
0.605
0.589
0.168
0.331
0.564
0.057
0.455
0.848
0.26
0.555
0.658
0.6
0.557
0.275
0.516
0.59
0.28
0.745
0.215
0.713
0.772
0.57
0.454
0.6
0.874
0.38
0.079
0.412
0.052
0.736
0.873
0.655
0.513
0.719
0.876
0.718
0.399
0.741
0.401
0.474
0.187
0.488
0.103
0.097
0.936
0.279
0.815
0.161
0.409
0.921
0.597
0.474
0.089
0.996
0.53
0.622
0.659
0.204
0.99
0.828
0.74
0.971
0.516
0.877
0.635
0.734
0.562
0.628
0.124
0.46
0.452
0.931
0.665
0.796
0.412
0.863
0.179
0.539
0.845
0.982
0.971
0.93
0.694
0.415
0.281
0.421
0.914
0.535
0.815
0.496
0.232
0.828
0.943
0.965
0.068
0.031
0.861
0.702
0.569
0.135
0.861
0.321
0.699
0.486
0.2
0.864
0.328
0.045
0.282
0.446
0.783
0.844
0.024
0.736
0.607
0.76
0.86
0.573
0.517
0.387
0.347
0.616
0.611
0.138
0.267
0.964
0.381
0.314
0.336
0.401
0.103
0.458
0.032
0.97
0.775
0.946
0.326
0.874
0.116
0.546
0.292
0.606
0.091
0.558
0.189
0.585
0.746
0.664
0.726
0.606
0.403
0.744
0.198
0.018
0.993
0.394
0.279
0.27
0.769
0.972
0.719
0.654
0.157
0.094
0.196
0.555
0.903
0.559
0.004
0.3
0.257
0.611
0.036
0.251
0.707
0.868
0.101
0.336
0.159
0.189
0.113
0.795
0.944
0.235
0.217
0.676
0.097
0.607
0.836
0.767
0.758
0.336
0.647
0.506
0.587
0.658
0.939
0.367
0.864
0.869
0.816
0.141
0.924
0.174
0.091
0.223
0.528
0.559
0.663
0.94
0.706
1.0
0.077
0.585
0.298
0.716
0.912
0.482
0.241
0.502
0.138
0.426
0.935
0.716
0.423
0.297
0.442
0.745
0.536
0.992
0.404
0.959
0.627
0.765
0.212
0.031
0.405
0.545
0.253
0.268
0.525
0.543
0.027
0.388
0.985
0.365
0.894
0.363
0.203
0.874
0.004
0.173
0.754
0.418
0.494
0.39
0.453
0.135
0.201
0.887
0.268
0.944
0.169
0.756
0.811
0.77
0.758
0.047
0.055
0.239
0.471
0.33
0.539
0.635
0.767
0.663
0.891
0.268
0.638
0.733
0.711
0.39
0.968
0.824
0.546
0.958
0.88
0.976
0.32
0.49
0.974
0.533
0.573
0.064
0.988
0.865
0.108
0.288
0.981
0.217
0.411
0.88
0.653
0.679
0.647
0.309
0.632
0.74
0.161
0.213
0.911
0.112
0.126
0.61
0.573
0.799
0.838
0.103
0.146
0.782
0.207
0.713
0.909
0.252
0.18
0.967
0.273
0.889
0.637
0.043
0.487
0.799
0.7
0.142
0.728
0.696
0.903
0.697
0.997
0.123
0.256
0.639
0.06
0.016
0.277
0.934
0.126
0.63
0.999
0.263
0.962
0.748
0.832
0.74
0.905
0.865
0.861
0.489
0.225
0.93
0.805
0.864
0.114
0.73
0.092
0.928
0.632
0.749
0.479
0.102
0.342
0.41
0.481
0.997
0.876
0.484
0.096
0.793
0.11
0.597
0.289
0.412
0.887
0.43
0.77
0.213
0.36
0.196
0.401
0.382
0.121
0.001
0.8
0.492
0.84
0.845
0.942
0.519
0.188
0.826
0.821
0.954
0.485
0.198
0.191
0.407
0.607
0.29
0.256
0.971
0.299
0.031
0.254
0.326
0.622
0.739
0.505
0.231
0.239
0.089
0.746
0.411
0.296
0.827
0.805
0.768
0.798
0.783
0.814
0.382
0.85
0.139
0.174
0.272
0.634
0.697
0.546
0.911
0.596
0.91
0.247
0.701
0.567
0.513
0.657
0.654
0.62
0.335
0
0.613
0.047
0.753
0.856
0.104
0.33
0
0.804
0.472
0.841
0.48
0.836
0.085
0.304
0.025
0.723
0.82
0.229
0.198
0.59
0.209
0.248
0.297
0.543
0.444
0.527
0.813
0.243
0.047
0.379
0.692
0.53
0.884
0.945
0.551
0.235
0.794
0.263
0.04
0.859
0.821
0.871
0.53
0.811
0.696
0.096
0.695
0.999
0.034
0.002
0.611
0.403
0.975
0.253
0.318
0.794
0.349
0.772
0.563
0.57
0.17
0.484
0.818
0.581
0.073
0.899
0.158
0.361
0.904
0.547
0.567
0.916
0.199
0.168
0.54
0.287
0.138
0.128
0.689
0.256
0.399
0.264
0.797
0.574
0.356
0.673
0.128
0.39
0.477
0.022
0.482
0.436
0.866
0.558
0.787
0.322
0.004
0.824
0.311
0.122
0.031
0.439
0.977
0.307
0.275
0.686
0.596
0.844
0.616
0.188
0.562
0.368
0.549
0.196
0.131
0.92
0.155
0.911
0.169
0.9
0.024
0.368
0.486
0.707
0.447
0.329
0.932
0.167
0.817
0.805
0.998
0.051
0.587
0.244
0.896
0.127
0.844
0.748
0.108
0.733
0.986
0.6
0.771
0.761
0.451
0.805
0.164
0.079
0.368
0.431
0.186
0.344
0.555
0.781
0.196
0.132
0.098
0.741
0.324
0.217
0.263
0.12
0.767
0.175
0.618
0.674
0.14
0.837
0.068
0.962
0.302
0.303
0.412
0.41
0.534
0.684
0.475
0.974
0.976
0.099
0.727
0.095
0.228
0.334
0.014
0.152
0.025
0.638
0.958
0.548
0.708
0.204
0.248
0.25
0.693
0.7
0.089
0.996
0.178
0.546
0.431
0.138
0.104
0.99
0.038
0.126
0.969
0.308
0.073
0.785
0.671
0.588
0.922
0.352
0.735
0.241
0.512
0.556
0.929
0.278
0.25
0.029
0.649
0.625
0.106
0.492
0.538
0.165
0.17
0.216
0.761
0.451
0.475
0.985
0.486
0.237
0.817
0.436
0.5
0.814
0.34
0.923
0.266
0.087
0.035
0.793
0.637
0.36
0.852
0.87
0.315
0.886
0.649
0.114
0.715
0.404
0.134
0.065
0.706
0.285
0.238
0.306
0.402
0.052
0.686
0.856
0.187
0.15
0.108
0.108
0.988
0.483
0.097
0.502
0.587
0.228
0.251
0.442
0.295
0.479
0.695
0.771
0.037
0.451
0.837
0.994
0.803
0.418
0.654
0.038
0.377
0.125
0.876
0.825
0.032
0.947
0.189
0.211
0.349
0.773
0.282
0.078
0.418
0.552
0.163
0.517
0.076
0.135
0.327
0.618
0.078
0.981
0.185
0.699
0.203
0.277
0.435
0.632
0.773
0.018
0.218
0.978
0.828
0.943
0.216
0.323
0.353
0.375
0.429
0.755
0.379
0.69
0.836
0.104
0.228
0.535
0.024
0.816
0.752
0.186
0.586
0.742
0.542
0.98
0.02
0.673
0.019
0.025
0.873
0.5
0.875
0.42
0.885
0.357
0.712
0.974
0.757
0.475
0.098
0.552
0.939
0.575
0.98
0.046
0.123
0.745
0.204
0.381
0.999
0.115
0.981
0.794
0.512
0.475
0.984
0.096
0.964
0.867
0.053
0.341
0
0.194
0.459
0.084
0.412
0.921
0.478
0.666
0.027
0.668
0.98
0.529
0.202
0.648
0.498
0.641
0.606
0.749
0.418
0.949
0.787
