0.67
0.035
0.439
0.833
0.832
0.154
0.598
0.272
0.715
0.146
0.714
0.461
0.061
0.038
0.576
0.291
0.549
0.265
0.324
0.841
0.705
0.754
0.951
0.644
0.613
0.704
0.341
0.125
0.415
0.68
0.072
0.219
0.024
0.997
0.41
0.656
0.403
0.382
0.553
0.931
0.319
0.262
0.189
0.003
0.007
0.908
0.012
0.242
0.512
0.898
0.456
0.468
0.695
0.306
0.737
0.971
0.165
0.28
0.316
0.636
0.288
0.268
0.655
0.665
0.106
0.787
0.922
0.83
0.383
0.753
0.833
0.641
0.583
0.102
0.658
0.8
0.97
0.488
0.801
0.483
0.151
0.07
0.882
0.047
0.553
0.395
0.29
0.492
0.098
0.97
0.326
0.779
0.54
0.407
0.017
0.141
0.347
0.014
0.002
0.72
0.918
0.252
0.005
0.711
0.006
0.071
0.473
0.462
0.893
0.798
0.144
0.906
0.504
0.135
0.292
0.858
0.026
0.925
0.047
0.554
0.951
0.799
0.905
0.027
0.769
0.48
0.453
0.549
0.325
0.034
0.726
0.05
0.847
0.824
0.314
0.244
0.215
0.896
0.105
0.402
0.791
0.515
0.894
0.352
0.834
0.878
0.716
0.677
0.66
0.599
0.133
0.628
0.236
0.532
0.208
0.798
0.7
0.526
0.106
0.623
0.639
0.782
0.844
0.345
0.152
0.171
0.853
0.081
0.764
0.786
0.245
0.374
0.327
0.419
0.59
0.594
0.193
0.108
0.253
0.061
0.91
0.834
0.144
0.805
0.241
0.722
0.845
0.7
0.938
0.324
0.346
0.88
0.286
0.655
0.477
0.391
0.532
0.703
0.869
0.657
0.994
0.04
0.451
0.128
0.248
0.841
0.53
0.341
0.158
0.06
0.759
0.245
0.497
0.593
0.99
0.025
0.366
0.101
0.608
0.904
0.305
0.504
0.621
0.097
0.724
0.491
0.1
0.868
0.091
0.221
0.666
0.761
0.14
0.737
0.131
0.291
0.605
0.935
0.511
0.355
0.459
0.477
0.85
0.123
0.729
0.919
0.504
0.926
0.782
0.735
0.989
0.867
0.801
0.117
0.183
0.365
0.901
0.78
0.762
0.242
0.671
0.244
0.019
0.125
0.031
0.376
0.289
0.481
0.846
0.876
0.602
0.563
0.623
0.255
0.794
0.017
0.705
0.136
0.624
0.22
0.631
0.254
0.162
0.015
0.752
0.442
0.699
0.91
0.378
0.308
0.341
0.3
0.669
0.821
0.682
0.486
0.329
0.163
0.712
0.555
0.748
0.837
0.603
0.944
0.202
0.812
0.331
0.389
0.18
0.79
0.729
0.752
0.258
0.536
0.413
0.517
0.915
0.67
0.901
0.861
0.745
0.779
0.055
0.752
0.373
0.366
0.954
0.771
0.12
0.19
0.209
0.832
0.274
0.485
0.608
0.53
0.715
0.066
0.785
0.996
0.376
0.555
0.055
0.699
0.331
0.639
0.821
0.243
0.984
0.504
0.387
0.491
0.171
0.31
0.1
0.34
0.713
0.506
0.594
0.548
0.849
0.078
0.278
0.323
0.146
0.797
0.734
0.068
0.002
0.65
0.726
0.327
0.387
0.974
0.081
0.022
0.364
0.254
0.958
0.808
0.826
0.268
0.072
0.103
0.804
0.32
0.688
0.791
0.069
0.936
0.414
0.169
0.722
0.127
0.524
0.65
0.294
0.038
0.858
0.026
0.836
0.983
0.451
0.076
0.684
0.78
0.538
0.142
0.828
0.906
0.021
0.31
0.475
0.273
0.418
0.326
0.497
0.998
0.252
0.892
0.4
0.08
0.409
0.502
0.43
0.564
0.735
0.471
0.496
0.801
0.179
0.821
0.97
0.503
0.594
0.994
0.607
0.099
0.029
0.12
0.33
0.954
0.056
0.077
0.634
0.27
0.828
0.975
0.612
0.607
0.74
0.739
0.332
0.267
0.967
0.861
0.969
0.224
0.366
0.054
0.99
0.127
0.482
0.236
0.053
0.766
0.783
0.095
0.479
0.16
0.043
0.38
0.752
0.639
0.758
0.855
0.23
0.361
0.008
0.525
0.434
0.229
0.549
0.688
0.94
0.381
0.823
0.081
0.992
0.51
0.75
0.274
0.525
0.52
0.509
0.628
0.288
0.127
0.427
0.743
0.535
0.068
0.036
0.629
0.527
0.912
0.575
0.856
0.063
0.952
0.887
0.311
0.855
0.662
0.561
0.277
0.016
0.503
0.119
0.032
0.189
0.762
0.543
0.884
0.539
0.296
0.39
0.783
0.162
0.879
0.26
0.637
0.826
0.192
0.89
0.358
0.398
0.531
0.556
0.837
0.959
0.86
0.21
0.787
0.046
0.969
0.499
0.122
0.059
0.445
0.478
0.685
0.109
0.398
0.193
0.355
0.867
0.835
0.026
0.203
0.767
0.017
0.18
0.693
0.874
0.287
0.962
0.917
0.7
0.653
0.425
0.64
0.706
0.524
0.774
0.305
0.093
0.179
0.423
0.061
0.671
0.11
0.842
0.353
0.438
0.338
0.637
0.069
0.306
0.502
0.501
0.579
0.83
0.478
0.184
0.655
0.371
0.68
0.107
0.25
0.777
0.55
0.409
0.487
0.726
0.147
0.758
0.303
0.516
0.232
0.506
0.67
0.32
0.644
0.103
0.461
0.803
0.691
0.646
0.192
0.34
0.982
0.239
0.855
0.016
0.098
0.84
0.895
0.098
0.465
0.376
0.536
0.168
0.197
0.132
0.54
0.706
0.648
0.745
0.382
0.214
0.476
0.329
0.946
0.633
0.392
0.916
0.984
0.922
0.044
0.398
0.259
0.239
0.79
0.966
0.029
0.765
0.737
0.07
0.287
0.319
0.93
0.302
0.064
0.785
0.973
0.162
0.499
0.361
0.106
0.983
0.389
0.061
0.405
0.139
0.925
0.059
0.479
0.129
0.151
0.815
0.72
0.964
0.159
0.258
0.112
0.083
0.521
0.118
0.938
0.09
0.948
0.016
0.063
0.824
0.068
0.091
0.128
0.942
0.786
0.21
0.185
0.518
0.358
0.058
0.609
0.872
0.245
0.538
0.155
0.275
0.056
0.861
0.083
0.432
0.272
0.958
0.184
0.851
0.899
0.495
0.471
0.947
0.788
0.807
0.043
0.102
0.088
0.464
0.597
0.199
0.757
0.743
0.367
0.877
0.268
0.419
0.459
0.346
0.293
0.358
0.538
0.813
0.667
0.039
0.72
0.45
0.341
0.213
0.939
0.253
0.05
0.372
0.243
0.223
0.865
0.984
0.766
0.85
0.373
0.186
0.272
0.29
0.883
0.029
0.146
0.255
0.369
0.614
0.011
0.303
0.581
0.884
0.358
0.298
0.909
0.478
0.519
0.901
0.213
0.05
0.554
0.992
0.649
0.818
0.564
0.097
0.019
0.612
0.368
0.856
0.027
0.923
0.459
0.983
0.945
0.834
0.37
0.697
0.118
0.754
0.687
0.05
0.795
0.001
0.768
0.9
0.738
0.332
0.25
0.767
0.33
0.716
0.732
0.965
0.82
0.989
0.057
0.44
0.002
0.95
0.944
0.127
0.936
0.036
0.295
0.948
0.083
0.48
0.972
0.169
0.555
0.957
0.667
0.261
0.906
0.248
0.797
0.581
0.855
0.886
0.735
0.637
0.697
0.725
0.94
0.897
0.283
0.491
0.877
0.631
0.018
0.166
0.819
0.918
0.364
0.45
0.468
0.589
0.213
0.307
0.063
0.034
0.603
0.326
0.444
0.35
0.401
0.681
0.398
0.028
0.624
0.559
0.867
0.408
0.386
0.813
0.204
0.736
0.45
0.863
0.977
0.694
0.72
0.853
0.312
0.429
0.772
0.117
0.404
0.204
0.675
0.403
0.375
0.301
0.016
0.468
0.276
0.189
0.517
0.221
0.27
0.15
0.617
0.033
0.845
0.539
0.519
0.13
0.465
0.777
0.78
0.679
0.728
0.817
0.798
0.954
0.096
0.14
0.964
0.543
0.617
0.137
0.381
0.554
0.054
0.101
0.961
0.664
0.523
0.316
0.497
0.449
0.076
0.232
0.356
0.487
0.483
0.459
0.355
0.048
0.868
0.835
0.116
0.788
0.689
0.453
0.038
0.746
0.29
0.67
0.586
0.244
0.322
0.918
0.862
0.59
0.015
0.565
0.656
0.704
0.162
0.382
0.876
0.557
0.539
0.918
0.003
0.456
0.318
0.839
0.622
0.055
0.665
0.91
0.844
0.39
0.363
0.033
0.922
0.778
0.754
0.586
0.947
0.93
0.042
0.63
0.524
0.027
0.625
0.298
0.543
0.438
0.868
0.88
0.554
0.809
0.013
0.162
0.867
