0.44
0.276
0.997
0.092
0.927
0.896
0.821
0.482
0.736
0.794
0.634
0.421
0.697
0.363
0.943
0.01
0.944
0.197
0.016
0.201
0.45
0.717
0.918
0.102
0.596
0.169
0.777
0.428
0.496
0.27
0.486
0.445
0.546
0.539
0.781
0.054
0.442
0.42
0.604
0.931
0.104
0.886
0.714
0.508
0.703
0.442
0.25
0.455
0.06
0.533
0.768
0.032
0.422
0.94
0.415
0.961
0.499
0.226
0.64
0.347
0.115
0.133
0.039
0.898
0.37
0.627
0.759
0.156
0.705
0.487
0.751
0.549
0.209
0.336
0.589
0.753
0.532
0.54
0.027
0.358
0.19
0.382
0.773
0.7
0.1
0.639
0.896
0.694
0.455
0.344
0.555
0.546
0.948
0.889
0.474
0.057
0.643
0.285
0.537
0.531
0.323
0.197
0.532
0.084
0.929
0.634
0.635
0.506
0.672
0.755
0.859
0.791
0.505
0.728
0.099
0.05
0.951
0.305
0.031
0.84
0.928
0.573
0.314
0.25
0.923
0.916
0.024
0.658
0.561
0.904
0.265
0.44
0.367
0.683
0.013
0.425
0.017
0.165
0.885
0.897
0.52
0.817
0.974
0.358
0.479
0.233
0.755
0.507
0.608
0.292
0.004
0.588
0.549
0.225
0.387
0.752
0.424
0.704
0.811
0.554
0.259
0.131
0.157
0.077
0.249
0.206
0.754
0.038
0.235
0.075
0.924
0.876
0.943
0.886
0.9
0.479
0.277
0.724
0.705
0.817
0.811
0.523
0.107
0.348
0.9
0.751
0.669
0.805
0.585
0.623
0.505
0.2
0.54
0.762
0.61
0.733
0.756
0.18
0.034
0.77
0.606
0.987
0.841
0.868
0.698
0.568
0.087
0.285
0.241
0.409
0.078
0.967
0.382
0.01
0.037
0.236
0.734
0.955
0.47
0.474
0.107
0.242
0.754
0.865
0.853
0.616
0.122
0.284
0.653
0.276
0.267
0.161
0.682
0.229
0.775
0.934
0.756
0.104
0.719
0.214
0.619
0.37
0.585
0.132
0.553
0.344
0.235
0.877
0.349
0.287
0.168
0.45
0.788
0.351
0.479
0.297
0.886
0.861
0.197
0.99
0.326
0.903
0.545
0.921
0.988
0.205
0.937
0.261
0.164
0.651
0.96
0.78
0.139
0.519
0.926
0.187
0.067
0.347
0.465
0.651
0.114
0.902
0.375
0.078
0.233
0.803
0.262
0.703
0.115
0.997
0.649
0.294
0.16
0.214
0.558
0.903
0.682
0.943
0.411
0.444
0.254
0.992
0.239
0.364
0.77
0.95
0.716
0.376
0.067
0.186
0.181
0.21
0.331
0.237
0.824
0.568
0.186
0.345
0.054
0.009
0.24
0.737
0.127
0.347
0.901
0.847
0.534
0.626
0.312
0.533
0.754
0.134
0.471
0.226
0.879
0.509
0.262
0.518
0.728
0.522
0.18
0.856
0
0.012
0.411
0.047
0.27
0.436
0.049
0.367
0.254
0.429
0.352
0.378
0.745
0.482
0.628
0.439
0.017
0.24
0.903
0.167
0.167
0.97
0.557
0.771
0.558
0.214
0.45
0.061
0.09
0.559
0.634
0.358
0.645
0.142
0.203
0.541
0.075
0.606
0.653
0.691
0.297
0.794
0.071
0.831
0.808
0.364
0.727
0.722
0.047
0.252
0.72
0.565
0.316
0.214
0.08
0.127
0.05
0.119
0.828
0.698
0.974
0.958
0.295
0.259
0.194
0.855
0.426
0.67
0.564
0.373
0.463
0.099
0.342
0.239
0.525
0.356
0.738
0.58
0.184
0.208
0.334
0.323
0.501
0.225
0.705
0.41
0.56
0.222
0.052
0.723
0.458
0.619
0.314
0.341
0.742
0.654
0.919
0.046
0.275
0.291
0.634
0.01
0.573
0.228
0.138
0.682
0.03
0.896
0.017
0.494
0.644
0.438
0.961
0.457
0.273
0.807
0.988
0.278
0.717
0.798
0.187
0.624
0.538
0.685
0.362
0.175
0.71
0.4
0.205
0.18
0.087
0.678
0.079
0.201
0.094
0.943
0.306
0.033
0.209
0.611
0.65
0.551
0.011
0.655
0.013
0.442
0.83
0.922
0.182
0.972
0.932
0.651
0.172
0.213
0.336
0.83
0.259
0.062
0.149
0.849
0.593
0.517
0.494
0.919
0.787
0.921
0
0.645
0.883
0.164
0.066
0.283
0.272
0.036
0.803
0.574
0.669
0.158
0.574
0.224
0.307
0.352
0.265
0.146
0.102
0.816
0.536
0.445
0.399
0.843
0.964
0.366
0.737
0.791
0.837
0.751
0.497
0.043
0.762
0.293
0.674
0.622
0.231
0.568
0.138
0.155
0.832
0.798
0.973
0.077
0.414
0.546
0.875
0.766
0.377
0.222
0.72
0.217
0.254
0.35
0.584
0.891
0.17
0.593
0.468
0.012
0.957
0.549
0.87
0.755
0.757
0.21
0.462
0.746
0.3
0.06
0.326
0.386
0.39
0.46
0.956
0.101
0.986
0.512
0.196
0.794
0.037
0.456
0.37
0.354
0.01
0.455
0.513
0.907
0.649
0.712
0.799
0.264
0.704
0.375
0.881
0.686
0.558
0.574
0.006
0.006
0.798
0.972
0.965
0.304
0.878
0.471
0.934
0.285
0.624
0.129
0.197
0.153
0.263
0.849
0.009
0.921
0.015
0.059
0.255
0.806
0.704
0.534
0.807
0.069
0.705
0.683
0.761
0.148
0.816
0.132
0.243
0.268
0.231
0.115
0.372
0.41
0.423
0.458
0.005
0.837
0.731
0.14
0.73
0.352
0.183
0.545
0.847
0.226
0.614
0.307
0.349
0.958
0.667
0.515
0.639
0.733
0.857
0.925
0.511
0.831
0.179
0.205
0.441
0.147
0.395
0.488
0.068
0.817
0.405
0.254
0.961
0.617
0.395
0.318
0.424
0.86
0.051
0.372
0.405
0.857
0.865
0.001
0.101
0.765
0.19
0.696
0.469
0.312
0.336
0.633
0.156
0.341
0.363
0.126
0.027
0.957
0.611
0.49
0.079
0.833
0.099
0.393
0.08
0.428
0.96
0.688
0.759
0.376
0.067
0.807
0.805
0.549
0.511
0.97
0.028
0.783
0.105
0.847
0.767
0.704
0.378
0.941
0.471
0.851
0.715
0.08
0.747
0.581
0.291
0.94
0.427
0.171
0.629
0.592
0.421
0.619
0.13
0.36
0.195
0.347
0.03
0.386
0.427
0.8
0.804
0.644
0.012
0.339
0.327
0.144
0.681
0.872
0.307
0.383
0.108
0.214
0.073
0.083
0.871
0.433
0.215
0.235
0.159
0.522
0.705
0.336
0.385
0.624
0.37
0.518
0.453
0.015
0.678
0.236
0.659
0.862
0.048
0.512
0.977
0.246
0.155
0.754
0.484
0.195
0.227
0.717
0.757
0.001
0.681
0.066
0.519
0.157
0.542
0.292
0.823
0.717
0.27
0.95
0.746
0.372
0.386
0.061
0.284
0.703
0.633
0.242
0.519
0.734
0.317
0.899
0.987
0.168
0.61
0.321
0.221
0.31
0.131
0.956
0.992
0.037
0.983
0.718
0.448
0.384
0.139
0.664
0.948
0.35
0.15
0.668
0.994
0.287
0.757
0.389
0.811
0.923
0.452
0.966
0.275
0.421
0.947
0.828
0.115
0.417
0.142
0.213
0.348
0.034
0.075
0.82
0.14
0.015
0.454
0.832
0.386
0.03
0.691
0.128
0.645
0.427
0.997
0.746
0.65
0.439
0.178
0.444
0.586
0.438
0.713
0.433
0.896
0.75
0.733
0.389
0.79
0.51
0.86
0.757
0.829
0.913
0.713
0.451
0.753
0.869
0.027
0.719
0.688
0.847
0.808
0.491
0.746
0.861
0.618
0.826
0.864
0.808
0.252
0.181
0.737
0.873
0.315
0.586
0.384
0.281
0.299
0.114
0.49
0.619
0.205
0.628
0.942
0.012
0.681
0.576
0.388
0.166
0.141
0.072
0.998
0.236
0.162
0.477
0.314
0.389
0.013
0.456
0.379
0.319
0.88
0.289
0.156
0.607
0.515
0.516
0.599
0.718
0.206
0.574
0.094
0.104
0.384
0.283
0.639
0.59
0.086
0.166
0.583
0.166
0.519
0.707
0.621
0.565
0.91
0.283
0.221
0.688
0.957
0.944
0.443
0.89
0.587
0.467
0.783
0.628
0.687
0.845
0.817
0.892
0.191
0.515
0.249
0.142
0.621
0.026
0.842
0.942
0.058
0.272
0.129
0.478
0.862
0.844
0.182
0.292
0.414
0.738
0.013
0.812
0.201
0.858
0.09
0.379
