0.888
0.592
0.019
0.441
0.63
0.918
0.18
0.572
0.368
0.476
0.314
0.603
0.315
0.961
0.775
0.401
0.673
0.855
0.703
0.28
0.835
0.128
0.438
0.295
0.4
0.745
0.545
0.666
0.134
0.68
0.531
0.774
0.925
0.755
0.727
0.794
0.673
0.771
0.975
0.212
0.247
0.686
0.052
0.429
0.754
0.495
0.697
0.091
0.334
0.349
0.844
0.589
0.822
0.172
0.528
0.613
0.971
0.949
0.527
0.599
0.123
0.522
0.651
0.495
0.973
0.855
0.494
0.741
0.035
0.686
0.25
0.094
0.274
0.504
0.447
0.506
0.287
0.178
0.771
0.382
0.8
0.824
0.479
0.503
0.943
0.876
0.458
0.397
0.089
0.9
0.401
0.103
0.639
0.608
0.282
0.936
0.926
0.639
0.455
0.43
0.681
0.717
0.035
0.775
0.968
0.853
0.253
0.572
0.317
0.992
0.652
0.958
0.668
0.392
0.658
0.479
0.599
0.665
0.44
0.377
0.752
0.139
0.566
0.649
0.934
0.756
0.646
0.847
0.699
0.028
0.871
0.579
0.306
0.393
0.337
0.392
0.873
0.95
0.034
0.765
0.313
0.32
0.347
0.538
0.973
0.384
0.408
0.817
0.633
0.585
0.189
0.02
0.793
0.136
0.124
0.889
0.581
0.561
0.247
0.531
0.084
0.503
0.099
0.367
0.758
0.466
0.941
0.897
0.962
0.713
0.981
0.754
0.16
0.478
0.671
0.622
0.641
0.36
0.953
0.508
0.675
0.002
0.151
0.994
0.981
0.629
0.103
0.333
0.436
0.696
0.692
0.891
0.099
0.782
0.406
0.334
0.915
0.452
0.55
0.217
0.783
0.766
0.535
0.606
0.998
0.739
0.501
0.531
0.925
0.087
0.584
0.611
0.878
0.066
0.449
0.248
0.685
0.554
0.772
0.374
0.082
0.613
0.791
0.309
0.505
0.247
0.803
0.635
0.012
0.936
0.93
0.846
0.555
0.097
0.778
0.211
0.822
0.904
0.021
0.926
0.751
0.653
0.852
0.038
0.652
0.751
0.213
0.036
0.204
0.217
0.163
0.541
0.526
0.668
0.719
0.545
0.559
0.589
0.092
0.977
0.897
0.678
0.02
0.866
0.493
0.878
0.215
0.135
0.453
0.96
0.582
0.24
0.888
0.335
0.735
0.558
0.005
0.417
0.636
0.712
0.675
0.107
0.869
0.678
0.269
0.86
0.174
0.622
0.94
0.297
0.255
0.87
0.773
0.155
0.195
0.136
0.146
0.121
0.835
0.953
0.782
0.871
0.438
0.719
0.287
0.003
0.187
0.002
0.342
0.489
0.816
0.672
0.175
0.468
0.858
0.38
0.538
0.685
0.858
0.771
0.362
0.94
0.007
0.579
0.831
0.045
0.531
0.654
0.38
0.017
0.761
0.066
0.403
0.023
0.664
0.131
0.724
0.821
0.862
0.137
0.88
0.397
0.814
0.62
0.108
0.776
0.491
0.282
0.009
0.059
0.099
0.524
0.927
0.381
0.537
0.451
0.642
0.133
0.029
0.404
0.746
0.501
0.993
0.977
0.621
0.884
0.017
0.836
0.066
0.161
0.173
0.049
0.109
0.915
0.504
0.341
0.508
0.457
0.005
0.102
0.234
0.015
0.3
0.56
0.39
0.056
0.375
0.648
0.602
0.299
0.749
0.499
0.136
0.042
0.874
0.343
0.479
0.448
0.153
0.121
0.094
0.787
0.522
0.184
0.905
0.176
0.683
0.133
0.033
0.924
0.38
0.239
0.752
0.345
0.353
0.515
0.573
0.573
0.019
0.217
0.008
0.202
0.95
0.98
0.641
0.434
0.573
0.712
0.895
0.643
0.216
0.778
0.074
0.983
0.098
0.37
0.476
0.354
0.671
0.474
0.106
0.174
0.94
0.166
0.813
0.351
0.246
0.22
0.504
0.312
0.278
0.111
0.784
0.102
0.406
0.761
0.114
0.305
0.084
0.789
0.085
0.769
0.775
0.329
0.278
0.992
0.253
0.998
0.689
0.169
0.039
0.291
0.372
0.687
0.443
0.753
0.408
0.182
0.153
0.631
0.57
0.711
0.58
0.445
0.475
0.545
0.241
0.194
0.069
0.981
0.274
0.617
0.945
0.858
0.239
0.782
0.413
0.248
0.531
0.019
0.264
0.435
0.117
0.57
0.533
0.464
0.727
0.834
0.246
0.126
0.247
0.097
0.654
0.207
0.373
0.131
0.164
0.91
0.766
0.784
0.563
0.86
0.364
0.81
0.357
0.722
0.681
0.947
0.665
0.747
0.932
0.785
0.457
0.441
0.064
0.972
0.058
0.963
0.924
0.971
0.944
0.315
0.638
0.183
0.871
0.368
0.783
0.483
0.264
0.887
0.232
0.71
0.598
0.934
0.575
0.623
0.487
0.054
0.32
0.676
0.3
0.286
0.954
0.82
0.73
0.19
0.962
0.197
0.659
0.846
0.508
0.539
0.345
0.451
0.18
0.978
0.602
0.756
0.59
0.072
0.344
0.512
0.739
0.935
0.831
0.551
0.485
0.143
0.96
0.703
0.551
0.877
0.9
0.021
0.39
0.87
0.693
0.002
0.788
0.134
0.386
0.204
0.034
0.766
0.2
0.904
0.891
0.659
0.647
0.462
0.576
0.255
0.958
0.008
0.214
0.322
0.343
0.06
0.386
0.62
0.373
0.216
0.706
0.411
0.953
0.28
0.976
0.199
0.052
0.237
0.314
0.264
0.459
0.347
0.322
0.353
0.147
0.953
0.076
0.784
0.435
0.877
0.606
0.048
0.17
0.513
0.117
0.375
0.335
0.374
0.102
0.559
0.994
0.716
0.117
0.605
0.903
0.315
0.221
0.99
0.542
0.515
0.266
0.346
0.537
0.979
0.269
0.935
0.952
0.144
0.901
0.916
0.523
0.553
0.686
0.813
0.263
0.477
0.001
0.338
0.462
0.329
0.416
0.649
0.474
0.919
0.848
0.718
0.967
0.26
0.742
0.22
0.174
0.948
0.031
0.844
0.006
0.335
0.463
0.639
0.361
0.338
0.83
0.032
0.654
0.226
0.335
0.518
0.345
0.051
0.629
0.22
0.685
0.664
0.82
0.316
0.698
0.698
0.506
0.829
0.821
0.921
0.622
0.185
0.753
0.826
0.346
0.418
0.44
0.41
0.261
0.09
0.518
0.925
0.852
0.452
0.19
0.323
0.904
0.192
0.28
0.23
0.299
0.894
0.254
0.092
0.715
0.302
0.623
0.895
0.885
0.33
0.107
0.099
0.529
0.191
0.531
0.396
0.575
0.559
0.452
0.601
0.835
0.371
0.836
0.742
0.424
0.21
0.033
0.953
0.51
0.844
0.325
0.805
0.646
0.231
0.143
0.021
0.126
0.639
0.291
0.115
0.38
0.031
0.808
0.461
0.936
0.524
0.691
0.12
0.727
0.718
0.319
0.822
0.438
0.611
0.907
0.431
0.593
0.793
0.484
0.43
0.352
0.309
0.226
0.29
0.895
0.02
0.217
0.597
0.672
0.129
0.684
0.557
0.667
0.109
0.129
0.463
0.912
0.958
0.161
0.072
0.825
0.079
0.658
0.487
0.559
0.742
0.284
0.51
0.096
0.106
0.314
0.216
0.945
0.557
0.797
0.432
0.839
0.585
0.187
0.466
0.929
0.275
0.799
0.186
0.912
0.761
0.1
0.745
0.302
0.733
0.887
0.1
0.258
0.532
0.239
0.236
0.26
0.256
0.381
0.621
0.271
0.471
0.642
0.097
0.826
0.872
0.508
0.047
0.798
0.355
0.257
0.868
0.176
0.822
0.883
0.961
0.627
0.869
0.274
0.554
0.984
0.906
0.832
0.707
0.616
0.74
0.46
0.206
0.404
0.774
0.58
0.886
0.582
0.408
0.862
0.138
0.715
0.973
0.101
0.894
0.946
0.856
0.377
0.259
0.277
0.07
0.551
0.629
0.881
0.014
0.907
0.245
0.875
0.008
0.53
0.745
0.162
0.86
0.741
0.302
0.557
0.986
0.098
0.099
0.867
0.249
0.342
0.124
0.892
0.687
0.67
0.716
0.49
0.485
0.165
0.393
0.162
0.797
0.002
0.798
0.738
0.666
0.456
0.112
0.565
0.641
0.883
0.144
0.487
0.869
0.208
0.427
0.077
0.278
0.519
0.383
0.229
0.971
0.692
0.605
0.464
0.953
0.978
0.006
0.264
0.221
0.639
0.342
0.144
0.817
0.68
0.431
0.026
0.026
0.687
0.344
0.896
0.964
0.738
0.635
0.338
0.973
0.376
0.186
0.258
0.759
0.567
0.672
0.459
0.335
0.614
0.746
0.447
0.849
0.542
0.192
0.953
0.963
