0.175
0.187
0.341
0.326
0.755
0.35
0.017
0.811
0.425
0.684
0.001
0.071
0.313
0.331
0.009
0.779
0.715
0.593
0.662
0.558
0.518
0.584
0.87
0.091
0.425
0.222
0.772
0.164
0.893
0.712
0.137
0.291
0.959
0.236
0.859
0.981
0.558
0.653
0.916
0.712
0.292
0.754
0.863
0.504
0.142
0.759
0.688
0.777
0.847
0.098
0.346
0.995
0.274
0.053
0.607
0.335
0.342
0.614
0.154
0.182
0.389
0.356
0.158
0.167
0.291
0.574
0.202
0.618
0.975
0.799
0.289
0.418
0
0.123
0.729
0.489
0.808
0.863
0.527
0.686
0.558
0.924
0.856
0.058
0.778
0.574
0
0.863
0.408
0.725
0.794
0.058
0.495
0.03
0.305
0.359
0.416
0.261
0.513
0.101
0.381
0.013
0.438
0.165
0.093
0.647
0.445
0.832
0.321
0.016
0.099
0.837
0.17
0.411
0.66
0.353
0.842
0.793
0.616
0.102
0.174
0.74
0.077
0.654
0.033
0.638
0.621
0.675
0.459
0.725
0.821
0.196
0.09
0.745
0.273
0.948
0.277
0.581
0.762
0.65
0.659
0.767
0.533
0.258
0.16
0.58
0.474
0.397
0.494
0.288
0.576
0.155
0.125
0.006
0.991
0.853
0.637
0.61
0.859
0.853
0.516
0.104
0.624
0.135
0.686
0.284
0.514
0.026
0.39
0.884
0.732
0.038
0.717
0.557
0.759
0.926
0.864
0.391
0.871
0.549
0.646
0.139
0.401
0.133
0.942
0.799
0
0.469
0.026
0.897
0.663
0.3
0.614
0.8
0.871
0.469
0.963
0.178
0.647
0.989
0.688
0.236
0.302
0.974
0.395
0.464
0.978
0.874
0.833
0.02
0.379
0.008
0.284
0.12
0.057
0.082
0.712
0.959
0.009
0.881
0.602
0.403
0.986
0.286
0.973
0.495
0.196
0.944
0.31
0.162
0.032
0.034
0.91
0.866
0.457
0.654
0.992
0.418
0.439
0.503
0.647
0.713
0.604
0.527
0.771
0.77
0.968
0.179
0.24
0.305
0.574
0.459
0.173
0.509
0.51
0.848
0.054
0.329
0.396
0.905
0.535
0.127
0.13
0.497
0.048
0.02
0.395
0.21
0.07
0.643
0.909
0.535
0.303
0
0.705
0.44
0.037
0.463
0.214
0.169
0.3
0
0.154
0.988
0.982
0.497
0.976
0.93
0.214
0.734
0.66
0.867
0.995
0.068
0.634
0.262
0.661
0.398
0.902
0.011
0.131
0.65
0.904
0.674
0.137
0.834
0.729
0.628
0.854
0.695
0.065
0.537
0.458
0.461
0.396
0.309
0.249
0.696
0.002
0.244
0.291
0.258
0.067
0.055
0.423
0.798
0.622
0.852
0.936
0.552
0.779
0.079
0.953
0.149
0.018
0.815
0.303
0.271
0.067
0.618
0.233
0.061
0.686
0.784
0.164
0.578
0.741
0.188
0.342
0.069
0.018
0.625
0.414
0.178
0.989
0.678
0.379
0.497
0.937
0.813
0.836
0.478
0.429
0.286
0.804
0.82
0.481
0.583
0.447
0.124
0.234
0.098
0.05
0.025
0.895
0.584
0.722
0.084
0.557
0.523
0.362
0.649
0.7
0.316
0.448
0.849
0.204
0.607
0.549
0.145
0.054
0.47
0.934
0.63
0.893
0.001
0.963
0.571
0.065
0.523
0.188
0.463
0.071
0.307
0.789
0.296
0.22
0.613
0.568
0.996
0.165
0.824
0.181
0.607
0.772
0.162
0.588
0.404
0.203
0.446
0.261
0.56
0.831
0.057
0.777
0.4
0.16
0.558
0.089
0.387
0.739
0.026
0.065
0.355
0.513
0.071
0.855
0.714
0.314
0.471
0.086
0.903
0.4
0.802
0.064
0.518
0.444
0.754
0.396
0.68
0.093
0.155
0.23
0.313
0.046
0.321
0.186
0.559
0.545
0.921
0.792
0.285
0.063
0.338
0.358
0.285
0.113
0.273
0.474
0.402
0.342
0.594
0.602
0.395
0.591
0.648
0.324
0.247
0.851
0.766
0.184
0.931
0.339
0.904
0.038
0.068
0.658
0.547
0.328
0.262
0.574
0.567
0.399
0.912
0.6
0.617
0.329
0.497
0.102
0.694
0.054
0.179
0.218
0.226
0.802
0.624
0.12
0.751
0.07
0.971
0.637
0.426
0.57
0.241
0.469
0.091
0.977
0.416
0.421
0.162
0.812
0.798
0.19
0.49
0.458
0.378
0.994
0.278
0.467
0.097
0.314
0.749
0.516
0.734
0.755
0.515
0.733
0.657
0.069
0.343
0.957
0.686
0.601
0.573
0.65
0.198
0.085
0.552
0.112
0.966
0.052
0.361
0.197
0.585
0.618
0.891
0.177
0.587
0.342
0.621
0.411
0.961
0.43
0.663
0.186
0.213
0.781
0.464
0.795
0.588
0.335
0.731
0.589
0.641
0.283
0.467
0.614
0.268
0.649
0.708
0.37
0.655
0.51
0.515
0.538
0.425
0.321
0.266
0.752
0.487
0.897
0.541
0.875
0.63
0.072
0.862
0.735
0.495
0.476
0.812
0.988
0.363
0.956
0.391
0.744
0.675
0.8
0.039
0.553
0.586
0.441
0.525
0.007
0.119
0.785
0.526
0.983
0.821
0.262
0.366
0.338
0.718
0.735
0.672
0.883
0.843
0.467
0.588
0.385
0.847
0.662
0.38
0.272
0.288
0.996
0.208
0.347
0.673
0.437
0.337
0.979
0.821
0.35
0.826
0.539
0.998
0.605
0.682
0.304
0.294
0.692
0.188
0.334
0.423
0.452
0.082
0.635
0.689
0.359
0.213
0.007
0.05
0.134
0.156
0.021
0.089
0.824
0.643
0.435
0.202
0.208
0.247
0.903
0.245
0.003
0.173
0.345
0.694
0.2
0.013
0.617
0.26
0.123
0.882
0.231
0.673
0.925
0.544
0.276
0.927
0.97
0.377
0.602
0.389
0.32
0.36
0.308
0.152
0.484
0.825
0.603
0
0.943
0.579
0.086
0.752
0.665
0.097
0.767
0.581
0.512
0.116
0.463
0.43
0.026
0.434
0.628
0.668
0.475
0.355
0.591
0.979
0.927
0.023
0.528
0.763
0.933
0.241
0.747
0.158
0.312
0.638
0.09
0.983
0.291
0.67
0.614
0.351
0.717
0.1
0.325
0.479
0.682
0.088
0.601
0.495
0.344
0.513
0.326
0.561
0.592
0.542
0.954
0.065
0.276
0.094
0.151
0.496
0.449
0.146
0.969
0.968
0.102
0.417
0.773
0.562
0.719
0.383
0.736
0.623
0.559
0.027
0.568
0.489
0.76
0.258
0.0
0.616
0.821
0.346
0.568
0.016
0.249
0.294
0.227
0.266
0.792
0.254
0.53
0.245
0.244
0.605
0.418
0.862
0.497
0.476
0.632
0.28
0.644
0.712
0.504
0.597
0.266
0.746
0.404
0.259
0.379
0.597
0.798
0.761
0.908
0.612
0.153
0.253
0.971
0.55
0.785
0.46
0.661
0.392
0.075
0.349
0.412
0.903
0.757
0.485
0.556
0.944
0.964
0.393
0.391
0.695
0.01
0.144
0.645
0.202
0.448
0.501
0.597
0.336
0.864
0.925
0.492
0.551
0.996
0.154
0.935
0.376
0.339
0.509
0.394
0.723
0.861
0.143
0.424
0.855
0.662
0.822
0.133
0.448
0.218
0.651
0.002
0.308
0.182
0.167
0.153
0.509
0.933
0.613
0.552
0.468
0.13
0.3
0.792
0.883
0.319
0.213
0.76
0.716
0.039
0.199
0.3
0.273
0.282
0.394
0.712
0.595
0.321
0.801
0.841
0.078
0.568
0.288
0.571
0.539
0.074
0.562
0.346
0.332
0.394
0.887
0.843
0.306
0.444
0.548
0.408
0.947
0.305
0.592
0.797
0
0.902
0.949
0.647
0.131
0.073
0.57
0.471
0.816
0.23
0.678
0.616
0.881
0.114
0.312
0.432
0.432
0.0
0.08
0.566
0.756
0.986
0.274
0.533
0.469
0.131
0.048
0.041
0.394
0.73
0.269
0.741
0.467
0.607
0.484
0.842
0.944
0.516
0.751
0.948
0.17
0.745
0.805
0.296
0.245
0.261
0.656
0.844
0.199
0.691
0.713
0.185
0.525
0.39
0.492
0
0.647
0.702
0.579
0.566
0.144
0.759
0.716
0.613
0.477
0.993
0.472
0.734
0.653
0.089
0.617
0.478
0.146
0.853
0.967
0.248
0.592
0.676
0.974
0.52
0.31
0.673
0.539
0.933
0.334
0.231
0.872
0.217
0.758
