0.51
0.829
0.263
0.28
0.272
0.534
0.48
0.964
0.134
0.687
0.035
0.614
0.885
0.205
0.623
0.138
0.805
0.254
0.816
0.267
0.783
0.731
0.249
0.011
0.33
0.967
0.027
0.194
0.302
0.872
0.677
0.908
0.593
0.088
0.832
0.726
0.183
0.761
0.553
0.337
0.336
0.097
0.687
0.692
0.222
0.579
0.534
0.056
0.89
0.869
0.998
0.169
0.537
0.412
0.849
0.349
0.506
0.213
0.72
0.678
0.388
0.09
0.047
0.645
0.645
0.164
0.544
0.346
0.261
0.095
0.409
0.454
0.128
0.969
0.415
0.778
0.892
0.28
0.57
0.409
0.211
0.787
0.561
0.453
0.753
0.785
0.72
0.398
0.413
0.57
0.537
0.806
0.819
0.619
0.237
0.595
0.16
0.272
0.432
0.784
0.203
0.057
0.859
0.751
0.762
0.028
0.91
0.004
0.984
0.9
0.075
0.464
0.1
0.893
0.208
0.927
0.76
0.807
0.794
0.708
0.122
0.962
0.905
0.031
0.6
0.239
0.874
0.036
0.866
0.028
0.761
0.922
0.606
0.427
0.674
0.615
0
0.229
0.691
0.459
0.486
0.856
0.609
0.302
0.408
0.659
0.428
0.971
0.476
0.241
0.292
0.877
0.878
0.171
0.567
0.491
0.004
0.062
0.794
0.357
0.696
0.203
0.82
0.656
0.348
0.569
0.162
0.577
0.196
0.433
0.455
0.879
0.434
0.158
0.518
0.981
0.621
0.256
0.329
0.49
0.344
0.098
0.609
0.993
0.901
0.421
0.434
0.761
0.602
0.407
0.153
0.806
0.767
0.658
0.749
0.05
0.336
0.705
0.581
0.009
0.467
0.152
0.871
0.516
0.236
0.32
0.517
0.401
0.999
0.172
0.545
0.905
0.225
0.268
0.707
0.358
0.569
1.0
0.456
0.394
0.979
0.456
0.835
0.713
0.235
0.802
0.158
0.551
0.589
0.965
0.975
0.324
0.107
0.088
0.922
0.416
0.168
0.92
0.058
0.589
0.309
0.707
0.688
0.455
0.59
0.414
0.541
0.443
0.363
0.746
0.584
0.28
0.581
0.873
0.953
0.388
0.78
0.254
0.223
0.735
0.855
0.117
0.894
0.692
0.199
0.327
0.532
0.005
0.209
0.916
0.178
0.575
0
0.544
0.392
0.757
0.932
0.403
0.467
0.329
0.397
0.327
0.215
0.294
0.377
0.899
0.397
0.655
0.322
0.361
0.127
0.968
0.139
0.102
0.788
0.461
0.599
0.414
0.516
0.355
0.111
0.343
0.703
0.967
0.668
0.934
0.211
0.122
0.93
0.406
0.747
0.255
0.559
0.506
0.324
0.464
0.041
0.536
0.497
0.405
0.108
0.361
0.356
0.133
0.798
0.567
0.47
0.301
0.11
0.172
0.993
0.166
0.316
0.463
0.96
0.623
0.856
0.381
0.374
0.788
0.206
0.058
0.757
0.229
0.583
0.419
0.197
0.393
0.573
0.325
0.329
0.732
0.259
0.776
0.855
0.295
0.671
0.3
0.712
0.539
0.96
0.817
0.917
0.955
0.419
0.112
0.258
0.342
0.975
0.594
0.365
0.748
0.919
0.698
0.737
0.178
0.643
0.547
0.591
0.709
0.396
0.293
0.436
0.489
0.631
0.539
0.741
0.547
0.861
0.826
0.667
0.309
0.109
0.886
0.634
0.94
0.181
0.96
0.757
0.4
0.805
0.865
0.409
0.322
0.047
0.425
0.869
0.756
0.96
0.876
0.695
0.376
0.828
0.023
0.271
0.288
0.271
0.239
0.615
0.23
0.073
0.135
0.585
0.79
0.554
0.731
0.47
0.266
0.762
0.37
0.28
0.079
0.83
0.304
0.189
0.501
0.796
0.875
0.686
0.744
0.958
0.65
0.605
0.445
0.772
0.684
0.969
0.586
0.891
0.924
0.505
0.525
0.503
0.871
0.192
0.777
0.907
0.607
0.829
0.908
0.722
0.472
0.453
0.364
0.544
0.985
0.761
0.817
0.793
0.968
0.741
0.831
0.103
0.548
0.445
0.591
0.246
0.185
0.097
0.1
0.813
0.524
0.787
0.693
0.376
0.914
0.522
0.906
0.521
0.71
0.828
0.154
0.591
0.969
0.807
0.735
0.333
0.041
0.541
0.871
0.677
0.233
0.388
0.002
0.492
0.956
0.661
0.313
0.932
0.473
0.277
0.771
0.295
0.535
0.072
0.01
0.14
0.762
0.684
0.376
0.301
0.951
0.964
0.272
0.906
0.448
0.481
0.816
0.521
0.152
0.967
0.956
0.905
0.483
0.23
0.221
0.885
0.879
0.344
0.313
0.265
0.784
0.313
0.449
0.222
0.661
0.946
0.346
0.702
0.311
0.373
0.347
0.178
0.825
0.083
0.846
0.642
0.263
0.087
0.878
0.679
0.666
0.585
0.219
0.639
0.952
0.037
0.29
0.44
0.403
0.049
0.494
0.444
0.037
0.447
0.862
0.009
0.13
0.057
0.375
0.957
0.92
0.02
0.831
0.637
0.241
0.57
0.138
0.689
0.764
0.639
0.859
0.12
0.565
0.043
0.56
0.641
0.639
0.849
0.287
0.469
0.922
0.235
0.583
0.541
0.133
0.83
0.293
0.046
0.429
0.182
0.917
0.373
0.175
0.056
0.668
0.427
0.466
0.509
0.525
0.558
0.804
0.949
0.364
0.997
0.222
0.461
0.995
0.614
0.333
0
0.967
0.696
0.403
0.202
0.325
0.412
0.255
0.122
0.396
0.91
0.674
0.213
0.842
0.573
0.338
0.202
0.269
0.145
0.617
0.306
0.841
0.755
0.809
0.471
0.228
0.917
0.605
0.313
0.163
0.03
0.717
0.418
0.727
0.686
0.955
0.423
0.413
0.705
0.215
0.443
0.866
0.876
0.51
0.872
0.532
0.767
0.695
0.985
0.126
0.453
0.015
0.732
0.027
0.282
0.269
0.384
0.6
0.176
0.586
0.978
0.862
0.208
0.324
0.647
0.235
0.416
0.093
0.743
0.616
0.673
0.801
0.767
0.875
0.965
0.817
0.958
0.804
0.263
0.304
0.896
0.434
0.662
0.684
0.44
0.381
0.885
0.787
0.691
0.402
0.914
0.599
0.064
0.123
0.119
0.189
0.073
0.286
0.608
0.856
0.807
0.734
0.194
0.809
0.001
0.274
0.355
0.447
0.674
0.523
0.872
0.816
0.438
0.192
0.596
0.713
0.874
0.376
0.062
0.253
0.021
0.516
0.278
0.519
0.757
0.088
0.046
0.477
0.853
0.187
0.752
0.555
0.983
0.445
0.256
0.026
0.837
0.578
0.037
0.719
0.196
0.521
0.859
0.494
0.977
0.09
0.797
0.775
0.348
0.161
0.046
0.088
0.317
0.893
0.789
0.59
0.107
0.12
0.458
0.97
0.679
0.89
0.302
0.337
0.867
0.599
0.303
0.021
0.085
0.22
0.948
0.747
0.83
0.932
0.494
0.745
0.827
0.446
0.991
0.704
0.353
0.969
0.366
0.109
0.368
0.412
0.905
0.874
0.251
0.803
0.033
0.743
0.35
0.466
0.412
0.139
0.966
0.89
0.88
0.304
0.802
0.881
0.93
0.48
0.688
0.406
0.269
0.252
0.757
0.294
0.363
0.943
0.655
0.915
0.912
0.307
0.215
0.247
0.088
0.425
0.013
0.714
0.633
0.086
0.574
0.367
0.717
0.42
0.107
0.467
0.013
0.093
0.286
0.482
0.527
0.972
0.679
0.826
0.795
0.308
0.1
0.668
0.053
0.144
0.517
0.08
0.946
0.453
0.781
0.297
0.036
0.662
0.431
0.668
0.866
0.962
0.954
0.716
0.043
0.123
0.567
0.306
0.48
0.943
0.959
0.175
0.409
0.99
0.338
0.632
0.43
0.984
0.885
0.417
0.552
0.049
0.435
0.995
0.663
0.032
0.446
0.12
0.303
0.052
0.834
0.37
0.139
0.262
0.414
0.91
0.758
0.746
0.794
0.885
0.154
0.252
0.559
0.047
0.105
0.548
0.804
0.045
0.287
0.834
0.306
0.703
0.07
0.337
0.866
0.884
0.872
0.937
0.686
0.286
0.897
0.885
0.614
0.543
0.986
0.359
0.389
0.264
0.237
0.326
0.915
0.84
0.053
0.478
0.448
0.926
0.994
0.25
0.698
0.493
0.921
0.71
0.599
0.956
0.822
0.312
0.22
0.448
0.556
0.574
0.382
0.992
0.896
0.876
0.215
0.4
0.192
0.127
0.256
0.172
0.86
0.793
0.483
0.099
0.513
0.568
0.76
0.678
0.192
0.734
0.107
0.57
0.359
0.487
0.145
0.051
