0.1
0.629
0.507
0.873
0.83
0.995
0.536
0.192
0.075
0.605
0.271
0.289
0.811
0.115
0.699
0.526
0.799
0.813
0.349
0.221
0.701
0.664
0.649
0.898
0.288
0.426
0.013
0.642
0.73
0.52
0.021
0.972
0.769
0.174
0.838
0.648
0.788
0.09
0.201
0.2
0.529
0.748
0.869
0.238
0.235
0.536
0.924
0.113
0.756
0.874
0.179
0.261
0.228
0.536
0.321
0.114
0.098
0.96
0.443
0.545
0.41
0.313
0.813
0.874
0.662
0.603
0.455
0.783
0.557
0.377
0.31
0.938
0.313
0.7
0.859
0.169
0.909
0.136
0.993
0.095
0.401
0.57
0.931
0.913
0.854
0.2
0.916
0.451
0.991
0.501
0.166
0.281
0.234
0.649
0.569
0.76
0.454
0.354
0.897
0.074
0.557
0.656
0.098
0.22
0.843
0
0.101
0.201
0.738
0.123
0.158
0.865
0.868
0.945
0.856
0.549
0.146
0.664
0.076
0.847
0.048
0.747
0.765
0.974
0
0.488
0.162
0.368
0.287
0.889
0.452
0.252
0.169
0.436
0.176
0.84
0.772
0.992
0.483
0.835
0.699
0.591
0.491
0.762
0.276
0.996
0.63
0.026
0.696
0.57
0.764
0.391
0.234
0.108
0.721
0.364
0.186
0.728
0.6
0.605
0.511
0.732
0.612
0.533
0.788
0.211
0.089
0.749
0.751
0.751
0.958
0.856
0.501
0.387
0.879
0.248
0.083
0.573
0.722
0.954
0.222
0.516
0.482
0.494
0.255
0.081
0.628
0.917
0.393
0.216
0.435
0.633
0.619
0.355
0.98
0.745
0.64
0.299
0.411
0.974
0.077
0.829
0.157
0.793
0.396
0.284
0.643
0.263
0.188
0.099
0.67
0.569
0.842
0.698
0.616
0.126
0.036
0.635
0.735
0.273
0.874
0.666
0.141
0.562
0.645
0.794
0.735
0.853
0.505
0.241
0.72
0.904
0
0.638
0.324
0.728
0.582
0.866
0.207
0.816
0.298
0.959
0.613
0.389
0.558
0.638
0.624
0.535
0.611
0.985
0.978
0.591
0.03
0.267
0.483
0.61
0.346
0
0.68
0.598
0.732
0.845
0.179
0.036
0.812
0.653
0.865
0.435
0.765
0.528
0.549
0.475
0.443
0.276
0.079
0.004
0.812
0.035
0.642
0.869
0.33
0.777
0.574
0.336
0.585
0.23
0.965
0.012
0.46
0.732
0.259
0.767
0.629
0.092
0.715
0.933
0.094
0.243
0.818
0.681
0.425
0.06
0.729
0.239
0.081
0.142
0.314
0.949
0.323
0.54
0.377
0.038
0.761
0.278
0.929
0.391
0.004
0.856
0.822
0.823
0.46
0.345
0.501
0.609
0.879
0.8
0.929
0.139
0.473
0.483
0.734
0.978
0.502
0.834
0.627
0.382
0.039
0.493
0.331
0.132
0.59
0.083
0.344
0.693
0.694
0.336
0.183
0.797
0.217
0.438
0.513
0.589
0.411
0.121
0.279
0.18
0.41
0.835
0.717
0.99
0.672
0.08
0.637
0.713
0.735
0.493
0.369
0.635
0.909
0.599
0.216
0.698
0.583
0.253
0.186
0.026
0.619
0.389
0.964
0.73
0.092
0.274
0.466
0.978
0.386
0.302
0.276
0.415
0.557
0.855
0.207
0.307
0.959
0.1
0.563
0.158
0.775
0.245
0.769
0.14
0.188
0.61
0.37
0.189
0.273
0.813
0.251
0.439
1.0
0.496
0.52
0.041
0.616
0.633
0.471
0.395
0.003
0.498
0.778
0.594
0.053
0.55
0.489
0.583
0.013
0.384
0.725
0.932
0.609
0.439
0.621
0.769
0.833
0.62
0.683
0.816
0.166
0.076
0.197
0.915
0.633
0.775
0.704
0.297
0.018
0.531
0.419
0.846
0.753
0.151
0.879
0.661
0.214
0.87
0.027
0.28
0.525
0.489
0.772
0.271
0.147
0.594
0.558
0.551
0.476
0.489
0.156
0.367
0.904
0.768
0.755
0.963
0.536
0.696
0.13
0.065
0.71
0.633
0.84
0.034
0.999
0.5
0.914
0.355
0.721
0.131
0.222
0.42
0.567
0.392
0.534
0.532
0.887
0.405
0.31
0.112
0.905
0.313
0.239
0.833
0.462
0.268
0.117
0.281
0.033
0.523
0.172
0.288
0.511
0.108
0.058
0.037
0.952
0.815
0.665
0.089
0.876
0.649
0.958
0.807
0.601
0.364
0.985
0.746
0.908
0.034
0.803
0.831
0.474
0.394
0.741
0.783
0.311
0.441
0.296
0.231
0.901
0.578
0.237
0.46
0.51
0.905
0.204
0.313
0.641
0.854
0.967
0.82
0.902
0.683
0.3
0.097
0.442
0.228
0.376
0.74
0.617
0.792
0.495
0.258
0.279
0.739
0.902
0.379
0.545
0.671
0.001
0.569
0.776
0.516
0.844
0.39
0.092
0.997
0.002
0.008
0.148
0.697
0
0.616
0.377
0.415
0.621
0.8
0.617
0.032
0.227
0.122
0.449
0.008
0.732
0.929
0.731
0.964
0.193
0.138
0.104
0.84
0.392
0.949
0.264
0.958
0.023
0.743
0.345
0.84
0.991
0.141
0.337
0.767
0.957
0.954
0.974
0.211
0.287
0.993
0.723
0.416
0.831
0.955
0.499
0.145
0.491
0.276
0.419
0.803
0.638
0.762
0.334
0.111
0.521
0.587
0.131
0.811
0.579
0.678
0.985
0.941
0.199
0.649
0.88
0.624
0.64
0.169
0.981
0.267
0.23
0.061
0.975
0.989
0.793
0.03
0.59
0.493
0.545
0.817
0.33
0.231
0.267
0.919
0.591
0.066
0.554
0.612
0.767
0.628
0.44
0.189
0.751
0.105
0.73
0.741
0.464
0.686
0.01
0.245
0.181
0.422
0.014
0.317
0
0.115
0.976
0.424
0.792
0.055
0.899
0.903
0.095
0.591
0.927
0.059
0.551
0.598
0.323
0.966
0.316
0.001
0.684
0.986
0.657
0.715
0.139
0.284
0.659
0.617
0.171
0.745
0.773
0.23
0.607
0.625
0.686
0.854
0.195
0.243
0.581
0.204
0.602
0.681
0.368
0.233
0.958
0.919
0.937
0.063
0.15
0.388
0.735
0.113
0.666
0.322
0.976
0.446
0.747
0.349
0.019
0.006
0.867
0.521
0.724
0.13
0.333
0.06
0.38
0.815
0.019
0.961
0.938
0.623
0.975
0.591
0.665
0.096
0.894
0.049
0.574
0.504
0.442
0.945
0.373
0.902
0.726
0.853
0.603
0.926
0.57
0.32
0.822
0.663
0.759
0.03
0.361
0.336
0.506
0.72
0.995
0.994
0.105
0.332
0.114
0.283
0.673
0.795
0.957
0.859
0.544
0.333
0.324
0.743
0.003
0.011
0.895
0.128
0.12
0.187
0.381
0.712
0.057
0.993
0.744
0.728
0.338
0.523
0.098
0.996
0.358
0.8
0.742
0.008
0.367
0.357
0.165
0.425
0.251
0.67
0.128
0.406
0.127
0.343
0.082
0.799
0.986
0.381
0.438
0.213
0.465
0.213
0.305
0.666
0.772
0.558
0.101
0.718
0.617
0.301
0.874
0.856
0.286
0.865
0.084
0.849
0.002
0.432
0.32
0.573
0.664
0.264
0.83
0.116
0.76
0.272
0.285
0.64
0.683
0.746
0.274
0.953
0.855
0.584
0.122
0.39
0.159
0.912
0.058
0.277
0.075
0.38
0.724
0.343
0.553
0.631
0.613
0.646
0.729
0.43
0.666
0.105
0.803
0.905
0.107
0.671
1.0
0.568
0.907
0.222
0.357
0.713
0.922
0.905
0.126
0.653
0.017
0.787
0.374
0.62
0.971
0.364
0.619
0.791
0.167
0.714
0.664
0
0.292
0.232
0.639
0.754
0.245
0.472
0.313
0
0.646
0.972
0.197
0.687
0.648
0.868
0.884
0.128
0.142
0.915
0.621
0.81
0.522
0.514
0.331
0.023
0.68
0.302
0.25
0.58
0.623
0.12
1.0
0.223
0.491
0.993
0.746
0.051
0.611
0.5
0.066
0.112
0.707
0.307
0.488
0.183
0.809
0.36
0.253
0.293
0.145
0.144
0.945
0.588
0.014
0.135
0.694
0.966
0.505
0.1
0.966
0.532
0.893
0.973
0.443
0.558
0.425
0.139
0.379
0.779
0.046
0.668
0.132
0.218
0.432
0.066
0.557
0.919
0.51
0.249
0.425
0.889
0.499
0.982
0.953
0.907
0.657
0.284
0.049
0.694
0.889
0.621
0.013
0.372
0.236
0.925
0.006
0.255
