0.028
0
0.148
0.036
0.913
0.455
0.665
0.318
0.1
0.113
0.209
0.919
0.397
0.833
0.409
0.545
0.285
0.62
0.391
0.88
0.573
0.184
0.966
0.303
0.911
0.184
0.363
0.546
0.633
0.705
0.968
0.531
0.562
0.572
0.978
0.624
0.339
0.53
0.376
0.886
0.206
0.054
0.079
0.434
0.914
0.224
0.563
0.851
0.966
0.395
0.39
0.987
0.875
0.596
0.273
0.156
0.662
0.503
0.117
0.675
0.381
0.805
0.544
0.784
0.708
0.701
0.823
0.893
0
0.75
0.384
0.278
0.979
0.879
0.403
0.494
0.201
0.723
0.443
0.842
0.637
0.032
0.555
0.05
0.129
0.061
0.314
0.142
0.16
0.728
0.94
0.221
0.368
0.19
0.422
0.291
0.297
0.033
0.306
0.886
0.617
0.782
0.35
0.54
0.209
0.311
0.751
0.683
0.581
0.542
0.924
0.598
0.561
0.43
0.622
0.33
0.073
0.849
0.292
0.358
0.586
0.045
0.905
0.423
0.958
0.1
0.291
0.248
0.618
0.072
0.142
0.227
0.156
0.107
0.638
0.193
0.29
0.447
0.454
0.476
0.591
0.338
0.189
0.507
0.657
0.636
0.784
0.014
0.494
0.673
0.477
0.794
0.401
0.742
0.725
0.169
0.977
0.636
0.714
0.992
0.222
0.182
0.546
0.666
0.534
0.322
0.488
0.322
0.082
0.552
0.537
0.954
0
0.012
0.443
0.881
0.097
0.725
0.708
0.354
0.794
0.694
0.208
0.921
0.327
0.532
0.214
0.514
0.258
0.115
0.664
0.518
0.952
0.941
0.17
0.007
0.366
0.66
0.78
0.453
0.474
0.922
0.438
0.43
0.287
0.763
0.238
0.826
0.869
0.243
0.759
0.409
0.334
0.387
0.216
0.572
0.183
0.648
0.194
0.516
0.638
0.828
0.536
0.719
0.955
0
0.409
0.095
0.856
0.047
0.945
0.601
0.155
0.836
0.982
0.865
0.155
0.593
0.393
0.033
0.025
0.595
0.893
0.231
0.606
0.611
0.863
0.355
0.495
0.533
0.262
0.771
0.118
0.805
0.824
0.284
0.517
0.448
0.691
0.122
0.289
0.119
0.589
0.311
0.168
0.052
0.987
0.562
0.575
0.897
0.682
0.65
0.45
0.179
0.061
0.798
1.0
0.424
0.993
0.12
0.335
0.205
0.121
0.678
0.799
0.631
0.482
0.99
0.219
0.537
0.314
0.094
0.485
0.703
0.025
0.945
0.466
0.796
0.722
0.215
0.769
0.734
0.577
0.534
0.441
0.057
0.457
0.974
0.885
0.542
0.306
0.433
0.772
0.589
0.016
0.225
0.984
0.879
0.166
0.326
0.003
0.453
0.091
0.407
0.246
0.621
0.652
0.401
0.772
0.92
0.9
0.896
0.482
0.218
0.453
0.179
0.142
0.507
0.376
0.256
0.363
0.486
0.258
0.572
0.743
0.78
0.164
0.059
0.347
0.869
0.872
0.115
0.666
0.699
0.493
0.282
0.609
0.509
0.439
0.632
0.841
0.117
0.041
0.463
0.69
0.171
0.979
0.202
0.414
0.712
0.437
0.015
0.888
0.71
0.255
0.504
0.688
0.844
0.672
0.436
0.035
0.064
0.046
0.782
0.892
0.906
0.399
0.151
0.665
0.633
0.739
0.743
0.889
0.507
0.892
0.66
0.788
0.677
0.012
0.526
0.17
0.889
0.864
0.081
0.51
0.934
0.612
0.272
0.069
0.117
0.217
0
0.086
0.552
0.416
0.373
0.017
0.485
0.528
0.478
0.599
0.604
0.317
0.295
0.865
0.127
0.298
0.908
0.712
0.915
0.619
0.682
0.787
0.627
0.388
0.41
0.458
0.47
0.106
0.257
0.693
0.986
0.511
0.262
0.935
0.994
0.759
0.206
0.948
0.742
0.5
0.923
0.818
0.011
0.542
0.17
0.092
0.074
0.54
0.205
0.659
0.63
0.796
0.799
0.651
0.446
0.848
0.201
0.071
0.156
0.245
0.229
0.451
0.207
0.58
0.509
0.331
0.908
0.023
0.737
0.577
0.32
0.083
0.506
0.949
0.803
0.202
0.604
0.356
0.724
0.437
0.849
0.301
0.802
0.139
0.861
0.139
0.354
0.141
0.485
0.878
0.037
0.097
0.668
0.043
0.356
0.904
0.008
0.16
0.829
0.518
0.86
0.1
0.926
0.376
0.831
0.36
0.101
0.488
0.584
0.727
0.589
0.82
0.894
0.209
0.358
0.063
0.969
0.601
0.258
0.753
0.265
0.235
0.631
0.584
0.47
0.552
0.695
0.463
0.641
0.858
0.482
0.577
0.416
0.515
0.699
0.071
0.216
0.535
0.903
0.878
0.592
0.133
0.644
0.893
0.638
0.444
0.256
0.28
0.341
0.49
0.174
0.142
0.584
0.213
0.254
0.148
0.177
0.634
0.34
0.946
0.751
0.42
0.87
0.099
0.974
0.407
0.309
0.043
0.505
0.52
0.325
0.442
0.121
0.133
0.126
0.294
0.13
0.76
0.198
0.164
0.409
0.795
0.634
0.223
0.581
0.13
0.186
0.277
0.111
0.637
0.035
0.455
0.846
0
0.087
0.249
0.545
0.063
0.012
0.866
0.81
0.275
0.341
0.621
0.785
0.252
0.147
0.795
0.626
0.505
0.791
0.126
0.372
0.996
0.927
0.022
0.668
0.02
0.408
0.267
0.311
0.943
0.657
0.862
0.935
0.131
0.926
0.523
0.96
0.78
0.651
0.041
0.34
0.581
0.575
0.573
0.896
0.49
0.037
0.18
0.177
0.993
0.06
0.837
0.284
0.435
0.328
0.103
0.136
0.589
0.399
0.316
0.222
0.726
0.469
0.783
0.62
0.408
0
0.462
0.41
0.573
0.781
0.202
0.439
0.968
0.482
0.658
0.091
0.74
0.762
0.214
0.348
0.217
0.844
0.004
0.659
0.426
0.441
0.231
0.537
0.791
0.31
0.048
0.054
0.059
0.183
0.826
0.991
0.292
0.402
0.743
0.328
0.378
0.406
0.688
0.733
0.157
0.296
0.628
0.531
0.911
0.748
0.909
0.505
0.293
0.983
0.519
0.681
0.982
0.887
0.353
0.474
0.358
0.066
0.679
0.704
0.422
0.988
0.085
0.525
0.127
0.922
0.663
0.619
0.258
0.314
0.599
0.475
0.801
0.315
0.843
0.425
0.322
0.379
0.072
0.501
0.33
0.763
0.743
0.291
0.805
0.533
0.858
0.494
0.296
0.22
0.795
0.148
0.127
0
0.327
0.796
0.623
0.819
0.096
0.492
0.893
0.569
0.15
0.555
0.094
0.395
0.276
0.297
0.253
0.391
0.487
0.636
0.496
0.846
0.585
0.392
0.674
0.176
0.778
0.473
0.721
0
0.444
0.272
0.078
0.126
0.416
0.11
0.938
0.133
0.761
0.393
0.586
0.59
0.721
0.135
0.154
0.466
0.338
0.905
0.868
0.256
0.883
0.244
0.799
0.779
0.057
0.591
0.89
0.78
0.796
0.861
0.825
0.112
0.084
0.465
0.698
0.781
0.897
0.455
0.037
0.229
0.834
0.939
0.941
0.661
0.277
0.555
0.799
0.528
0.221
0.043
0.367
0.953
0.346
0.653
0.707
0.902
0.541
0.128
0.837
0.292
0.805
0.096
0.846
0.175
0.844
0.236
0.642
0.409
0.016
0.351
0.366
0.688
0.641
0.048
0.026
0.798
0.636
0.579
0.51
0.77
0.091
0.985
0.614
0.96
0.033
0.223
0.251
0.991
0.964
0.187
0.056
0.355
0.534
0.18
0.059
0.979
0.653
0.393
0.572
0.557
0.814
0.927
0.261
0.433
0.845
0.507
0.125
0.59
0.229
0.508
0.952
0.125
0.257
0.396
0.42
0.63
0.407
0.788
0.475
0.181
0.631
0.525
0.204
0.516
0.503
0.105
0.226
0.899
0.05
0.93
0.556
0.067
0.857
0.269
0.96
0.269
0.997
0.429
0.525
0.615
0.502
0.619
0.63
0.451
0.679
0.994
0.176
0.448
0.742
0.615
0.351
0.8
0.637
0.097
0.034
0.746
0.483
0.179
0.322
0.428
0.547
0.312
0.181
0.075
0.806
0.257
0.854
0.554
0.391
0.393
0.993
0.756
0.859
0.394
0.089
0.03
0.705
0.886
0.203
0.596
0.765
0.59
0.76
0.335
0.048
0.769
0.285
0.533
0.149
0.116
0.45
0.301
0.33
0.13
0.145
0.686
0.05
0.229
0.917
0.908
0.29
0.498
0.297
0.415
0.484
0.69
0.562
0.233
0.553
0.827
