0.001
0.425
0.702
0.929
0.341
0.823
0.452
0.109
0.722
0.742
0.122
0.904
0.704
0.374
0.263
0.948
0.454
0.099
0.297
0.662
0.879
0.457
0.365
0.418
0.675
0.706
0.734
0.255
0.807
0.644
0.982
0.899
0.129
0.763
0.471
0.84
0.824
0.576
0.405
0.231
0.093
0.556
0.633
0.394
0.182
0.385
0.013
0.026
0.331
0.761
0.102
0.687
0.053
0.9
0.984
0.093
0.868
0.659
0.573
0.506
0.703
0.552
0.242
0.98
0.477
0.837
0.058
0.966
0.304
0.689
0.021
0.518
0.514
0.21
0.16
0.178
0.783
0.728
0.254
0.021
0.814
0.309
0.607
0.993
0.082
0.641
0.756
0.768
0.022
0.844
0.328
0.14
0.038
0.455
0.988
0.548
0.936
0.226
0.463
0.66
0.378
0.632
0.628
0.531
0.176
0.731
0.703
0.372
0.126
0.043
0.038
0.192
0.909
0.207
0.342
0.544
0.143
0.99
0.214
0.436
0.278
0.34
0.863
0.059
0.08
0.388
0.38
0.326
0.023
0.392
0.793
0.646
0.648
0.853
0.791
0.41
0.106
0.22
0.976
0.169
0.486
0.135
0.583
0.476
0.28
0.612
0.814
0.49
0.178
0.704
0.946
0.24
0.629
0.431
0.624
0.886
0.587
0.365
0.979
0.576
0.842
0.351
0.708
0.905
0.518
0.515
0.556
0.927
0.512
0.004
0.197
0.885
0.783
0.858
0.338
0.986
0.81
0.836
0.396
0.725
0.028
0.669
0.605
0.169
0.136
0.054
0.929
0.398
0.888
0.036
0.63
0.858
0.121
0.349
0.997
0.8
0.881
0.892
0.072
0.018
0.293
0.921
0.364
0.161
0.674
0.217
0.508
0.856
0.308
0.135
0.317
0.166
0.23
0.255
0.296
0.877
0.363
0.995
0.202
0.221
0.051
0.504
0.428
0.687
0.849
0.963
0.265
0.044
0.722
0.717
0.91
0.751
0.683
0.088
0.131
0.112
0.324
0.79
0.852
0.195
0.632
0.396
0.399
0.266
0.806
0.125
0.108
0.905
0.504
0.392
0.35
0.877
0.979
0.14
0.566
0.643
0.036
0.28
0.58
0.204
0.3
0.891
0.859
0.592
0.365
0.017
0.964
0.21
0.698
0.082
0.006
0.083
0.647
0.858
0.821
0.292
0.148
0.977
0.325
0.696
0.343
0.429
0.824
0.627
0.609
0.048
0.108
0.499
0.496
0.129
0.481
0.618
0.51
0.393
0.34
0.564
0.621
0.908
0.28
0.779
0.992
0.06
0.196
0.471
0.551
0.947
0.547
0.228
0.73
0.289
0.766
0.644
0.062
0.418
0.818
0.766
0.495
0.943
0.309
0.016
0.918
0.912
0.091
0.926
0.3
0.975
0.265
0.3
0.72
0.178
0.041
0.232
0.636
0.731
0.692
0.536
0.882
0.191
0.159
0.896
0.436
0.619
0.109
0.521
0.508
0.359
0.579
0.247
0.179
0.883
0.945
0.182
0.738
0.074
0.484
0.589
0.573
0.686
0.974
0.321
0.715
0.524
0.095
0.782
0.978
0.879
0.168
0.01
0.022
0.581
0.048
0.181
0.013
0.057
0.219
0.818
0.466
0.932
0.553
0.374
0.217
0.099
0.826
0.343
0.914
0.597
0.72
0.589
0.433
0.249
0.192
0.778
1.0
0.779
0.534
0.478
0.709
0.787
0.136
0.723
0.795
0.502
0.439
0.612
0.033
0.652
0.111
0.175
0.564
0.807
0.215
0.812
0.414
0.691
0.687
0.807
0.516
0.39
0.827
0.123
0.944
0.494
0.36
0.423
0.275
0.788
0.525
0.569
0.186
0.386
0.593
0.708
0.49
0.568
0.436
0.179
0.399
0.364
0.065
0.427
0.208
0.77
0.743
0.596
0.721
0.573
0.861
0.658
0.531
0.118
0.18
0.395
0.269
0.754
0.937
0.971
0.777
0.322
0.797
0.695
0.003
0.734
0.204
0.79
0.058
0.471
0.382
0.378
0.737
0.838
0.428
0.914
0.413
0.201
0.787
0.405
0.634
0.311
0.073
0.736
0.536
0.811
0.851
0.285
0.373
0.307
0.317
0.45
0.901
0.679
0.257
0.357
0.591
0.329
0.171
0.737
0.36
0.573
0.891
0.857
0.7
0.713
0.327
0.088
0.031
0.171
0.975
0.424
0.942
0.823
0.019
0.83
0.554
0.175
0.717
0.785
0.129
0.191
0.511
0.297
0.098
0.528
0.947
0.056
0.779
0.205
0.38
0.668
0.364
0.466
0.881
0.535
0.138
0.165
0.927
0.878
0.764
0.266
0.046
0.855
0.313
0.06
0.809
0.178
0.99
0.987
0.511
0.605
0.59
0.402
0.682
0.999
0.153
0.433
0.291
0.475
0.854
0.791
0.514
0.525
0.288
0.019
0.312
0.492
0.117
0.023
0.735
0.73
0.969
0.2
0.28
0.94
0.417
0.435
0.767
0.834
0.617
0.245
0.474
0.313
0.607
0.937
0.687
0.358
0.502
0.544
0.118
0.362
0.56
0.262
0.189
0.959
0.728
0.002
0.149
0.869
0.737
0.154
0.778
0.141
0.844
0.297
0.342
0.716
0.768
0.44
0.104
0.711
0.444
0.639
0.765
0.076
0.409
0.367
0.743
0.139
0.709
0.1
0.26
0.243
0.294
0.688
0.504
0.792
0.54
0.792
0.422
0.275
0.402
0.157
0.605
0.959
0.141
0.858
0.73
0.298
0.084
0.554
0.57
0.755
0.046
0.161
0.975
0.009
0.569
0.03
0.451
0.248
0.384
0.86
0.347
0.726
0.381
0.679
0.319
0.095
0.586
0.96
0.412
0.842
0.447
0.256
0.957
0.137
0.301
0.239
0.979
0.361
0.123
0.694
0.045
0.56
0.462
0.801
0.895
0.45
0.558
0.66
0.633
0.445
0.223
0.118
0.191
0.778
0.956
0.096
0.579
0.745
0.459
0.618
0.305
0.269
0.45
0.828
0.586
0.95
0.351
0.347
0.484
0.897
0.072
0.756
0.754
0.014
0.725
0.9
0.079
0.886
0.167
0.495
0.466
0.206
0.541
0.517
0.384
0.658
0.981
0.098
0.198
0.086
0.509
0.621
0.929
0.894
0.791
0.531
0.558
0.261
0.998
0.236
0.363
0.669
0.046
0.47
0.168
0.584
0.889
0.08
0.913
0.577
0.82
0.507
0.256
0.969
0.489
0.505
0.364
0.95
0.758
0.798
0.716
0.768
0.555
0.573
0.465
0.354
0.33
0.555
0.793
0.252
0.963
0.793
0.485
0.293
0.883
0.034
0.914
0.004
0.449
0.442
0.238
0.43
0.706
0.429
0.986
0.454
0.594
0.256
0.337
0.63
0.887
0.275
0.263
0.583
0.229
0.533
0.455
0.081
0.772
0.34
0.596
0.186
0.515
0.912
0.979
0.473
0.246
0.645
0.927
0.915
0.713
0.583
0.808
0.539
0.52
0.866
0.485
0.843
0.545
0.073
0.189
0.7
0.161
0.56
0.636
0.599
0.59
0.163
0.488
0.984
0.616
0.46
0.985
0.489
0.179
0.719
0.651
0.493
0.238
0.974
0.181
0.118
0.621
0.206
0.49
0.24
0.534
0.045
0.91
0.342
0.413
0.533
0.674
0.564
0.127
0.877
0.966
0.999
0.323
0.46
0.525
0.502
0.977
0.57
0.447
0.471
0.721
0.212
0.976
0.518
0.046
0.469
0.128
0.834
0.449
0.794
0.653
0.57
0.921
0.787
0.275
0.516
0.009
0.826
0.651
0.098
0.162
0.028
0.299
0.107
0.67
0.896
0.471
0.251
0.979
0.47
0.933
0.808
0.897
0.165
0.054
0.696
0.385
0.264
0.243
0.434
0.986
0.02
0.464
0.616
0.084
0.133
0.714
0.944
0.841
0.02
0.94
0.763
0.831
0.584
0.847
0.717
0.354
0.553
0.921
0.372
0.872
0.589
0.185
0.308
0.631
0.947
0.783
0.565
0.718
0.08
0.048
0.549
0.846
0.726
0.191
0.504
0.552
0.868
0.907
0.515
0.074
0.126
0.823
0.773
0.186
0.503
0.503
0.741
0.473
0.911
0.005
0.191
0.702
0.811
0.78
0.881
0.746
0.618
0.985
0.881
0.707
0.987
0.425
0.184
0.688
0.276
0.986
0.291
0.096
0.991
0.675
0.502
0.739
0.835
0.833
0.539
0.688
0.897
0.669
0.166
0.9
0.792
0.86
0.076
0.389
0.073
0.457
0.379
0.682
0.783
0.425
0.113
0.89
0.229
0.652
0.68
0.803
0.105
0.35
0.634
0.199
0.227
0.832
0.703
