0.012
0.704
0.952
0.73
0.477
0.164
0.742
0.987
0.768
0.546
0.966
0.608
0.085
0.299
0.254
0.884
0.948
0.352
0.895
0.282
0.793
0.858
0.464
0.099
0.51
0.439
0.415
0.118
0.109
0.835
0.498
0.048
0.47
0.556
0.976
0.288
0.719
0.969
0.449
0.876
0.453
0.361
0.946
0.712
0.926
0.175
0.336
0.283
0.62
0.447
0.483
0.673
0.638
0.676
0.117
0.023
0.524
0.181
0.512
0.992
0.86
0.306
0.46
0.79
0.733
0.712
0.83
0.942
0.871
0.5
0.474
0.101
0.301
0.774
0.669
0.171
0.976
0.212
0.645
0.163
0.999
0.032
0.688
0.274
0.142
0.71
0.47
0.913
0.337
0.241
0.342
0.463
0.97
0.847
0.312
0.638
0.477
0.251
0.882
0.545
0.266
0.524
0.889
0.578
0.898
0.048
0.116
0.776
0.188
0.359
0.809
0.197
0.679
0.171
0.055
0.848
0.982
0.833
0.511
0.843
0.807
0.384
0.494
0.688
0.414
0.81
0.05
0.482
0.109
0.685
0.323
0.826
0.707
0.15
0.164
0.207
0.328
0.552
0.13
0.414
0.892
0.041
0.979
0.099
0.006
0
0.969
0.483
0.511
0.022
0.595
0.4
0.496
0.242
0.77
0.734
0.703
0.48
0.708
0.598
0.628
0.099
0.734
0.234
0.59
0.589
0.955
0.675
0.157
0.613
0.646
0.855
0.452
0.485
0.295
0.722
0.356
0.998
0.074
0.386
0.306
0.197
0.138
0.13
0.612
0.808
0.071
0.179
0.32
0.328
0.493
0.732
0.866
0.532
0.941
0.705
0.454
0.201
0.308
0.698
0.116
0.228
0.624
0.893
0.936
0.215
0.74
0.172
0.513
0.323
0.494
0.186
0.095
0.801
0.658
0.811
0.292
0.71
0.687
0.316
0.736
0.849
0.51
0.133
0.641
0.559
0.155
0.871
0.814
0.081
0.87
0.166
0.436
0.879
0.797
0.277
0.876
0.575
0.596
0.247
0.497
0.561
0.33
0.039
0.193
0.564
0.889
0.221
0.223
0.887
0.879
0.268
0.357
0.631
0.425
0.93
0.234
0.001
0.74
0.031
0.146
0.394
0.666
0.039
0.882
0.624
0.396
0.247
0.457
0.615
0.274
0.297
0.224
0.546
0.536
0.617
0.028
0.576
0.574
0.243
0.835
0.171
0.605
0.094
0.728
0.603
0.953
0.489
0.17
0.814
0.038
0.492
0.761
0.442
0.572
0.335
0.633
0.695
0.982
0.637
0.857
0.524
0.801
0.739
0.4
0.934
0.849
0.83
0.004
0.436
0.547
0.928
0.374
0.77
0.626
0.99
0.808
0.593
0.909
0.773
0.965
0.446
0.082
0.839
0.288
0.452
0.111
0.94
0.021
0.231
0.147
0.387
0.438
0.302
0.683
0.376
0.856
0.634
0.81
1.0
0.695
0.115
0.182
0.171
0.781
0.517
0.179
0.559
0.618
0.228
0.679
0.543
0.753
0.974
0.196
0.065
0.974
0.919
0.012
0.809
0.435
0.722
0.489
0.298
0.141
0.024
0.114
0.657
0.336
0.01
0.2
0.691
0.128
0.976
0.999
0.004
0.729
0.544
0.914
0.211
0.469
0.19
0.195
0.923
0.195
0.277
0.955
0.305
0.644
0.135
0.008
0.93
0.745
0.031
0.763
0.763
0.441
0.092
0.234
0.111
0.94
0.579
0.934
0.846
0.736
0.779
0.297
0.364
0.072
0.397
0.605
0.896
0.946
0.362
0.357
0.89
0.551
0.11
0.534
0.834
0.043
0.043
0.467
0.073
0.481
0.177
0.691
0.799
0.855
0.604
0.131
0.221
0.48
0.808
0.838
0.668
0.875
0.313
0.2
0.62
0.805
0.092
0.344
0.713
0.915
0.319
0.737
0.407
0.807
0.579
0.653
0.506
0.887
0.418
0.683
0.721
0.891
0.867
0.985
0.625
0.666
0.925
0.493
0.179
0.889
0.037
0.871
0.713
0.178
0.814
0.107
0.354
0.486
0.089
0.799
0.959
0.558
0.7
0.235
0.234
0.361
0.551
0.514
0.628
0.925
0.516
0.345
0.428
0.309
0.933
0.006
0.076
0.46
0.856
0.393
0.22
0.524
0.112
0.162
0.105
0.194
0.109
0.665
0.508
0.038
0.413
0.328
0.755
0.2
0.174
0.52
0.805
0.896
0.838
0.765
0.796
0.065
0.651
0.315
0.036
0.213
0.21
0.045
0.293
0.047
0.755
0.891
0.167
0.015
0.741
0.883
0.326
0.171
0.887
0.776
0.727
0.272
0.269
0.006
0.595
0.4
0.923
0.541
0.63
0.373
0.91
0.124
0.851
0.781
0.927
0.693
0.681
0.61
0.571
0.848
0.779
0.665
0.51
0.703
0.621
0.045
0.567
0.809
0.324
0.329
0.32
0.867
0.652
0.718
0.937
0.161
0.795
0.692
0.602
0.184
0.226
0.183
0.226
0.637
0.728
0.234
0.016
0.296
0.146
0.791
0.506
0.938
0.378
0.265
0.518
0.938
0.45
0.174
0.985
0.414
0.238
0.423
0.038
0.533
0.852
0.883
0.013
0.473
0.418
0.491
0.973
0.54
0.69
0.023
0.099
0.829
0.896
0.885
0.224
0.203
0.719
0.509
0.199
0.972
0.844
0.583
0.812
0.32
0.777
0.769
0.876
0
0.698
0.66
0.478
0.673
0.891
0.65
0.087
0.904
0.029
0.821
0.955
0.477
0.62
0.957
0.016
0.598
0.949
0.87
0.059
0.531
0.81
0.291
0.584
0.487
0.31
0.029
0.483
0.332
0.825
0.651
0.36
0.308
0.705
0.499
0.748
0.588
0.653
0.01
0.271
0.261
0.856
0.181
0.028
0.797
0.652
0.923
0.059
0.022
0.666
0.124
0.512
0.699
0.235
0.387
0.028
0.036
0.757
0.996
0.465
0.913
0.344
0.38
0.835
0.147
0.94
0.964
0.38
0.415
0.176
0.053
0.887
0.386
0.428
0.294
0.799
0.319
0.736
0.114
0.744
0.688
0.28
0.739
0.218
0.674
0.842
0.765
0.482
0.499
0.217
0.31
0.917
0.5
0.74
0.621
0.333
0.682
0.43
0.448
0.86
0.58
0.402
0.956
0.129
0.215
0.392
0.232
0.663
0.012
0.148
0.33
0.073
0.525
0.786
0.164
0.346
0.94
0.672
0.647
0.002
0.904
0.365
0.384
0.317
0.323
0.128
0.752
0.537
0.07
0.245
0.469
0.758
0.573
0.875
0.263
0.273
0.324
0.554
0.193
0.489
0.782
0.021
0.886
0.656
0.606
0.152
0.645
0.736
0.19
0.991
0.974
0.602
0.697
0.861
0.658
0.669
0.951
0.477
0.227
0.889
0.59
0.961
0.113
0.758
0.575
0.905
0.325
0.156
0.971
0.602
0.382
0.107
0.152
0.631
0.36
0.762
0.569
0.381
0.472
0.24
0.859
0.435
0.725
0.382
0.359
0.583
0.976
0.009
0.807
0.816
0.228
0.074
0.556
0.52
0.039
0.587
0.844
0.692
0.923
0.924
0.579
0.767
0.094
0.475
0.163
0.605
0.448
0.416
0.359
0.973
0.218
0.305
0.142
0.47
0.872
0.287
0.04
0.51
0.71
0.346
0.953
0.667
0.522
0.811
1.0
0.021
0.058
0.418
0.698
0.33
0.795
0.391
0.881
0.129
0.799
0.982
0.378
0.083
0.195
0.798
0.006
0.238
0.847
0.43
0.543
0.628
0.799
0.791
0.985
0.638
0.923
0.844
0.643
0.329
0.588
0.831
0.28
0.503
0.061
0.645
0.772
0.046
0.352
0.426
0.725
0.086
0.23
0.087
0.109
0.767
0.228
0.415
0.831
0.216
0.007
0.486
0.414
0.091
0.205
0.129
0.11
0.808
0.745
0.733
0.936
0.601
0.512
0.994
0.867
0.587
0.413
0.523
0.351
0.554
0.047
0.657
0.728
0.878
0.95
0.917
0.515
0.967
0.321
0.204
0.705
0.87
0.165
0.508
0.501
0.353
0.006
0.18
0.913
0.594
0.952
0.472
0.363
0.011
0.071
0.781
0.335
0.348
0.926
0.408
0.031
0.836
0.735
0.282
0.361
0.621
0.429
0.893
0.834
0.235
0.558
0.605
0.428
0.173
0.033
0.766
0.799
0.041
0.555
0.389
0.508
0.488
0.285
0.346
0.106
0.982
0.813
0.651
0.488
0.281
0.775
0.372
0.499
0.764
0.555
0.303
0.529
0.873
0.849
0.493
0.461
0.315
0.335
0.335
0.48
0.141
0.328
0.872
0.359
0.31
