0.23
0.239
0.18
0.87
0.786
0.75
0.396
0.06
0.546
0.575
0.658
0.971
0.047
0.835
0.851
0.678
0.854
0.487
0.46
0.108
0.615
0.796
0.824
0.204
0.02
0.798
0.295
0.938
0.347
0.929
0.112
0.967
0.705
0.979
0.608
0.015
0.797
0.197
0.293
0.695
0.933
0.295
0.361
0.969
0.701
0.695
0.402
0.741
0.144
0.774
0.485
0.625
0.139
0.482
0.02
0.253
0.097
0.297
0.851
0.974
0.024
0.941
0.75
0.24
0.999
0.406
0.11
0.883
0.582
0.963
0.536
0.865
0.875
0.18
0.979
0.458
0.133
0.084
0.578
0.742
0.588
0.48
0.382
0.294
0.903
0.995
0.47
0.111
0.907
0.023
0.066
0.473
0.269
0.096
0.411
0.854
0.151
0.714
0.763
0.363
0.067
0.348
0.623
0.773
0.239
0.893
0.538
0.663
0
0.488
0.235
0.486
0.546
0.8
0.306
0.974
0.35
0.862
0.91
0.38
0.197
0.683
0.649
0.565
0.86
0.921
0.984
0.2
0.629
0.896
0.658
0.825
0.295
0.169
0.33
0.625
0.943
0.456
0.69
0.142
0.41
0.076
0.436
0.599
0.48
0.718
0.092
0.146
0.974
0
0.542
0.58
0.238
0.794
0.747
0.658
0.212
0.602
0.138
0.907
0.368
0.626
0.428
0.723
0.081
0.418
0.875
0.205
0.762
0.132
0.394
0.689
0.757
0.451
0.371
0.285
0.031
0.49
0.499
0.203
0.213
0.682
0.999
0.319
0.658
0.822
0.229
0.056
0.119
0.293
0.914
0.405
0.771
0.89
0.667
0.328
0.874
0.14
0.147
0.333
0.999
0.68
0.282
0.913
0.832
0.503
0.558
0.236
0.088
0.017
0
0.427
0.253
0.668
0.437
0.29
0.648
0.443
0.775
0.203
0.252
0.602
0.473
0.679
0.956
0.258
0.72
0.981
0.668
0.821
0.034
0.493
0.028
0.229
0.39
0.337
0.437
0.561
0.854
0.221
0.736
0.964
0.381
0.365
0.963
0.805
0.78
0.293
0.337
0.562
0.037
0.422
0.713
0.011
0.826
0.872
0.933
0.111
0.472
0.109
0.167
0.476
0.923
0.48
0.046
0.031
0.757
0.678
0.445
0.507
0.223
0.098
0.717
0.945
0.283
0.415
0.373
0.751
0.73
0.007
0.751
0.183
0.671
0.036
0.103
0.87
0.417
0.997
0.963
0.754
0.802
0.112
0.862
0.379
0.58
0.012
0.773
0.352
0.721
0.75
0.735
0.721
0.345
0.912
0.491
0.012
0.282
0.244
0.657
0.336
0.63
0.543
0.413
0.336
0.665
0.202
0.348
0.616
0.22
0.042
0.519
0.565
0.498
0.096
0.826
0.154
0.836
0.477
0.015
0.452
0.964
0.71
0.378
0.099
0.013
0.358
0.494
0.853
0.849
0.445
0.731
0.204
0.653
0.76
0.515
0.173
0.178
0.787
0.376
0.636
0.571
0
0.696
0.817
0.925
0.001
0.022
0.051
0.384
0.398
0.145
0.2
0.243
0.469
0.185
0.412
0.122
0.75
0.292
0.925
0.306
0.667
0.965
0.976
0.456
0.952
0.072
0.233
0.042
0.685
0.185
0.901
0.329
0.615
0.189
0.358
0.899
0.551
0.41
0.888
0.151
0.282
0.275
0.467
0.458
0.396
0.749
0.176
0.843
0.957
0.372
0.741
0.942
0.033
0.698
0.174
0.919
0.857
0.609
0.236
0.545
0.759
0.305
0.769
0.902
0.99
0.227
0.804
0.964
0.953
0.199
0.781
0.656
0.152
0.632
0.79
0.722
0.324
0.173
0.725
0.78
0.646
0.306
0.151
0.102
0.823
0.295
0.532
0.583
0.779
0.898
0.41
0.375
0.071
0.45
0.662
0.447
0.735
0.375
0.025
0.166
0.515
0.159
0.346
0.043
0.741
0.852
0.791
0.216
0.135
0.276
0.785
0.662
0.909
0.298
0.368
0.607
0.498
0.848
0.199
0.673
0.455
0.578
0.996
0.852
0.494
0.784
0.435
0.251
0.696
0.541
0.189
0.675
0.513
0.803
0.235
0.15
0.925
0.998
0.888
0.125
0.114
0.271
0.019
0.826
0.984
0.799
0.83
0.291
0.614
0.157
0.353
0.689
0.202
0.737
0.276
0.794
0.652
0.202
0.178
0.666
0.747
0.132
0.678
0.462
0.229
0.893
0.952
0.402
0.714
0.132
0.181
0.24
0.437
0.827
0.47
0.651
0.492
0.855
0.197
0.025
0.2
0.598
0.264
0.553
0.159
0.781
0.723
0.319
0.817
0.318
0.036
0.555
0.714
0.655
0.883
0.944
0.598
0.552
0.401
0.234
0.559
0.053
0.236
0.246
0.735
0.086
0.562
0.97
0.416
0.541
0.977
0.889
0.987
0.615
0.837
0.088
0.374
0.426
0.036
0.487
0.359
0.94
0.506
0.482
0.856
0.366
0.525
0.088
0.482
0.141
0.026
0.933
0.868
0.681
0.191
0.136
0.34
0.183
0.692
0.256
0.74
0.512
0.872
0.645
0.169
0.336
0.427
0.09
0.981
0.554
0.306
0.005
0.83
0.721
0.882
0.772
0.212
0.413
0.646
0.699
0.579
0.922
0.285
0.279
0.227
0.54
0.74
0.67
0.902
0.178
0.702
0.547
0.747
0.458
0.388
0.96
0.012
0.459
0.381
0.036
0.138
0.299
0.489
0.71
0.535
0.874
0.024
0.284
0.39
0.768
0.693
0.853
0.646
0.461
0.626
0.851
0.678
0.352
0.532
0.869
0.795
0.107
0.83
0.795
0.63
0.855
0.783
0.196
0.421
0.863
0.156
0.819
0.215
0.122
0.761
0.793
0.85
0.22
0.624
0.27
0.336
0.777
0.626
0.892
0.627
0.796
0.511
0.931
0.961
0.379
0.249
0.437
0.794
0.154
0.9
0.998
0.849
0.837
0.661
0.039
0.392
0.625
0.055
0.754
0.443
0.491
0.987
0.889
0.591
0.389
0.979
0.203
0.604
0.187
0.202
0.27
0.606
0.769
0.343
0.816
0.614
0.828
0.376
0.625
0.265
0.204
0.265
0.322
0.238
0.168
0.173
0.784
0.111
0.593
0.86
0.203
0.804
0.487
0.732
0.023
0.67
0.722
0.13
0
0.496
0.103
0.022
0.367
0.115
0.048
0.834
0.094
0.279
0.615
0.017
0.598
0.167
0.604
0.074
0.337
0.839
0.554
0.067
0.091
0.307
0.475
0.658
0.936
0.353
0.903
0.538
0.679
0.02
0.553
0.955
0.545
0.823
0.693
0.585
0.652
0.792
0.739
0.051
0.04
0.371
0.462
0.813
0.406
0.914
0.496
0.082
0.771
0.969
0.144
0.759
0.29
0.196
0.289
0.587
0.399
0.947
0.645
0.81
0.086
0.256
0.667
0.63
0.806
0.677
0.588
0.15
0.858
0.531
0.191
0.482
0.802
0.406
0.113
0.002
0.559
0.776
0.617
0.203
0.431
0.5
0.652
0.959
0.693
0.137
0.817
0.758
0.638
0.308
0.529
0.572
0.812
0.403
0.003
0.692
0.57
0.161
0.148
0.911
0.935
0.14
0.215
0.204
0.462
0.927
0.134
0.354
0.832
0.572
0.311
0.334
0.425
0.411
0.939
0.97
0.635
0.955
0.307
0.709
0.301
0.451
0.204
0.792
0.551
0.888
0.688
0.914
0.652
0.712
0.702
0.185
0.968
0.258
0.15
0.827
0.725
0.575
0.231
0.877
0.693
0.617
0.604
0.007
0.165
0.77
0.287
0.487
0.478
0.463
0.282
0.646
0.617
0.981
0.551
0.762
0.444
0.338
0.731
0.645
0.807
0.836
0.218
0.72
0.561
0.08
0.087
0.106
0.747
0.552
0.418
0.917
0.026
0.217
0.217
0.673
0.311
0.622
0.899
0.363
0.328
0.955
0.452
0.196
0.382
0.969
0.9
0.484
0
0.479
0.862
0.88
0.278
0.942
0.295
0.225
0.487
0.565
0.694
0.731
0.425
0.676
0.838
0.352
0.421
0.943
0.124
0.433
0.413
0.701
0.632
0.885
0.12
0.475
0.114
0.64
0.975
0.74
0.755
0.169
0.944
0.565
0.149
0.27
0.823
0.466
0.199
0.425
0.543
0.5
0.538
0.149
0.525
0.988
0.572
0.345
0.273
0.303
0.119
0.859
0.677
0.796
0
0.313
0.932
0.418
0.281
0.76
0.059
0.763
0.559
0.357
0.005
0.587
0.505
0.011
0.185
0.973
0.932
0.53
0.511
0.081
0.629
0.824
0.38
0.491
