0.232
0.487
0.464
0.495
0.324
0.241
0.221
0.526
0.142
0.624
0.137
0.154
0.402
0.697
0.743
0.223
0.57
0.742
0.824
0.362
0.888
0.452
0.269
0.5
0.721
0.164
0.883
0.893
0.18
0.238
0.097
0.465
0.732
0.875
0.885
0.936
0.92
0.648
0.941
0.326
0.008
0.142
0.873
0.316
0.84
0.183
0.147
0.721
0.824
0.268
0.69
0.336
0.322
0.694
0.785
0.563
0.411
0.942
0.497
0.973
0.893
0.247
0.955
0.269
0.609
0.879
0.592
0.906
0.966
0.435
0.013
0.152
0.859
0.47
0.855
0.702
0.566
0.312
0.714
0.105
0.439
0.984
0.908
0.656
0.484
0.842
0.523
0.609
0.937
0.725
0.932
0.721
0.827
0.529
0.627
0.506
0.9
0.326
0.584
0.192
0.697
0.997
0.378
0.777
0.175
0.581
0.743
0.203
0.588
0.19
0.1
0.377
0.46
0.212
0.539
0.875
0.156
0.697
0.71
0.769
0.095
0.859
0.837
0.839
0.409
0.556
0.059
0.948
0.406
0.744
0.218
0.309
0.692
0.766
0.369
0.511
0.08
0.653
0.205
0.671
0.289
0.19
0.914
0.564
0.619
0.97
0.689
0.349
0.498
0.845
0.055
0.872
0.117
0.822
0.675
0.178
0.221
0.168
0.935
0.876
0.451
0.207
0.251
0.552
0.253
0.735
0.108
0.34
0.751
0.94
0.223
0.733
0.777
0.303
0.18
0.078
0.18
0.486
0.835
0.25
0.295
0.753
0.629
0.214
0.254
0.874
0.589
0.552
0.154
0.673
0.354
0.703
0.168
0.206
0.542
0.99
0.884
0.94
0.103
0.356
0.61
0.017
0.019
0.194
0.602
0.996
0.327
0.844
0.471
0.364
0.629
0.577
0.781
0.819
0.531
0.305
0.624
0.599
0.188
0.001
0.743
0.04
0.524
0.694
0.653
0.406
0.468
0.995
0.02
0.256
0.514
0.119
0.471
0
0.527
0.444
0.724
0.369
0.757
0.832
0.842
0.357
0.339
0.855
0.514
0.081
0.37
0.571
0.418
0.76
0.225
0.662
0.201
0.105
0.669
0.202
0.411
0.563
0.847
0.589
0.681
0.045
0.51
0.081
0.269
0.523
0.167
0.652
0.645
0.505
0.202
0.192
0.304
0.508
0.275
0.126
0.244
0.287
0.135
0.846
0.77
0.473
0.72
0.991
0.295
0.783
0.448
0.105
0.142
0.263
0.663
0.011
0.446
0.932
0.551
0.37
0.997
0.48
0.423
0.791
0.186
0.542
0.956
0.231
0.615
0.566
0.683
0.592
0.16
0.295
0.237
0.357
0.421
0.685
0.129
0.837
0.684
0.235
0.819
0.363
0.752
0.055
0.027
0.32
0.932
0.381
0.236
0.491
0.643
0.713
0.639
0.421
0.246
0.99
0.74
0.314
0.749
0.892
0.373
0.774
0.656
0.299
0.29
0.951
0.165
0.369
0.64
0.638
0.362
0.706
0.45
0.197
0.086
0.64
0.714
0.302
0.894
0.278
0.288
0.562
0.938
0.226
0.979
0.462
0.817
0.144
0.634
0.985
0.434
0.448
0.078
0.967
0.247
0.878
0.364
0.003
0.883
0.422
0.053
0.831
0.198
0.085
0.678
0.789
0.132
0.483
0.286
0.338
0.126
0.682
0.591
0.672
0.054
0.616
0.556
0.907
0.817
0.58
0.144
0.578
0.47
0.258
0.903
0.059
0.755
0.427
0.01
0.205
0.7
0.683
0.99
0.796
0.12
0.582
0.633
0.251
0.322
0.351
0.053
0.522
0.406
0.926
0.619
0.843
0.061
0.532
0.801
0.431
0.715
0.211
0.992
0.136
0.368
0.904
0.178
0.888
0.517
0.789
0.076
0.091
0.841
0.038
0.049
0.146
0.042
0
0.127
0.189
0.954
0.814
0.219
0.707
0.127
0.634
0.841
0.989
0.096
0.072
0.114
0.96
0.379
0.2
0.725
0.531
0.06
0.313
0.136
0.864
0.13
0.484
0.722
0.647
0.834
0.48
0.531
0.301
0.997
0.549
0.333
0.396
0.8
0.11
0.433
0.02
0.513
0.265
0.632
0.077
0.526
0.633
0.461
0.661
0.733
0.26
0.783
0.362
0.243
0.08
0.817
0.964
0.255
0.327
0.569
0.074
0.952
0.409
0.661
0.014
0.676
0.344
0.521
0.432
0.807
0.538
0.903
0.985
0.838
0.464
0.71
0.847
0.705
0.314
0.612
0.082
0.82
0
0.523
0.4
0.528
0.764
0.439
0.598
0.8
0.241
0.048
0.193
0.877
0.095
0.821
0.297
0.573
0.914
0.109
0.796
0.412
0.343
0.279
0.633
0.959
0.113
0.59
0.048
0.374
0.6
0.942
0.712
0.385
0.469
0.656
0.105
0.048
0.486
0.545
0.269
0.421
0.704
0.463
0.903
0.829
0.333
0.89
0.737
0.621
0.068
0.253
0.441
0.774
0.231
0.915
0.575
0.13
0.953
0.374
0.021
0.343
0.561
0.858
0.241
0.526
0.953
0.871
0.344
0.164
0.303
0.515
0.631
0.089
0.354
0.892
0.181
0.328
0.3
0.615
0.619
0.491
0.048
0.59
0.218
0.605
0.558
0.033
0.994
0.619
0.177
0.123
0.38
0.844
0.456
0.545
0.186
0.72
0.413
0.677
0.524
0.9
0.764
0.666
0.792
0.28
0.6
0.259
0.233
0.085
0.488
0.099
0.456
0.211
0.858
0.146
0.463
0.603
0.005
0.426
0.578
0.797
0.357
0.292
0.817
0.709
0.872
0.495
0.832
0.455
0.76
0.198
0.042
0.134
0.148
0.908
0.416
0.683
0.289
0.7
0.018
0.075
0.049
0.377
0.015
0.778
0.315
0.91
0.243
0.898
0.06
0.597
0.969
0.85
0.638
0.585
0.459
0.425
0.17
0.939
0.982
0.428
0.312
0.312
0.863
0.7
0.494
0.217
0.499
0
0.543
0.758
0.859
0.615
0.497
0.896
0.005
0.371
0.016
0.059
0.019
0.145
0.898
0.366
0.062
0.358
0.553
0.932
0.796
0.282
0.265
0.092
0.783
0.748
0.877
0.326
0.98
0.368
0.066
0.254
0.975
0.057
0.697
0.617
0.175
0.766
0.186
0.486
0.206
0.933
0.338
0.424
0.816
0.46
0.397
0.582
0.802
0.235
0.656
0.039
0.319
0.253
0.581
0.604
0.486
0.203
0.735
0.989
0.055
0.465
0.036
0.233
0.067
0.773
0.716
0.715
0.357
0.091
0.412
0.041
0.503
0.195
0.377
0.245
0.777
0.63
0.918
0.663
0.69
0.887
0.748
0.696
0.58
0.387
0.715
0.708
0.002
0.908
0.078
0.948
0.321
0.195
0.738
0.707
0.352
0
0.868
0.517
0.816
0.121
0.261
0.528
0.601
0.17
0.086
0.627
0.454
0.25
0.935
0.629
0.13
0.005
0.009
0.127
0.812
0.294
0.333
0.693
0.525
0.663
0.111
0.512
0.007
0.073
0.976
0.864
0.894
0.485
0.565
0.161
0.722
0.017
0.817
0.109
0.281
0.034
0.871
0.21
0.754
0.467
0.579
0.138
0.43
0.509
0.522
0.767
0.03
0.735
0.791
0.364
0.955
0.948
0.995
0.051
0.76
0.193
0.94
0.473
0.771
0.567
0.098
0.26
0.595
0.881
0.53
0.118
0.591
0.703
0.359
0.141
0.662
0.367
0.035
0.243
0.05
0.782
0.538
0.215
0.484
0.163
0.573
0.316
0.388
0.188
0.769
0.257
0.283
0.517
0.155
0.364
0.272
0.748
0.757
0
0.108
0.17
0.701
0.211
0.321
0.775
0.23
0.398
0.78
0.513
0.123
0.87
0.094
0.316
0.095
0.42
0.763
0.513
0.994
0.801
0.682
0.666
0.886
0.504
1.0
0.206
0.625
0.014
0.911
0.664
0.934
0.215
0.317
0.579
0.139
0.622
0.127
0.144
0.096
0.286
0.121
0.453
0.823
0.972
0.223
0.608
0.563
0.118
0.516
0.391
0.86
0.034
0.268
0.591
0.101
0.722
0.624
0.827
0.739
0.522
0.685
0.152
0.039
0.143
0.241
0.762
0.177
0.571
0.146
0.055
0.729
0.535
0.203
0.706
0.678
0.05
0.221
0
0.975
0.297
0.782
0.23
0.156
0.467
0.73
0.415
0.02
0.762
0.88
0.525
0.582
0.967
0.696
0.938
0.899
0.802
0.037
0.025
0.849
0.364
0.405
0.188
0.644
0.01
0.661
0.168
0.842
0.95
0.469
0.111
0.599
0.631
0.071
