0.295
0.639
0.267
0.235
0.396
0.744
0
0.052
0.217
0.009
0.716
0.323
0.49
0.527
0.864
0.003
0.95
0.092
0.256
0.77
0.228
0.296
0.83
0.75
0.427
0.899
0.738
0.616
0.019
0.655
0.317
0.341
0.704
0.721
0.192
0.794
0.468
0.376
0.334
0.97
0.257
0.068
0.885
0.524
0.993
0.059
0.187
0.006
0.385
0.135
0.985
0.507
0.305
0.798
0.528
0.837
0.113
0.849
0.438
0.191
0.59
0.795
0.716
0.127
0.321
0.217
0.635
0.973
0.624
0.248
0.07
0.563
0.738
0.67
0.692
0.713
0.217
0.77
0.57
0.131
0.647
0.852
0.217
0.119
0.976
0.794
0.608
0.71
0.459
0.754
0.915
0.433
0.82
0.422
0.136
0.87
0.44
0.522
0.127
0.186
0.067
0.991
0.672
0.59
0.038
0.451
0.102
0.35
0.719
0.33
0.111
0.497
0.179
0.24
0.851
0.014
0.451
0.186
0.231
0.196
0.738
0.553
0.155
0.665
0.533
0.841
0.757
0.853
0.583
0.686
0.947
0.224
0.56
0.969
0.964
0.722
0.744
0.705
0.145
0.761
0.923
0.541
0.923
0.849
0.515
0.311
0.574
0.677
0.204
0.426
0.21
0.688
0.711
0.357
0.175
0.175
0.682
0.33
0.379
0.057
0.78
0.476
0.768
0.681
0.613
0.376
0.333
0.11
0.664
0.545
0.596
0.652
0.89
0.231
0.977
0.539
0.647
0.076
0.567
0.791
0.658
0.023
0.777
0.066
0.708
0.288
0.914
0.69
0.491
0.154
0.767
0.35
0.238
0.273
0.014
0.69
0.515
0.451
0.205
0.393
0.316
0.826
0.372
0.189
0.306
0.057
0.781
0.347
0.42
0.339
0.01
0.945
0.25
0
0.001
0.664
0.576
0.583
0.296
0.293
0.225
0.542
0.937
0.984
0.733
0.991
0
0.435
0.435
0.0
0.697
0.188
0.462
0.726
0.526
0.357
0.694
0.896
0.36
0.83
0.674
0.102
0.699
0.594
0.609
0.004
0.118
0.069
0.696
0.699
0.383
0.764
0.706
0.076
0.186
0.412
0.8
0.179
0.003
0.905
0.099
0.646
0.691
0.915
0.725
0.206
0.916
0.532
0.029
0.089
0.383
0.802
0.501
0.796
0.71
0.401
0.103
0.044
0.322
0.821
0.916
0.634
0.612
0.083
0.888
0.08
0.675
0.23
0.264
0.499
0.427
0.595
0.372
0.688
0.373
0.13
0.286
0.801
0.091
0.041
0.041
0.499
0.415
0.294
0.644
0.407
0.438
0.89
0.153
0.605
0.603
0.439
0.837
0.298
0.698
0.887
0.46
0.092
0.731
0.264
0
0.482
0.951
0.009
0.705
0.26
0.748
0.46
0.096
0.361
0.592
0.174
0.691
0.807
0.436
0.078
0.25
0.93
0.56
0.8
0.433
0.899
0.464
0.645
0.693
0.282
0.891
0.182
0.849
0.45
0.906
0.711
0.239
0.923
0.317
0.631
0.006
0.346
0.577
0.583
0.968
0.111
0.145
0.839
0.492
0.395
0.688
0.638
0.248
0.407
0.722
0.379
0.559
0.026
0.772
0.707
0.41
0.317
0.946
0.443
0.539
0.85
0.809
0.972
0.156
0.773
0.725
0.52
0.784
0.737
0.401
0.182
0.224
0.842
0.513
0.959
0.212
0.235
0.422
0.992
0.812
0.204
0.208
0.256
0.587
0.732
0
0.801
0.599
0.523
0.243
0.121
0.812
0.993
0.756
0.448
0.123
0.962
0.219
0.346
0.886
0.512
0.188
0.674
0.752
0.9
0.164
0.384
0.215
0.023
0.032
0.492
0.8
0.476
0.11
0.679
0.749
0.361
0.003
0.904
0.494
0.212
0.07
0.66
0.999
0.269
0.35
0.306
0.219
0.077
0.677
0.98
0.961
0.005
0.196
0.415
0.148
0.824
0.631
0.989
0.467
0.324
0.525
0.801
0.518
0.09
0.454
0.094
0.904
0.185
0.919
0.807
0.32
0.174
0.653
0.934
0
0.604
0.213
0.677
0.814
0.073
0.696
0.849
0.523
0.885
0.063
0.968
0.817
0.59
0.75
0.175
0
0.929
0.479
0.189
0.199
0.96
0.081
0.922
0.517
0.837
0.091
0.209
0.043
0.485
0.265
0.56
0.856
0.679
0.559
0.105
0.692
0.445
0.885
0.445
0.681
0.155
0.222
0.038
0.317
0.339
0.437
0.367
0.156
0.771
0.593
0.01
0.135
0.06
0.461
0.249
0.975
0.195
0.59
0.442
0.13
0.36
0.539
0.607
0.403
0.671
0.867
0.634
0.927
0.861
0.038
0.936
0.411
0.02
0.913
0.835
0.168
0.191
0.756
0.913
0.708
0.049
0.007
0.521
0.305
0.907
0.61
0.301
0.604
0.509
0.371
0.315
0.435
0.827
0.75
0.376
0.219
0.716
0.025
0.374
0.463
0.391
0.191
0.597
0.601
0.884
0.751
0.268
0.974
0.509
0.969
0.4
0.987
0.649
0.047
0.204
0.949
0.633
0.705
0.282
0.335
0.664
0.654
0.8
0.212
0.09
0.212
0.747
0.03
0.076
0.165
0.704
0.78
0.324
0.323
0.816
0.547
0.074
0.544
0.371
0.71
0.875
0.474
0.022
0.442
0.707
0.21
0.525
0.811
0.695
0.96
0.631
0.076
0.417
0.468
0.497
0.33
0.131
0.501
0.568
0.674
0.253
0.263
0.286
0.065
0.44
0.298
0.352
0.981
0.594
0.36
0.708
0.665
0.285
0.088
0.067
0.43
0.634
0.035
0.527
0.24
0.113
0.699
0.487
0.643
0.293
0.624
0.494
0.127
0.688
0.923
0.287
0.43
0.393
0.152
0.055
0.646
0.048
0.428
0.56
0.616
0.465
0.211
0.221
0.107
0.616
0.326
0.999
0.041
0.683
0.424
0.24
0.449
0.363
0.501
0.034
0.157
0.832
0.775
0.761
0.507
0.589
0.667
0.847
0.473
0.48
0.951
0.172
0.216
0.122
0.268
0.373
0.908
0.997
0.549
0.735
0.935
0.512
0.143
0.78
0.133
0.538
0.32
0.571
0.625
0.554
0.029
0.794
0.864
0.706
0.81
0.227
0.732
0.294
0.736
0.401
0.124
0.231
0.984
0.825
0.068
0.275
0.264
0.331
0.916
0.412
0.619
0.042
0.397
0.699
0.507
0.313
0.319
0.345
0.392
0.565
0.147
0.57
0.997
0.978
0.109
0.2
0.585
0.524
0.716
0.619
0.627
0.12
0.856
0.714
0.63
0.968
0.179
0.148
0.684
0.957
0.265
0.658
0.03
0.069
0.514
0.442
0.031
0.452
0.883
0.844
0.569
0.839
0.767
0.576
0.463
0.786
0.22
0.854
0.657
0.974
0.293
0.062
0.714
0.411
0.887
0.642
0.663
0.147
0.337
0.197
0.047
0.279
0.269
0.645
0.31
0.429
0.107
0.457
0.852
0.233
0.222
0.88
0.516
0.188
0.726
0.003
0.47
0.34
0.41
0.295
0.388
0.239
0.038
0.497
0.775
0.521
0.551
0.694
0.464
0.435
0.511
0.514
0.518
0.901
0.884
0.626
0.344
0.481
0.197
0.826
0.915
0.622
0.789
0.646
0.264
0.073
0.51
0.685
0.279
0.835
0.114
0.141
0.05
0.649
0.772
0.176
0.337
0.397
0.047
0.062
0.261
0.796
0.893
0.987
0.939
0.885
0.156
0.855
0.336
0.651
0.111
0.55
0.983
0.944
0.804
0.102
0.32
0.185
0.21
0.368
0.243
0.066
0.185
0.081
0.536
0.502
0.836
0.425
0.248
0.283
0.984
0.999
0.723
0.025
0.842
0.996
0.885
0.863
0.361
0.606
0.325
0.981
0.302
0.462
0.771
0.245
0.777
0.408
0.433
0.834
0.461
0.116
0.359
0.136
0.161
0.938
0.352
0.373
0.597
0.242
0.573
0.534
0.369
0.296
0.499
0.68
0.678
0.15
0.395
0.999
0.032
0.579
0.999
0.398
0.271
0.172
0.062
0.014
0.425
0.948
0.413
0.254
0.045
0.07
0.643
0.449
0.596
0.35
0.575
0.94
0.601
0.279
0.761
0.135
0.617
0.807
0.669
0.289
0.864
0.164
0.249
0.228
0.486
0.228
0.411
0.652
0.253
0.161
0.128
0.797
0.557
0.422
0.041
0.158
0.315
0.981
0.262
0.086
0.714
0.55
0.792
0.07
0.267
0.112
0.406
0.243
0.788
0.58
0.466
0.094
0.921
0.968
0.474
0.867
0.389
0.105
0.25
0.249
