0.546
0.386
0.245
0.464
0.9
0.001
0.148
0.937
0.837
0.978
0.989
0.735
0.062
0.799
0.788
0.8
0.194
0.034
0.642
0.397
0.755
0.459
0.158
0.837
0.24
0.846
0.899
0.487
0.558
0.712
0.293
0.156
0.496
0.576
0.871
0.96
0.48
0.147
0.637
0.998
0.97
0.463
0.534
0.249
0.499
0.785
0.637
0.573
0.438
0.668
0.42
0.054
0.517
0.211
0.045
0.338
0.254
0.51
0.638
0.361
0.208
0.052
0.337
0.692
0.329
0.465
0.614
0.032
0.85
0.004
0.899
0.171
0.361
0.465
0.682
0.106
0.149
0.389
0.144
0.676
0.24
0.645
0.484
0.906
0.735
0.105
0.008
0.01
0
0.916
0.678
0.943
0.311
0.279
0.145
0.517
0.232
0.439
0.259
0.45
0.246
0.995
0.268
0.533
0.731
0.893
0.958
0.465
0.114
0.817
0.306
0.119
0.722
0.056
0.955
0.293
0.216
0.524
0.735
0.372
0.732
0.329
0.158
0.117
0.544
0.929
0.32
0.505
0.254
0.372
0.979
0.366
0.87
0.627
0.031
0.358
0.268
0.103
0.865
0.415
0.416
0.544
0.055
0.889
0
0.566
0.483
0.658
0.764
0.929
0.101
0.781
0.75
0.859
0.851
0.977
0.81
0.674
0.606
0.576
0.484
0.301
0.481
0.528
0.043
0.042
0.2
0.123
0.892
0.989
0.378
0.854
0.288
0.132
0.609
0.341
0.379
0.064
0.63
0.66
0.421
0.837
0.161
0.089
0.309
0.355
0.539
0.898
0.074
0.341
0.663
0.595
0.54
0.072
0.895
0.669
0.623
0.314
0.435
0.308
0.469
0.944
0.299
0.308
0.266
0.548
0.645
0.258
0.061
0.377
0.925
0.585
0.435
0.602
0.016
0.483
0.684
0.376
0.438
0.041
0.503
0.631
0.232
0.604
0.712
0.539
0.436
0.359
0.715
0.581
0.043
0.525
0.396
0.946
0.422
0.754
0.042
0.009
0.298
0.196
0.817
0.828
0.2
0.189
0.458
0.171
0.248
0.454
0.821
0.477
0.804
0.914
0.565
0.549
0.179
0.253
0.56
0.235
0.753
0.3
0.43
0.041
0.445
0.045
0.789
0.57
0.177
0.462
0.018
0.224
0.785
0.497
0.604
0.12
0.687
0.048
0.886
0.025
0.071
0.08
0.012
0.926
0.139
0.277
0.23
0.417
0.337
0.111
0.88
0.982
0.805
0.437
0.861
0.729
0.725
0.385
0.203
0.514
0.798
0.09
0.263
0.674
0.616
0.404
0.591
0.682
0.129
0.029
0.731
0.832
0.245
0.596
0.329
0.092
0.945
0.346
0.39
0.721
0.169
0.038
0.949
0.7
0.799
0.623
0.537
0.149
0.99
0.22
0.784
0.1
0.456
0.256
0.605
0.299
0.839
0.474
0.169
0.004
0.825
0.058
0.879
0.048
0.142
0.854
0.191
0.427
0.327
0.023
0.539
0.24
0.699
0.557
0.02
0.054
0.605
0.305
0.193
0.839
0.312
0.41
0.593
0
0.032
0.192
0.907
0.706
0.152
0.653
0.387
0.006
0.493
0.004
0.247
0.72
0.155
0.744
0.916
0.272
0.592
0.081
0.664
0.944
0.074
0.523
0.369
0.298
0.041
0.914
0.51
0.933
0.639
0.859
0.565
0.234
0.751
0.805
0.167
0.928
0.603
0.7
0.382
0.422
0.79
0.867
0.538
0.361
0.353
0.049
0.893
0.432
0.343
0.778
0.654
0.287
0.56
0.483
0.849
0.654
0.889
0.172
0.986
0.428
0.229
0.192
0.89
0.776
0.518
0.033
0.043
0.81
0.322
0.73
0.302
0.077
0.741
0.996
0.301
0.904
0.823
0.638
0.601
0.822
0.305
0.635
0.045
0.014
0.498
0.581
0.073
0.348
0.541
0.72
0.695
0.18
0.808
0.867
0.719
0.284
0.239
0.36
0.864
0.453
0.21
0.435
0.035
0.459
0.477
0.334
0.934
0.342
0.379
0.296
0.274
0.811
0.828
0.577
0.74
0.989
0.798
0.035
0.38
0.841
0.01
0.318
0.103
0.47
0.534
0.852
0.242
0.87
0.59
0.726
0.834
0.678
0.528
0.932
0.87
0.68
0.07
0.623
0.611
0.145
0.211
0.878
0.979
0.178
0.515
0.761
0.214
0.523
0.509
0.561
0.435
0.752
0.599
0.906
0.547
0.322
0.727
0.694
0.35
0.95
0.673
0.091
0.5
0.217
0.466
0.139
0.98
0.357
0.883
0.764
0.194
0.034
0.083
0.54
0.036
0.363
0.557
0.14
0.435
0.324
0.068
0.461
0.774
0.968
0.337
0.974
0.413
0.585
0.995
0.602
0.281
0.71
0.289
0.655
0.302
0.266
0.873
0.742
0.052
0.615
0.051
0.757
0.631
0.689
0.551
0.894
0.774
0.927
0.882
0.704
0.083
0.772
0.929
0.052
0.934
0.236
0.734
0.031
0.21
0.381
0.12
0.666
0.463
0.577
0.891
0.645
0.759
0.644
0.64
0.032
0.967
0.207
0.887
0.63
0.445
0.556
0.495
0.649
0.062
0.044
0.571
0.933
0.135
0.269
0.08
0.083
0.724
0.587
0.431
0.211
0.067
0.06
0.293
0.909
0.83
0.012
0.496
0.087
0.652
0.17
0.718
0.751
0.02
0.554
0.316
0.693
0.069
0.282
0.125
0.571
0.872
0.421
0.768
0.408
0.567
0.737
0.741
0.502
0.102
0.219
0.621
0.703
0.601
0.062
0.712
0.125
0.798
0.669
0.005
0.555
0.715
0.139
0.417
0.88
0.555
0.462
0.691
0.495
0.154
0.402
0.139
0.937
0.566
0.397
0.024
0.497
0.349
0.065
0.841
0.92
0.634
0.931
0.716
0.199
0.03
0.937
0.65
0.115
0.942
0.911
0.742
0.663
0.069
0.872
0.49
0.814
0.58
0.786
0.867
0.563
0.748
0.517
0.567
0.808
0.464
0.689
0.972
0.216
0.187
0.949
0.919
0.063
0.226
0.151
0.53
0.513
0.625
0.589
0.274
0.5
0.56
0.658
0.676
0.978
0
0.272
0.502
0.756
0.49
0.599
0.021
0.625
0.008
0.211
0.557
0.991
0.74
0.317
0.147
0.944
0.55
0.107
0.785
0.27
0.98
0.229
0.551
0.681
0.4
0.405
0.716
0.376
0.504
0.955
0.926
0.036
0.836
0.48
0.206
0.431
0.896
0.453
0.767
0.613
0.181
0.261
0.756
0.64
0.345
0.245
0.304
0.155
0.256
0.142
0.645
0.787
0.352
0.812
0.311
0.724
0.646
0.142
0.041
0.647
0.092
0.185
0.494
0.326
0.137
0.112
0.119
0.999
0.956
0.091
0
0.754
0.275
0.108
0.14
0.4
0.108
0.381
0.462
0.617
0.357
0.322
0.239
0.097
0.067
0.445
0.783
0.862
0.982
0.388
0.779
0.581
0.187
0.845
0.434
0.682
0.437
0.573
0.64
0.245
0.677
0.963
0.201
0.203
0.879
0.33
0.107
0.993
0.208
0.564
0.522
0.827
0
0.714
0.418
0.628
0.073
0.516
0.473
0.613
0.632
0.181
0.001
0.414
0.352
0.909
0.699
0.228
0.404
0.317
0.377
0.19
0.67
0.216
0.68
0.715
0.356
0.604
0.719
0.836
0.054
0.74
0.487
0.708
0.827
0.463
0.051
0.297
0.639
0.666
0.693
0.624
0.216
0.937
0.717
0.617
0.012
0.12
0.916
0.671
0.517
0.873
0.546
0.754
0
0.108
0.8
0.114
0.543
0.62
0.54
0.351
0.199
0.72
0.053
0.543
0.378
0.982
0.883
0.887
0.912
0.193
0.738
0.383
0.933
0.459
0.952
0.207
0.704
0.542
0.103
0.534
0.289
0.871
0.997
0.742
0.984
0.241
0.096
0.559
0.505
0.525
0.071
0
0.203
0.043
0.685
0.879
0.882
0.932
0.505
0.39
0.081
0.52
0.939
0.915
0.751
0.439
0.936
0.097
0.266
0.871
0.544
0.74
0.327
0.046
0.983
0.38
0.987
0.268
0.06
0.013
0.525
0.874
0.488
0.087
0.997
0.256
0.603
0.872
0.359
0.568
0.403
0.538
0.114
0.551
0.248
0.386
0.28
0.281
0.786
0.204
0.224
0.98
0.777
0.903
0.591
0.597
0.12
0.727
0.664
0.839
0.071
0.394
0.277
0.675
0.688
0.169
0.229
0.925
0.744
0.211
0.292
0.029
0.707
0.428
0.97
0.754
0.339
0.755
0.825
0.541
0.536
0.157
