0.364
0.502
0.703
0.103
0.384
0.36
0.472
0.359
0.701
0.855
0.057
0.546
0.507
0.683
0.438
0.426
0.329
0.21
0.993
0.424
0.558
0.299
0.611
0.535
0.197
0.621
0.131
0.63
0.96
0.048
0.577
0.806
0.891
0.119
0.91
0.497
0.603
0.644
0.589
0.178
0.185
0.051
0.944
0.477
0.64
0.474
0.525
0.824
0.668
0.247
0.246
0.324
0.784
0.147
0.797
0.777
0.881
0.638
0.149
0.644
0.299
0.218
0.535
0.179
0.203
0.192
0.238
0.082
0.147
0.99
0.859
0.41
0.79
0.529
0.586
0.601
0.734
0.751
0.218
0.681
0.937
0.342
0.709
0.436
0.812
0.98
0.494
0.452
0.255
0.986
0.925
0.537
0.898
0.583
0.959
0.25
0.224
0.859
0.88
0.347
0.327
0.075
0.394
0.196
0.166
0.36
0.947
0.607
0.832
0.51
0.867
0.191
0.35
0.851
0.297
0.17
0.265
0.793
0.472
0.751
0.527
0.371
0.216
0.563
0.235
0.807
0.205
0.432
0.343
0.716
0.391
0.347
0.201
0.678
0.787
0.366
0.611
0.53
0.789
0.265
0.155
0.765
0.046
0.811
0.936
0.894
0.29
0.104
0.377
0.344
0.465
0.191
0.16
0.697
0.172
0.642
0.867
0.798
0.646
0.212
0.373
0.876
0.364
0.672
0.891
0.833
0.743
0.493
0.531
0.159
0.18
0.757
0.299
0.197
0.466
0.454
0.059
0.663
0.097
0.887
0.562
0.3
0.231
0.421
0.078
0.167
0.496
0.053
0.261
0.317
0.516
0.6
0.822
0.353
0.163
0.053
0.025
0.922
0.159
0.23
0.67
0.934
0.335
0.43
0.244
0.422
0.146
0.765
0.983
0.302
0.47
0.436
0.167
0.92
0.328
0.559
0.767
0.009
0.213
0.053
0.378
0.339
0.178
0.026
0.659
0.881
0.123
0.354
0.485
0.422
0.482
0.621
0.218
0.228
0.483
0.911
0.706
0.823
0.636
0.368
0.478
0.12
0.79
0.151
0.189
0.479
0.991
0.592
0.532
0.614
0.674
0.754
0.789
0.031
0.722
0.79
0.085
0.902
0.028
0.797
0.995
0.178
0.711
0.879
0.474
0.714
0.359
0.63
0.38
0.665
0.351
0.536
0.17
0.038
0.684
0.531
0.555
0.715
0.906
0.011
0.361
0.494
0.128
0.908
0.907
0.033
0.062
0.986
0.865
0.357
0.859
0.696
0.867
0.765
0.899
0.96
0.067
0.308
0.323
0.944
0.53
0.789
0.647
0.087
0.166
0.021
0.255
0.23
0.497
0.142
0.457
0.464
0.747
0.685
0.748
0.313
0.571
0.565
0.373
0.31
0.197
0.126
0.771
0.972
0.705
0.332
0.38
0.854
0.98
0.984
0.173
0.664
0.727
0.001
0.494
0.465
0.041
0.548
0.714
0.788
0.234
0.619
0.962
0.159
0.067
0.786
0.516
0.213
0.755
0.969
0.419
0.032
0.439
0.268
0.573
0.913
0.894
0.483
0.036
0.209
0.373
0.626
0.168
0.639
0.326
0.48
0.257
0.911
0.561
0.889
0.077
0.514
0.806
0.481
0.413
0.505
0.243
0.966
0.243
0.032
0.918
0.303
0.048
0.563
0.359
0.839
0.854
0.149
0.676
0.513
0.923
0.276
0.337
0.516
0.909
0.282
0.994
0.748
0.566
0.789
0.377
0.489
0.634
0.835
0.242
0.609
0.432
0.855
0.251
0.483
0.572
0.966
0.841
0.697
0.667
0.06
0.81
0.214
0.813
0.029
0.524
0.909
0.093
0.863
0.787
0.346
0.772
0.045
0.499
0.557
0.153
0.766
0.459
0.164
0.075
0.917
0.205
0.936
0.778
0.809
0.538
0.395
0.785
0.099
0.899
0.693
0.51
0.639
0.668
0.722
0.642
0.364
0.56
0.99
0.05
0.239
0.878
0.009
0.495
0.249
0.112
0.876
0.729
0.08
0.435
0.275
0.379
0.193
0.391
0.218
0.721
0.439
0.653
0.838
0.313
0.517
0.702
0.372
0.457
0.98
0.139
0.16
0.433
0.528
0.246
0.981
0.077
0.404
0.766
0.754
0.689
0.935
0.479
0.536
0.797
0.366
0.908
0.398
0.94
0.989
0.146
0.943
0.017
0.873
0.955
0.617
0.119
0.91
0.186
0.387
0.805
0.595
0.275
0.303
0.719
0.311
0.903
0.556
0.726
0.896
0.796
0.574
0.6
0.561
0.987
0.153
0.96
0.214
0.193
0.149
0.826
0.98
0.079
0.683
0.449
0.626
0.538
0.122
0.267
0.917
0.438
0.381
0.871
0.992
0.675
0.789
0.222
0.456
0.59
0.338
0.945
0.198
0.292
0.528
0.576
0.54
0.111
0.182
0.454
0.484
0.123
0.066
0.009
0.9
0.946
0.589
0.61
0.995
0.053
0.23
0.594
0.808
0.072
0.273
0.435
0.846
0.852
0.287
0.334
0.16
0.61
0.162
0.088
0.591
0.457
0.048
0.307
0.33
0.329
0.372
0.877
0.097
0.287
0.688
0.134
0.611
0.245
0.84
0.805
0.892
0.018
0.828
0.372
0.95
0.764
0.82
0.075
0.786
0.106
0.851
0.248
0.398
0.137
0.065
0.548
0.411
0.455
0.179
0.584
0.755
0.092
0.326
0.082
0.032
0.883
0.919
0.148
0.697
0.285
0.249
0.516
0.103
0.865
0.496
0
0.395
0.584
0.066
0.391
0.303
0.316
0.952
0.745
0.753
0.823
0.794
0.819
0.4
0.254
0.138
0.308
0.992
0.768
0.596
0.797
0.394
0.061
0.206
0.606
0.734
0.633
0.606
0.383
0.282
0.318
0.909
0.314
0.754
0.228
0.699
0.726
0.288
0.355
0.144
0.051
0.657
0.29
0.943
0.9
0.154
0.45
0.759
0.032
0.067
0.946
0.245
0.447
0.29
0.948
0.428
0.379
0.613
0.675
0.962
0.265
0.498
0.55
0.29
0.558
0.113
0.884
0.394
0.056
0.331
0.524
0.482
0.503
0.011
0.032
0.668
0.903
0.955
0.392
0.466
0.215
0.725
0.046
0.934
0.091
0.947
0.434
0.187
0.607
0.257
0.154
0.12
0.872
0.469
0.051
0.087
0.654
0.292
0.128
0.122
0.942
0.922
0.017
0.262
0.3
0.233
0.167
0.436
0.621
0.613
0.621
0.689
0.254
0.305
0.249
0.126
0.798
0.697
0.397
0.063
0.429
0.803
0.046
0.392
0.409
0.037
0.997
0.628
0.195
0.581
0.594
0.777
0.221
0.836
0.139
0.246
0.346
0.826
0.957
0.661
0.601
0.174
0.397
0.47
0.763
0.802
0.624
0.617
0.05
0.746
0.597
0.303
0.166
0.124
0.426
0.424
0.513
0.302
0.838
0.555
0.386
0.915
0.185
0.333
0.851
0.495
0.074
0.025
0.431
0.153
0.687
0.807
0.872
0.94
0.042
0.978
0.296
0.599
0.055
0.361
0.043
0.995
0.211
0.451
0.024
0.082
0.973
0.936
0.244
0.475
0.535
0.595
0.071
0.269
0.9
0.753
0.733
0.093
0.265
0.755
0.576
0.471
0.419
0.646
0.83
0.173
0.511
0.251
0.919
0.308
0.775
0.904
0.13
0.501
0.837
0.632
0.958
0.834
0.035
0.946
0.527
0.085
0.186
0.301
0.76
0.055
0.891
0.663
0.058
0.674
0.817
0.683
0.105
0.142
0.057
0.683
0.964
0.742
0.203
0.641
0.389
0.03
0.509
0.54
0.471
0.853
0.503
0.057
0.111
0.051
0.319
0.137
0.518
0.178
0.284
0.866
0.036
0.272
0.835
0.915
0.145
0.754
0.624
0.544
0.197
0.346
0.207
0.542
0.087
0.339
0.721
0.53
0.475
0.335
0.318
0.237
0.338
0.273
0.707
0.023
0.233
0.498
0.041
0.061
0.578
0.281
0.456
0.88
0.956
0.438
0.928
0.295
0.944
0.293
0.93
0.865
0.915
0.03
0.849
0.747
0.386
0.597
0.951
0.328
0.435
0.583
0.995
0.672
0.916
0.157
0.572
0.08
0.945
0.648
0.026
0.115
0.63
0.617
0.844
0.298
0.324
0.804
0.316
0.243
0.032
0.718
0.315
0.121
0.957
0.787
0.562
0.454
0.039
0.852
0.916
0.681
0.037
0.991
0.91
0.673
0.52
0.016
0.054
0.882
0.358
0.183
0.99
0.002
0.513
0.768
0.726
0.997
0.195
0.737
0.669
0.333
0.258
0.365
0.935
0.218
0.309
0.541
0.534
0.206
0.118
0.278
