0.989
0.384
0.7
0.033
0.367
0.648
0.517
0.725
0.481
0.189
0.104
0.084
0.785
0.635
0.652
0.96
0.346
0.957
0.846
0.547
0.069
0.355
0.242
0.573
0.836
0.935
0.118
0.19
0.542
0.002
0.563
0.607
0.304
0.471
0.5
0.502
0.12
0.384
0.09
0.122
0.117
0.009
0.909
0.12
0.934
0.83
0.942
0.149
0.187
0.264
0.942
0.915
0.594
0.613
0.952
0.12
0.038
0.761
0.697
0.285
0.266
0.701
0.304
0.57
0.292
0.868
0.838
0.191
0.959
0.049
0.119
0.823
0.172
0.489
0.158
0.632
0.994
0.47
0.981
0.953
0.971
0.21
0.176
0.411
0.873
0.87
0.889
0.009
0.266
0.216
0.691
0.405
0.807
0.872
0.981
0.738
0.951
0.779
0.992
0.207
0.966
0.59
0.984
0.319
0.317
0.695
0.506
0.696
0.182
0.357
0.164
0.714
0.691
0.724
0.503
0.842
0.115
0.56
0.711
0.941
0.326
0
0.798
0.669
0.548
0.325
0.18
0.461
0.557
0.153
0.694
0.281
0.77
0.402
0.704
0.483
0.773
0.063
0.641
0.064
0.87
0.646
0.987
0.173
0.195
0.309
0.776
0.597
0.879
0.284
0.137
0.316
0.635
0.418
0.786
0.955
0.89
0.023
0.227
0.088
0.491
0.322
0.145
0.728
0.733
0.117
0.961
0.216
0.36
0.375
0.763
0.033
0.38
0.702
0.352
0.756
0.235
0.227
0.383
0.399
0.957
0.025
0.39
0.527
0.904
0.856
0.989
0.989
0.264
0.686
0.163
0.743
0.179
0.34
0.194
0.392
0.664
0.663
0.13
0.372
0.341
0.016
0.709
0.095
0.174
0.204
0.253
0.574
0.828
0.638
0.19
0.666
0.147
0.652
0.195
0.28
0.072
0.058
0.026
0.575
0.538
0.233
0.59
0.022
0.936
0.347
0.544
0.917
0.323
0.554
0.248
0.635
0.738
0.632
0.739
0.161
0.779
0.545
0.302
0.415
0.399
0.24
0.354
0.196
0.279
0.074
0.937
0.723
0.583
0.135
0.163
0.92
0.107
0.085
0.669
0.713
0.325
0.379
0.31
0.923
0.063
0.612
0.24
0.611
0.695
0.379
0.007
0.982
0.966
0.064
0.833
0.508
0.799
0.631
0.999
0.187
0.82
0.05
0.435
0.05
0.317
0.097
0.155
0.477
0.514
0.972
0.458
0.775
0.041
0.139
0.915
0.477
0.925
0.407
0.619
0.949
0.122
0.035
0.839
0.387
0.044
0.812
0.329
0.203
0.086
0.997
0.991
0
0.895
0.332
0.226
0.33
0.731
0.521
0.194
0.907
0.548
0.533
0.877
0.405
0.505
0.391
0.617
0.292
0.255
0.617
0.667
0.812
0.037
0.12
0.901
0.151
0.812
0.037
0.44
0.863
0.368
0.496
0.645
0.994
0.35
0.635
0.546
0.737
0.746
0.539
0.608
0.549
0.997
0.409
0.062
0.997
0.08
0.11
0.779
0.821
0.487
0.714
0.262
0.86
0.213
0.412
0.75
0.04
0.281
0.691
0.842
0.989
0.986
0.452
0.281
0.103
0.493
0.441
0.285
0.153
0.058
0.006
0.88
0.585
0.162
0.927
0.624
0.359
0.727
0.851
0.204
0.372
0.359
0.909
0.401
0.282
0.584
0.758
0.1
0.415
0.247
0.972
0.962
0.636
0.845
0.947
0
0.152
0.38
0.163
0.019
0.85
0.177
0.649
0.818
0.273
0.763
0.064
0.828
0.595
0.239
0.749
0.597
0.355
0.502
0.466
0.251
0.996
0.685
0.461
0.998
0.28
0.973
0.938
0.064
0.618
0.184
0.4
0.953
0.474
0.587
0.6
0.906
0.328
0.992
0.437
0.491
0.15
0.732
0.347
0.83
0.045
0.109
0.434
0.284
0.216
0.425
0.153
0.353
0.943
0.687
0.496
0.708
0.332
0.176
0.826
0.778
0.428
0.06
0.774
0.274
0.876
0.51
0.242
0.673
0.497
0.772
0.526
0.528
0.316
0.929
0.035
0.631
0.709
0.446
0.043
0.357
0.496
0.313
0.975
0.598
0.453
0.042
0.982
0.288
0.657
0.386
0.321
0.3
0.102
0.201
0.806
0.002
0.673
0.884
0.38
0.503
0.592
0.577
0.461
0.38
0.745
0.051
0.27
0.246
0
0.913
0.356
0.542
0.873
0.194
0.16
0.814
0.0
0.756
0.355
0.497
0.872
0.535
0.935
0.911
0.546
0.293
0.664
0.12
0.643
0.346
0.275
0.491
0.985
0.588
0.854
0.109
0.602
0.303
0.256
0.405
0.201
0.928
0.159
0.092
0.724
0.929
0.328
0.462
0.276
0
0.319
0.652
0.356
0.319
0.864
0.15
0.929
0.527
0.311
0.45
0.376
0.626
0.751
0.068
0.397
0.002
0.952
0.667
0.564
0.787
0.02
0.317
0.586
0.159
0.551
0.894
0.475
0.848
0.724
0.47
0.343
0.732
0.909
0.79
0.148
0.363
0.782
0.439
0.391
0.192
0.129
0.776
0.866
0.1
0.614
0.296
0.721
0.394
0.403
0.99
0.714
0.706
0.926
0.44
0.628
0.756
0.281
0.791
0.551
0.23
0.18
0.269
0.737
0.484
0.394
0.236
0.753
0.903
0.883
0.792
0.067
0.363
0.385
0.97
0.993
0.617
0.633
0.363
0.652
0.107
0.33
0.068
0.467
0.899
0.108
0.478
0.655
0.178
0.719
0.345
0.032
0.875
0.17
0.235
0.099
0.92
0.724
0.552
0.611
0.778
0.956
0.65
0.45
0.962
0.392
0.128
0.782
0.538
0.337
0.798
0.645
0.928
0.395
0.447
0.213
0.766
0.585
0.104
0.355
0.771
0.941
0.484
0.943
0.404
0.76
0.235
0.895
0.15
0.363
0.733
0.706
0.802
0.472
0.732
0.564
0.33
0.421
0.565
0.342
0.272
0.427
0.809
0.995
0.834
0.483
0.008
0.544
0.791
0.944
0.927
0.931
0.347
0.792
0.723
0.544
0.409
0.162
0.734
0.697
0.759
0.119
0.114
0.875
0.533
0.959
0.799
0.535
0.33
0.372
0.062
0.895
0.117
0.532
0.029
0.826
0.678
0.71
0.258
0.878
0.633
0.02
0.258
0.009
0.555
0.342
0.391
0.796
0.15
0.11
0.995
0.865
0.795
0.569
0.477
0.492
0.354
0.723
0.197
0.516
0.369
0.647
1.0
0.283
0.459
0.913
0.856
0.077
0.464
0.902
0.902
0.114
0.911
0.735
0.908
0.976
0.233
0.432
0.533
0.183
0.771
0.596
0.275
0.892
0.269
0.402
0.783
0.71
0.373
0.808
0.072
0.887
0.524
0.509
0.9
0.452
0.785
0.652
0.017
0.339
0.648
0.696
0.874
0.963
0.248
0.773
0.635
0.466
0.203
0.12
0.075
0.65
0.872
0.184
0.388
0.217
0.024
0.007
0.059
0.401
0.039
0.842
0.902
0.61
0.696
0.51
0.521
0.923
0.687
0.873
0.985
0.469
0.978
0.534
0.906
0.545
0.156
0.383
0.847
0.817
0.33
0.525
0.872
0.361
0.791
0.818
0.001
0.223
0
0.878
0.891
0.422
0.875
0.387
0.757
0.615
0.647
0.051
0.7
0.554
0.058
0.193
0.847
0.63
0.218
0.004
0.593
0.372
0.711
0.041
0.905
0.244
0.211
0.202
0.62
0.47
0.74
0.185
0.668
0.286
0.965
0.608
0.905
0.61
0.076
0.69
0.283
0.904
0.623
0.808
0.853
0.916
0.966
0.167
0.839
0.322
0.771
0.167
0.392
0.941
0.314
0.704
0.154
0.107
0.315
0.94
0.708
0.091
0.54
0.941
0.547
0.479
0.428
0.748
0.55
0.612
0.275
0.915
0.89
0.174
0.386
0.195
0.398
0.154
0.787
0.847
0.82
0.435
0.263
0.245
0.199
0.988
0.339
0.483
0
0.787
0.21
0.541
0.764
0.973
0.127
0.557
0
0.201
0.239
0.407
0.954
0.644
0.598
0.517
0.95
0.386
0.314
0.613
0.183
0.232
0.406
0.659
0.08
0.816
0.783
0.436
0.408
0.642
0.789
0.584
0.705
0.211
0.47
0.987
0.01
0.104
0.124
0.219
0.9
0.425
0.466
0.949
0.193
0.362
0.582
0.209
0.874
0.576
0.351
0.631
0.322
0.18
0.622
0.675
0.874
0.133
0.899
0.408
0.761
0.033
0.499
0.243
0.649
0.576
0.912
0.431
0.347
0.014
0.624
0.847
0.119
0.096
