0.436
0.788
0.423
0.189
0.284
0.016
0.113
0.224
0.592
0.067
0.496
0.116
0.278
0.618
0.547
0.469
0.744
0.693
0.945
0.172
0.832
0.353
0.23
0.987
0.816
0.65
0.287
0.988
0.253
0.171
0.873
0.378
0.739
0.226
0.986
0.812
0.692
0.715
0.651
0.743
0.28
0.121
0.617
0.665
0.81
0.974
0.54
0.392
0.666
0.174
0.644
0.004
0.205
0.023
0.006
0.769
0.105
0.654
0.434
0.137
0.843
0.378
0.654
0.045
0.255
0.275
0.583
0.249
0.324
0.914
0.174
0.522
0.14
0.662
0.406
0.336
0.557
0.423
0.73
0.843
0.07
0.746
0.899
0.281
0.026
0.955
0.613
0.581
0.348
0.134
0.831
0.981
0.644
0.57
0.331
0.33
0.079
0.68
0.765
0.249
0.087
0.079
0.325
0.709
0.207
0.284
0.441
0.869
0.77
0.009
0.131
0.32
0.474
0.959
0.354
0.342
0.175
0.429
0.677
0.804
0.961
0.806
0.092
0.776
0.354
0.98
0.013
0.978
0.777
0.054
0.084
0.273
0.459
0.74
0.844
0.375
0.766
0.519
0.184
0.295
0.387
0.121
0.564
0.187
0.368
0.768
0.755
0.579
0.369
0.474
0.423
0.505
0.235
0.382
0.869
0.851
0.63
0.487
0.989
0.743
0.252
0.211
0.289
0.288
0.814
0.892
0.358
0.856
0.544
0.763
0.435
0.238
0.405
0.86
0.34
0.761
0.885
0.92
0.89
0.776
0.613
0.517
0.554
0.393
0.462
0.891
0.156
0.437
0.075
0.296
0.822
0.32
0.463
0.518
0.333
0.401
0.268
0.983
0.695
0.343
0.932
0.128
0.932
0.74
0.538
0.089
0.577
0.17
0.351
0.394
0.912
0.45
0.582
0.091
0.581
0.419
0.241
0.302
0.203
0.793
0.176
0.885
0.799
0.112
0.955
0.612
0.221
0.292
0.352
0.352
0.859
0.449
0.209
0.407
0.658
0.952
0.196
0.745
0.237
0.096
0.689
0.572
0.034
0.474
0.556
0.757
0.268
0.074
0.164
0.508
0.964
0
0.299
0.633
0.6
0.877
0.482
0.712
0.223
0.946
0.372
0.323
0.562
0.207
0.876
0.903
0.694
0.945
0.142
0.851
0.522
0.215
0.947
0.069
0.62
0.918
0.673
0.62
0.686
0.742
0.979
0.592
0.724
0.638
0.593
0.893
0.405
0.073
0.627
0.253
0.872
0.737
0.106
0.882
0.059
0.435
0.339
0.739
0.366
0.563
0.957
0.518
0.427
0.042
0.202
0.671
0.707
0.377
0.633
0.717
0.533
0.464
0.76
0.092
0.485
0.749
0.761
0.567
0.017
0.518
0.841
0.79
0.915
0.22
0.432
0.589
0.974
0.377
0.926
0.517
0.497
0.922
0.888
0.979
0.361
0.681
0.033
0.032
0.009
0.291
0.418
0.783
0.818
0.301
0.819
0.005
0.473
0.353
0.34
0.905
0.472
0.043
0.091
0.104
0.25
0.579
0.121
0.235
0.217
0.042
0.103
0.077
0.922
0.585
0.158
0.189
0.917
0.876
0.524
0.525
0.954
0.099
0.729
0.637
0.948
0.554
0.143
0.842
0.438
0.095
0.349
0.157
0.51
0.671
0.738
0.19
0.721
0.075
0.038
0.218
0.387
0.08
0.996
0.563
0.474
0.642
0.082
0.621
0.674
0.094
0.874
0.3
0.528
0.15
0.848
0.345
0.731
0.513
0.854
0.381
0.2
0.05
0.27
0.562
0.817
0.656
0.073
0.271
0.176
0.889
0.573
0.069
0.723
0.57
0.12
0.726
0.314
0.148
0.995
0.226
0.752
0.121
0.747
0.567
0.906
0.563
0.119
0.468
0.556
0.097
0.025
0.208
0.999
0.072
0.215
0.627
0.271
0.444
0.961
0.916
0.707
0.137
0.516
0.358
0.193
0.218
0.519
0.985
0.007
0.879
0.77
0.008
0.824
0.625
0.893
0.78
0.187
0.288
0.906
0.512
0.231
0.328
0.454
0.961
0.807
0.002
0.583
0.992
0.165
0.238
0.507
0.016
0.196
0.604
0
0.332
0.241
0.534
0.486
0.338
0.202
0.893
0.261
0.863
0.946
0.407
0.434
0.034
0.071
0.973
0.215
0.747
0.192
0.522
0.63
0.968
0.885
0.506
0.199
0.427
0.362
0.941
0.18
0.821
0.284
0.3
0.129
0.752
0.401
0.458
0
0.458
0.097
0.876
0.234
0.504
0.247
0.455
0.629
0.22
0.579
0.379
0.539
0.777
0.939
0.154
0.283
0.991
0.715
0.392
0.863
0.621
0.947
0.549
0.789
0.928
0.13
0.84
0.268
0.618
0.544
0.24
0
0.345
0.411
0.154
0.775
0.832
0.5
0.402
0.5
0.927
0.827
0.112
0.735
0.001
0.258
0.272
0.966
0.415
0.858
0.603
0.67
0.8
0.416
0.089
0.375
0.874
0.441
0.115
0.563
0.853
0.213
0.871
0.961
0.223
0.799
0.904
0.328
0.432
0.098
0.292
0.402
0.142
0.605
0.947
0.928
0.888
0.193
0.523
0.064
0.934
0.992
0.601
0.969
0.884
0.023
0.171
0.86
0.639
0.69
0.789
0.506
0.968
0.16
0.363
0.663
0.59
0.704
0.958
0.035
0.307
0.914
0.786
0.398
0.503
0.221
0.302
0.44
0.358
0.947
0.302
0.192
0.026
0.732
0.105
0.278
0.234
0.788
0.033
0.627
0.868
0.103
0.912
0.623
0.004
0.609
0.471
0.522
0.921
0.832
0.185
0
0.524
0.021
0.973
0.497
0.933
0.442
0.547
0.793
0.343
0.231
0.451
0.205
0.569
0.4
0.695
0.925
0.449
0.485
0.624
0.497
0.05
0.278
0.236
0.438
0.498
0.011
0.99
0.695
0.248
0.675
0.003
0.857
0.093
0.417
0.821
0.644
0.458
0.338
0.312
0.172
0.558
0.676
0.298
0.574
0.407
0.494
0.963
0.793
0.463
0.884
0.517
0.018
0.759
0.64
0.503
0.314
0.132
0.049
0.526
0.409
0.448
0.667
0.242
0.254
0.328
0.169
0.56
0.299
0.69
0.742
0.757
0.447
0.457
0.688
0.003
0.868
0.729
0.885
0.731
0.579
0.201
0.432
0.087
0.433
0.784
0.061
0.646
0.956
0.071
0.985
0.563
0.862
0.841
0.452
0.874
0.203
0.555
0.176
0.929
0.086
0.702
0.216
0.419
0.269
0.354
0.594
0.152
0.137
0.405
0.766
0.988
0.771
0.109
0.222
0.665
0.378
0.364
0.079
0.584
0.664
0.435
0.863
0.197
0.975
0.22
0.821
0.064
0.717
0.805
0.619
0.734
0.024
0.871
0.119
0.657
0.257
0.369
0.226
0.991
0.303
0.154
0.569
0.581
0.324
0.622
0.238
0.369
0.646
0.965
0.999
0.463
0.777
0.685
0.804
0.672
0.299
0.418
0.288
0.705
0.5
0.948
0.294
0.116
0.035
0.085
0.811
0.052
0.481
0.155
0.103
0.365
0.311
0.436
0.913
0.605
0.816
0.497
0.955
0.67
0.612
0.717
0.313
0.51
0.442
0.796
0.653
0.8
0.197
0.67
0.306
0.929
0.921
0.475
0.148
0.946
0.928
0.343
0.943
0.903
0.238
0.025
0.258
0.608
0.238
0.27
0.765
0.168
0
0.811
0.733
0.242
0.464
0.352
0.05
0.436
0.641
0.933
0.252
0.193
0.688
0.701
0.976
0.994
0.313
0.826
0.911
0.475
0.171
0.107
0.546
0.235
0.456
0.045
0.377
0.55
0.656
0.062
0.312
0.28
0.525
0.003
0.195
0.368
0.183
0.259
0.934
0.147
0.229
0.544
0.852
0.926
0.843
0.134
0.599
0.792
0.348
0.399
0.645
0.103
0.906
0.162
0.034
0.714
0.718
0.924
0.87
0.866
0.324
0.114
0.058
0.262
0.322
0.602
0.781
0.814
0.741
0.686
0.742
0.666
0.869
0.633
0.346
0.921
0.707
0.346
0.966
0.641
0.31
0.238
0.217
0.136
0.391
0.662
0.927
0.371
0.087
0.29
0.157
0.271
0.359
0.551
0.218
0.304
0.26
0.162
0.129
0.568
0.255
0.227
0.555
0.451
0.886
0.517
0.919
0.373
0.259
0.701
0.886
0.798
0.976
0.147
0.533
0.825
0.29
0.088
0.02
0.438
0.346
0.887
0.706
0.812
0.286
0.56
0.563
0.272
0.547
0.01
0.973
0.857
0.173
0.299
0.823
0.612
0.489
0.138
0.8
0.419
