0.209
0.735
0.672
0.574
0.384
0.749
0.23
0.159
0.259
0.287
0.952
0.865
0.711
0.922
0.863
0.109
0.085
0.323
0.683
0.893
0.529
0.879
0.771
0.614
0.031
0.652
0.882
0.513
0.26
0.907
0.867
0.021
0.48
0.424
0.18
0.814
0.013
0.974
0.953
0.199
0.274
0.593
0.346
0.192
0.172
0.605
0.042
0.065
0.375
0.31
0.922
0.34
0.243
0.917
0.689
0.473
0.34
0.011
0.024
0.811
0.733
0.037
0.168
0.221
0.929
0.864
0.222
0.416
0.605
0.24
0.383
0.462
0.193
0.89
0.075
0.492
0.723
0.347
0.128
0.119
0.986
0.032
0.806
0.539
0.087
0.051
0.438
0.249
0.382
0.374
0.169
0.135
0.951
0.672
0.707
0.256
0.302
0.092
0.882
0.325
0.867
0.971
0.858
0.646
0.899
0.228
0.917
0.353
0.557
0.416
0.547
0.223
0.886
0.881
0.513
0.026
0.116
0.489
0.632
0.572
0.586
0.053
0.036
0.554
0.303
0.096
0.124
0.733
0.537
0.041
0.366
0.773
0.584
0.67
0.774
0.101
0.412
0.4
0.643
0.834
0.735
0.358
0.396
0.869
0.8
0.742
0.997
0.79
0.669
0.689
0.15
0.48
0.701
0.217
0.958
0.161
0.354
0.288
0.484
0.659
0.506
0.499
0.911
0.207
0.277
0.538
0.701
0.422
0.315
0.439
0.752
0.665
0.431
0.299
0.597
0.965
0.978
0.927
0.678
0.284
0.957
0.099
0.612
0.612
0.775
0.778
0.381
0.278
0.297
0.752
0.483
0.845
0.327
0.938
0.764
0.972
0.797
0.369
0.259
0.903
0.969
0.279
0.43
0.497
0.576
0.469
0.167
0.794
0.037
0.784
0.868
0.901
0.282
0.405
0.2
0.737
0.069
0.972
0.962
0.328
0.322
0.385
0.057
0.982
0.557
0.125
0.184
0.555
0.932
0.732
0.33
0.83
0.17
0.734
0.874
0.742
0.211
0.849
0.859
0.331
0.802
0.683
0.354
0.449
0.861
0.905
0.318
0.662
0.477
0.146
0.622
0.913
0.523
0.712
0.232
0.415
0.107
0.365
0.72
0.896
0.261
0
0.351
0.761
0.315
0.6
0.042
0.828
0.634
0.363
0.251
0.802
0.957
0.304
0.095
0.011
0.019
0.256
0.399
0.414
0.449
0.142
0.868
0.308
0.456
0.136
0.002
0.435
0.872
0.908
0.891
0.298
0.815
0.417
0.172
0.81
0.126
0.647
0.094
0.933
0.43
0.773
0.999
0.286
0.366
0.277
0.331
0.068
0.012
0.571
0.727
0.193
0.68
0.813
0.109
0.179
0.26
0.128
0.905
0.542
0.292
0.736
0.679
0.539
0.426
0.03
0.392
0.329
0.545
0.399
0.587
0.27
0.16
0.962
0.238
0.01
0.843
0.554
0.651
0.515
0.734
0.721
0.577
0.861
0.87
0.294
0.358
0.34
0.754
0.308
0.114
0.863
0.247
0.098
0.986
0.056
0.152
0.125
0.181
0.57
0.538
0.714
0.636
0.703
0.567
0.475
0.253
0.5
0.548
0.477
0.728
0.76
0.985
0.724
0.193
0.43
0.89
0.123
0.089
0.917
0.661
0.663
0.436
0.107
0.962
0.998
0.885
0.283
0.182
0.78
0.855
0.185
0.503
0.035
0.729
0.241
0.341
0.167
0.963
0.738
0.584
0.09
0.904
0.936
0.745
0.243
0.059
0.425
0.02
0.333
0.355
0.013
0.539
0.993
0.957
0.211
0.138
0.922
0.013
0.137
0.624
0.066
0.285
0
0.247
0.355
0.133
0.395
0.67
0.436
0.175
0.89
0.83
0.506
0.036
0.133
0.089
0.13
0.381
0.626
0.653
0.671
0.38
0.473
0.402
0.982
0.723
0.463
0.239
0.806
0.298
0.355
0.324
0.94
0.029
0.019
0.316
0.549
0.637
0.25
0.098
0.775
0.831
0.325
0.195
0.844
0.697
0.729
0.126
0.811
0.443
0.439
0.428
0.196
0.888
0.764
0.953
0.043
0.563
0.759
0.071
0.225
0.683
0.182
0.349
0.181
0.698
0.6
0.869
0.107
0.48
0.811
0.417
0.849
0.748
0.167
0.418
0.343
0.466
0.96
0.712
0.218
0.268
0.137
0.786
0.617
0.363
0.245
0.173
0.095
0.529
0.951
0.821
0.081
0.522
0.22
0.525
0.597
0.516
0
0.573
0.102
0.242
0.973
0
0.608
0.62
0.501
0.034
0.354
0.722
0.872
0.13
0.143
0.344
0.21
0.501
0.276
0.503
0.808
0.858
0.084
0.251
0.653
0.492
0.467
0.687
0.033
0.343
0.919
0.453
0.91
0.658
0.649
0.149
0.107
0.86
0.266
0.169
0.044
0.746
0.291
0.524
0.028
0.414
0.878
0.431
0.614
0.1
0.433
0.797
0.871
0.187
0.958
0.648
0.633
0.014
0.942
0.641
0.299
0.79
0.416
0.981
0.722
0.696
0.14
0.313
0.976
0.038
0.741
0.345
0.757
0.405
0.899
0.781
0.205
0.352
0.176
0.808
0.152
0.053
0.44
0.559
0.118
0.333
0.195
0.967
0.934
0.49
0.178
0.768
0.985
0.139
0.751
0.057
0
0.342
0.039
0.205
0.077
0.834
0.681
0.261
0.689
0.332
0.089
0.462
0.027
0.451
0.825
0.57
0.739
0.12
0.439
0.213
0.013
0.303
0.545
0.284
0.692
0.354
0.951
0.557
0.361
0.11
0.17
0.492
0.54
0.734
0.406
0.85
0.423
0.543
0.512
0.393
0.877
0.264
0.552
0.993
0.832
0.833
0.91
0.641
0.862
0.932
0.569
0.854
0.216
0.559
0.475
0.17
0.72
0.026
0.528
0.295
0.399
0.971
0.033
0.34
0.659
0.497
0.339
0.659
0.617
0.105
0.337
0.358
0.357
0.607
0.164
0.489
0.816
0.492
0.759
0.828
0.125
0.57
0.065
0.659
0.743
0.706
0.878
0.644
0.638
0.667
0.284
0.477
0.654
0.038
0.232
0.524
0.247
0.527
0.313
0.353
0.051
0.393
0.51
0.147
0.495
0.686
0.469
0.01
0.713
0.826
0.808
0.757
0.043
0.51
0.289
0.428
0.172
0.459
0.323
0.624
0.85
0.375
0.775
0.338
0.777
0.201
0.284
0.516
0.526
0.037
0.742
0.381
0.1
0.757
0.44
0.021
0.177
0.264
0.031
0.945
0.977
0.808
0.945
0.345
0.656
0.025
0.962
0.34
0.509
0.676
0.154
0.732
0.429
0.731
0.427
0.927
0.407
0.81
0.345
0.572
0.822
0.945
0.143
0.094
0.148
0.053
0.583
0.971
0.907
0.226
0.255
0.228
0.47
0.427
0.86
0.053
0.92
0.992
0.849
0.904
0.859
0.615
0.199
0.457
0.275
0.732
0.514
0.891
0.592
0.826
0.738
0.477
0.441
0.082
0.552
0.311
0.089
0.799
0.407
0.987
0.617
0.918
0.942
0.825
0.437
0.631
0.985
0.513
0.943
0.12
0.128
0.423
0.316
0.611
0.675
0.634
0.637
0.021
0.105
0.082
0.411
0.904
0.797
0.451
0.302
0.204
0.718
0.728
0.506
0.581
0.17
0.491
0.13
0.537
0.164
0.157
0.257
0.238
0.689
0.337
0.862
0.159
0.847
0.978
0.349
0.816
0.734
0.621
0.789
0.005
0.92
0.525
0.754
0.957
0.16
0.309
0.923
0.827
0.304
0.168
0.458
0.608
0.182
0.548
0.887
0.439
0.245
0.428
0.19
0.686
0.14
0.434
0.025
0.073
0.532
0.148
0.415
0.388
0.652
0.323
0.824
0.335
0.352
0.659
0.814
0.736
0.548
0.749
0.289
0.858
0.971
0.326
0.06
0.595
0.866
0.089
0.579
0.013
0.635
0.521
0.6
0.063
0.689
0.884
0.234
0.895
0.678
0.263
0.834
0.346
0.828
0.499
0.935
0.766
0.351
0.353
0.329
0.354
0.372
0.325
0.439
0.446
0.746
0.444
0.915
0.911
0.903
0.777
0.36
0.096
0.515
0.852
0.229
0.053
0.301
0.907
0.236
0.705
0.609
0.031
0.637
0.104
0.529
0.14
0.017
0.494
0.325
0.923
0.821
0.233
0.293
0.623
0.771
0.497
0.714
0.205
0.379
0.708
0.47
0.507
0.272
0.576
0.526
0.638
0.847
0.13
0.977
0.517
0.539
0.182
0.335
0.213
0.326
0.313
0.302
0.306
0.259
0.483
0.442
0.606
0.568
0.518
0.296
0.425
0.07
