0.13
0.767
0.634
0.698
0.11
0.848
0.206
0.368
0.157
1.0
0.882
0.191
0.296
0.567
0.856
0.252
0
0.165
0.07
0.859
0.697
0.189
0.022
0.259
0.75
0.825
0.544
0.583
0.891
0.785
0.069
0.689
0.363
0.247
0.823
0.176
0.715
0.738
0.946
0.692
0.387
0.766
0.629
0.564
0.39
0.685
0.041
0.914
0.752
0.541
0.889
0.256
0.492
0.964
0.788
0.58
0.19
0.177
0.365
0.507
0.651
0.694
0.117
0.968
0.499
0.531
0.121
0.743
0.619
0.233
0.063
0.162
0
0.915
0.245
0.122
0.212
0.725
0.468
0.117
0.449
0.431
0.433
0.999
0.423
0.789
0.906
0.113
0.467
0.383
0.098
0.542
0.391
0.803
0.555
0.807
0.905
0.317
0.278
0.468
0.508
0.925
0.76
0.445
0.06
0.179
0.293
0.089
0.287
0.755
0.559
0.968
0.803
0.312
0.578
0.697
0.865
0.913
0.738
0.918
0.259
0.141
0.514
0.451
0.971
0.429
0.818
0.989
0.89
0.349
0.823
0.766
0.704
0.26
0.668
0.045
0.565
0.193
0.425
0.353
0.869
0.478
0.593
0.57
0.597
0.014
0.287
0.023
0.059
0.603
0.371
0.695
0.206
0.746
0.35
0.394
0.24
0.144
0.141
0.794
0.578
0.477
0.105
0.183
0.707
0.498
0.514
0.391
0.892
0.166
0.652
0.907
0.27
0.711
0
0.261
0.659
0.88
0
0.095
0.789
0.228
0
0.399
0.776
0.933
0.616
0.548
0.86
0.173
0.518
0.397
0.92
0.856
0.502
0.858
0.476
0.374
0.471
0.298
0.154
0.008
0.498
0.388
0.022
0.736
0.581
0.385
0.017
0.689
0.028
0.079
0.173
0.325
0.707
0.914
0.667
0
0.484
0.161
0.742
0.837
0.167
0.777
0.309
0.62
0.781
0.807
0.165
0.68
0.582
0.246
0.061
0.579
0.16
0.406
0.356
0.831
0.113
0.915
0.289
0.795
0.984
0.394
0.367
0.677
0.295
0.588
0.861
0.157
0.17
0.508
0.778
0.017
0.503
0.724
0.85
0.49
0.534
0.864
0.363
0.475
0.928
0.475
0.74
0.228
0.275
0.763
0.432
0.471
0.5
0.764
0.451
0.392
0.016
0.56
0.494
0.655
0.661
0.21
0.977
0.234
0.725
0.06
0.11
0.541
0.366
0.247
0.392
0.446
0.065
0.81
0.387
0.683
0.617
0.291
0.226
0.845
0.49
0.993
0.031
0.327
0.89
0.254
0.822
0.453
0.305
0.925
0.081
0.323
0.868
0.976
0.17
0.131
0.913
0.399
0.275
0.806
0.875
0.69
0.224
0.401
0.352
0.23
0.41
0.134
0.467
0.377
0.488
0.261
0.25
0.292
0.408
0.279
0.608
0.174
0.472
0.919
0.499
0.991
0.665
0.936
0.009
0.683
0.056
0.473
0.309
0.965
0.203
0.704
0.231
0.653
0.542
0.938
0.493
0.621
0.739
0.874
0.503
0.564
0.285
0.362
0.992
0.177
0.322
0.474
0.946
0.997
0.922
0.837
0.457
0.471
0.516
0.409
0.395
0.271
0.335
0.981
0.337
0.265
0.933
0.703
0.76
0.725
0.704
0.98
0.535
0.408
0.45
0.875
0.538
0.194
0.809
0.998
0.747
0.324
0.251
0.212
0.457
0.644
0.912
0.158
0.822
0.707
0.437
0.611
0.82
0.111
0.156
0.224
0.772
0.813
0.784
0.378
0.477
0.198
0.934
0.715
0.83
0.566
0.813
0.855
0.836
0.712
0.098
0.699
0.989
0.713
0.633
0.603
0.627
0.708
0.399
0.688
0.452
0.371
0.023
0.931
0.241
0.47
0.047
0.672
0.179
0.656
0.787
0.052
0.333
0.347
0.181
0.209
0.789
0.591
0.805
0.372
0.112
0.561
0.983
0.608
0.247
0.251
0.447
0.563
0.522
0.186
0.124
0.863
0.069
0.458
0.712
0.365
0.32
0.491
0.867
0.771
0.063
0.45
0.257
0.852
0.597
0.214
0.819
0.776
0.139
0.185
0.707
0.297
0.14
0.782
0.324
0.928
0.583
0.364
0.003
0.238
0.899
0.131
0.577
0.384
0.881
0.09
0.889
0.346
0.671
0.22
0.728
0.533
0.584
0.013
0.444
0.594
0.51
0.995
0.645
0.462
0.632
0.596
0.688
0.946
0.801
0.746
0.474
0.216
0.698
0.578
0.703
0.121
0.619
0.516
0.278
0.127
0.642
0.966
0.844
0.954
0.414
0.095
0.817
0.641
0
0.151
0.292
0.741
0.903
0.083
0.861
0.008
0.2
0.443
0.362
0.162
0.251
0.015
0.471
0.434
0.98
0.418
0.623
0.793
0
0.425
0.491
0.938
0.722
0.687
0.809
0.426
0.567
0.081
0.068
0.303
0.479
0.752
0.658
0.445
0.824
0.81
0.488
0.191
0.79
0.991
0.182
0.917
0.043
0.275
0.793
0.547
0.449
0.955
0.206
0.213
0.538
0.745
0.58
0.914
0.878
0.23
0.465
0.577
0.653
0.328
0.92
0.154
0.227
0.983
0.78
0.409
0.746
0.838
0.76
0.456
0.968
0.596
0.234
0.435
0.05
0.202
0.823
0.493
0.356
0.017
0.727
0.12
0.779
0.94
0.863
0.499
0.682
0.854
0.478
0.906
0.621
0.835
0.223
0.792
0.594
0.885
0.896
0.862
0.619
0.596
0.855
0.767
0.612
0.516
0.841
0.513
0.48
0.051
0.352
0.365
0.328
0.381
0.603
0.221
0.395
0.429
0.221
0.169
0.014
0.987
0.406
0.491
0.544
0.905
0.372
0.182
0.404
0.714
0.375
0.518
0.1
0.131
0.879
0.65
0.81
0.974
0.254
0.862
0.148
0.239
0.942
0.104
0.972
0.819
0.234
0.083
0.962
0.435
0.426
0.962
0.788
0.189
0.61
0.827
0.331
0.342
0.228
0.086
0.705
0.447
0.229
0.786
0.908
0.753
0.762
0.328
0.685
0.185
0.744
0.703
0.256
0.733
0.731
0.917
0.334
0.251
0.596
0.196
0.419
0.445
0.986
0.212
0.159
0.027
0.322
0.554
0.782
0.111
0.666
0.771
0.92
0.927
0.069
0.614
0.07
0.993
0.743
0.551
0.631
0.823
0.242
0.459
0.712
0.765
0.059
0.245
0.04
0.081
0.471
0.265
0.48
0.066
0.934
0.007
0.774
0.189
0.213
0.118
0.989
0.533
0.873
0.102
0.41
0.269
0.453
0.296
0.758
0.655
0.511
0.293
0.988
0.706
0.427
0.512
0.239
0.809
0.007
0.165
0.76
0.957
0.1
0
0.328
0.787
0.631
0.797
0.842
0.397
0.432
0.766
0.703
0.075
0.743
0.41
0.616
0.661
0.312
0.038
0.834
0.797
0.668
0.642
0.451
0.834
0.342
0.499
0.652
0.414
0.103
0.43
0.702
0.35
0.964
0.753
0.493
0.191
0.271
0.618
0.139
0.44
0.565
0.959
0.414
0.317
0.232
0.6
0.825
0.86
0.625
0.834
0.208
0.809
0.019
0.235
0.876
0.732
0.442
0.839
0.531
0.075
0.526
0.737
0.789
0.748
0.674
0.237
0.368
0.032
0.421
0.901
0.601
0.019
0.001
0.718
0.737
0.961
0.836
0.239
0.522
0.986
0.051
0.64
0.835
0.59
0.23
0.961
0.729
0.169
0.211
0.435
0.315
0.779
0.458
0.767
0.731
0.584
0.093
0.753
0.337
0.293
0.216
0.918
0.44
0.36
0.022
0.528
0.325
0.805
0.684
0.23
0.085
0.09
0.421
0.203
0.896
0.757
0.986
0.392
0.372
0.303
0.786
0.69
0.238
0.114
0.857
0.489
0.308
0.278
0.753
0.923
0.025
0.453
0.788
0.558
0.07
0.307
0.263
0.404
0.335
0.813
0.012
0.661
0.795
0.879
0.423
0.568
0.405
0.869
0.968
0.611
0.584
0.615
0.277
0.757
0.457
0.234
0.497
0.199
0.01
0.343
0.451
0.625
0.44
0.76
0.399
0.838
0.641
0.506
0.71
0.478
0.919
0.41
0.803
0.224
0.904
0.496
0.542
0.262
0.628
0.876
0.323
0.401
0.562
0.535
0.482
0.353
0.865
0.111
0.284
0.348
0.248
0.264
0.094
0.484
0.223
0.517
0.158
0.73
0.08
0.935
0.325
0.428
0.598
0.716
0.625
0.662
0.186
0.427
0.21
0.495
0.367
0.009
0.525
0.797
0.875
0.033
0.537
0.497
0.936
0.39
