0.493
0.667
0.983
0.358
0.899
0.237
0.033
0.658
0.537
0.03
0.193
0.737
0.815
0.275
0.431
0.326
0.26
0.179
0.076
0.497
0.786
0.694
0.836
0.472
0.604
0.965
0.927
0.768
0.654
0.768
0.454
0.9
0.043
0.725
0.473
0.367
0.853
0.748
0.353
0.179
0.606
0.73
0.307
0.428
0.813
0.198
0.442
0.751
0.018
0.947
0.015
0.48
0.981
0.96
0.659
0.26
0.422
0.455
0.224
0.391
0.405
0.213
0.898
0.3
0.399
0.295
0.991
0.064
0.856
0.121
0.162
0.461
0.727
0.116
0.474
0.133
0.949
0.195
0.402
0.528
0.41
0.502
0.12
0.88
0.442
0.337
0.321
0.111
0.077
0.923
0.567
0.221
0.919
0.936
0.793
0.966
0.896
0.548
0.315
0.569
0.428
0.666
0.87
0.759
0.967
0.308
0.791
0.545
0.987
0.524
0.473
0.725
0.944
0.548
0.74
0.465
0.188
0.186
0.594
0.092
0.617
0.701
0.425
0.139
0.408
0.622
0.719
0.32
0.131
0.471
0.489
0.061
0.743
0.103
0.133
0.536
0.864
0.524
0.833
0.8
0.95
0.43
0.527
0.882
0.232
0.235
0.006
0.152
0.802
0.265
0.903
0.059
0.855
0.805
0.87
0.949
0.029
0.794
0.674
0.728
0.291
0.982
0.45
0.386
0.367
0.034
0.204
0.186
0.622
0.636
0.678
0.437
0.279
0.452
0.834
0.943
0.244
0.97
0.072
0.515
0.265
0
0.147
0.256
0.616
0.027
0.828
0.761
0.789
0.439
0.437
0.36
0.064
0.141
0.677
0.864
0.386
0.282
0.473
0.191
0.07
0.708
0.629
0.358
0.812
0.538
0.949
0.298
0.598
0.804
0.981
0.959
0.707
0.943
0.04
0.973
0.708
0.954
0.213
0.992
0.795
0.083
0.77
0.045
0.54
0.263
0.566
0.84
0.215
0.1
0.478
0.263
0.25
0.922
0.018
0.287
0.669
0.252
0.945
0.652
0.77
0.203
0.238
0.638
0.044
0.061
0.562
0.807
0.727
0.225
0.844
0.719
0.41
0.567
0.739
0.086
0.843
0.648
0.287
0.487
0.296
0.421
0.79
0.77
0.159
0.55
0.663
0.737
0.436
0.903
0.669
0.19
0.951
0.392
0.344
0.81
0.429
0.979
0.016
0.649
0.386
0.79
0.244
0.611
0.008
0.547
0.26
0.472
0.811
0.807
0.491
0.566
0.85
0.872
0.894
0.603
0.31
0.587
0.893
0.006
0.11
0.297
0.576
0.138
0.71
0.566
0.594
0.901
0.59
0.11
0.191
0.559
0.006
0.99
0.121
0.108
0.857
0.953
0.935
0.259
0.615
0.947
0.709
0.134
0.289
0.216
0.951
0.657
0.643
0.9
0.09
0.601
0.569
0.232
0.289
0.127
0.45
0.826
0.117
0.608
0.664
0.736
0.848
0.307
0.871
0.963
0.494
0.731
0.127
0.99
0.433
0.545
0.94
0.261
0.933
0.208
0.416
0.538
0.787
0.794
0.147
0.581
0.442
0.415
0.252
0.043
0.34
0.433
0.573
0.213
0.92
0.251
0.028
0.809
0.113
0.282
0.202
0.223
0.664
0.237
0.941
0.731
0.619
0.188
0.604
0.206
0.837
0.359
0.808
0.413
0
0.141
0.137
0.259
0.764
0.671
0.445
0
0.28
0.268
0.074
0.213
0
0.562
0.223
0.807
0.505
0.495
0.322
0.576
0.059
0.035
0.835
0.354
0.502
0.111
0.42
0.622
0.312
0.819
0.799
0.25
0.958
0.032
0.769
0.028
0.432
0.544
0.844
0.552
0.362
0.669
0.273
0.292
0.537
0.284
0.104
0.323
0.153
0.771
0.926
0.114
0.85
0.346
0.025
0.088
0.839
0.845
0.459
0.652
0.641
0.329
0.554
0.486
0.649
0.167
0.226
0.018
0.772
0.862
0.224
0.904
0.921
0.372
0.236
0.773
0
0.995
0.151
0.27
0.264
0.813
0.476
0.99
0.358
0.767
0.406
0.735
0.531
0.792
0.099
0.059
0.742
0.491
0.246
0.676
0.378
0.6
0.208
0.749
0.992
0.844
0.524
0.246
0.382
0.099
0.36
0.275
0.063
0.611
0.477
0.511
0.596
0.186
0.999
0.36
0.114
0.935
0.09
0.813
0.546
0.117
0.179
0.954
0.875
0.728
0.765
0.76
0.841
0.11
0.725
0.894
0.154
0.386
0.689
0.098
0.53
0.966
0.874
0.263
0.49
0.047
0.743
0.997
0.299
0.454
0.938
0.943
0.97
0.801
0.919
0.724
0.241
0.974
0.82
0.177
0.782
0.712
0.63
0.695
0.025
0.795
0.397
0.017
0.545
0
0.454
0.039
0.251
0.133
0.975
0.264
0.307
0.472
0.884
0.737
0.176
0.883
0.278
0.09
0.147
0.515
0.818
0.039
0.194
0.757
0.702
0.194
0.665
0.806
0.007
0.86
0.886
0.115
0.517
0.827
0.158
0.27
0.079
0.338
0.269
0.225
0.173
0.852
0.475
0.208
0.002
0.701
0.23
0.897
0.53
0.023
0.758
0.114
0.098
0.205
0.417
0.808
0.453
0.076
0.673
0.647
0.328
0.477
0.298
0.39
0.697
0.086
0.973
0.259
0.921
0.498
0.9
0.305
0.106
0.779
0.147
0.428
0.854
0.021
0.945
0.613
0.64
0.062
0.702
0.248
0.235
0.945
0.023
0.224
0.005
0.151
0.635
0.99
0.113
0.75
0.406
0.308
0.419
0.018
0.217
0.022
0.691
0.767
0.378
0.14
0.476
0.312
0.321
0.427
0.642
0.606
0.117
0.728
0.216
0.52
0.777
0.022
0.822
0.675
0.27
0.101
0.367
0.594
0.263
0.989
0.387
0.504
0.316
0.397
0.269
0.549
0.967
0.864
0.679
0.521
0.941
0.795
0.278
0.743
0.408
0.405
0.983
0.777
0.705
0.739
0.827
0.235
0.793
0.049
0.679
0.743
0.198
0.318
0.719
0.483
0.905
0.734
0.336
0.903
0.273
0.778
0.887
0.932
0.215
0.073
0.766
0.45
0.392
0.362
0.851
0.728
0.785
0.03
0.071
0.178
0.851
0.205
0.921
0.037
0.935
0.77
0.612
0.808
0.555
0.512
0.789
0.509
0.834
0.604
0.253
0.294
0.518
0.182
0.807
0.544
0.919
0.399
0.979
0.254
0.385
0.167
0.322
0.612
0.002
0.279
0.092
0.157
0.458
0.841
0.022
0.73
0.301
0.611
0.501
0.155
0.113
0.45
0.209
0.674
0.491
0.352
0.974
0.041
0.836
0.641
0.596
0.99
0.029
0.822
0.564
0.905
0.296
0.598
0.885
0.547
0.048
0.005
0.656
0.922
0.746
0.359
0.912
0.511
0.265
0.949
0.34
0.887
0.027
0.85
0.603
0.775
0.497
0.74
0.378
0.07
0.317
0.879
0.326
0.85
0.26
0.606
0.968
0.42
0.316
0.083
0.48
0.322
0.096
0.709
0.224
0.06
0.194
0.158
0.818
0.894
0.354
0.611
0.023
0.38
0.301
0.338
0.582
0.063
0.988
0.29
0.021
0.891
0.511
0.461
0.781
0.821
0.841
0.949
0.336
0.898
0.2
0.942
0.624
0.02
0.436
0.567
0.587
0.666
0.606
0.932
0.673
0.126
0.376
0.588
0.77
0.202
0.801
0.351
0.772
0.778
0.52
0.716
0.031
0.108
0.599
0.649
0.509
0.389
0.432
0.22
0.109
0.329
0.304
0.3
0.4
0
0.424
0.009
0.676
0.363
0.443
0.752
0.826
0.696
0.889
0.02
0.516
0.952
0.807
0.899
0.311
0.957
0.447
0.867
0.802
0.175
0.303
0.543
0.123
0.352
0.672
0.762
0.274
0.192
0.169
0.353
0.098
0.066
0.254
0.698
0.817
0.085
0.597
0.334
0.712
0.556
0.277
0.063
0.232
0.915
0.56
0.952
0.555
0.534
0.571
0.811
0.036
0.236
0.739
0.4
0.453
0.603
0.815
0.655
0.809
0.569
0.767
0.737
0.666
0.869
0.723
0.723
0.234
0.763
0.212
0.72
0.576
0.242
0.937
0.174
0.989
0.614
0.879
0.973
0.196
0.724
0.372
0.905
0.886
0.889
0.526
0.679
0.162
0.601
0.953
0.554
0.113
0.741
0.83
0.95
0.137
0.879
0.409
0.978
0.204
0.802
0.062
0.63
0.637
0.119
0.085
0.435
0.841
0.019
0.507
0.785
0.581
0.475
0.227
0.871
0.387
0.068
0.593
0.126
