0.34
0.05
0.263
0.834
0.036
0.282
0.137
0.733
0.112
0.503
0.54
0.072
0.724
0.658
0.05
0.998
0.274
0.116
0.581
0.86
0.381
0.546
0.513
0.047
0.566
0.567
0.519
0.702
0.882
0.734
0.857
0.778
0.434
0.627
0.717
0.062
0.763
0.841
0.097
0.395
0.504
0.389
0.799
0.919
0.569
0.169
0.015
0.932
0.327
0.398
0.702
0.738
0.465
0.685
0.393
0.889
0.167
0.099
0.068
0.565
0.84
0.381
0.469
0.605
0.174
0.42
0.386
0.978
0.937
0.619
0.34
0.231
0.559
0.153
0.381
0.621
0.853
0.795
0.251
0.501
0.691
0.383
0.791
0.005
0.016
0.982
0.056
0.613
0.543
0.811
0.099
0.665
0.543
0.533
0.456
0.522
0.516
0.173
0.94
0.182
0.232
0.5
0.691
0.575
0.614
0.036
0.03
0.883
0.243
0.659
0.588
0.171
0.263
0.884
0.39
0.525
0.436
0.477
0.697
0.039
0.272
0.981
0.375
0.236
0.871
0.757
0.635
0.896
0.989
0.488
0.446
0.498
0.405
0.744
0.114
0.933
0.833
0.843
0.521
0.929
0.379
0.486
0.781
0.05
0.531
0.581
0.167
0.045
0.795
0.167
0.603
0.749
0.24
0.318
0.521
0.857
0.518
0.67
0.047
0.787
0.973
0.397
0.754
0.58
0.608
0.373
0.568
0.141
0.865
0.831
0.896
0.653
0.688
0.537
0.27
0.998
0.446
0.549
0.229
0.225
0.901
0.572
0.747
0.533
0.349
0.287
0.023
0.702
0.736
0.034
0.121
0.753
0.104
0.216
0.42
0.729
0.467
0.425
0.725
0.803
0.669
0.737
0.066
0.148
0.91
0.483
0.728
0.335
0.537
0.069
0.139
0.385
0.762
0.101
0.608
0.888
0.701
0.33
0.238
0.734
0.72
0.397
0.235
0.037
0.238
0.428
0.445
0.031
0.897
0.122
0.028
0.818
0.887
0.515
0.978
0.804
0.759
0.654
0.203
0.315
0.469
0.064
0.695
0.146
0.882
0.714
0.882
0.142
0.525
0.789
0.742
0.053
0.173
0.289
0.513
0.222
0.324
0.01
0.163
0.19
0.788
0.246
0.428
0.775
0.705
0.639
0.589
0.094
0.81
0.326
0.836
0.406
0.216
0.478
0.374
0.978
0.043
0.267
0.768
0.873
0.703
0.233
0.374
0.24
0.569
0.903
0.238
0.894
0.048
0.226
0.892
0.207
0.923
0.917
0.613
0.51
0.348
0.645
0.09
0.048
0.001
0.081
0.325
0.7
0.015
0.049
0.462
0.697
0.182
0.718
0.438
0.287
0.453
0.172
0.588
0.264
0.415
0.956
0.413
0.701
0.977
0.434
0.579
0.254
0.25
0.074
0.33
0.29
0.21
0.892
0.903
0.749
0.765
0.237
0.817
0.43
0.655
0.465
0.999
0.163
0.526
0.748
0.578
0.284
0.175
0.53
0.59
0.382
0.966
0.72
0.394
0.69
0.885
0.926
0.232
0.055
0.344
0.664
0.745
0.65
0.407
0.021
0.955
0.826
0.64
0.129
0.69
0.843
0.024
0.565
0.38
0.131
0.898
0.33
0.092
0.701
0.147
0.065
0.699
0.619
0.705
0.881
0.134
0.676
0.76
0.419
0.421
0.066
0.55
0.758
0.3
0.043
0.145
0.269
0.441
0
0.79
0.781
0.128
0.654
0.645
0.795
0.24
0.143
0.299
0.643
0.157
0.697
0.994
0.011
0.23
0.944
0.262
0.36
0.867
0.765
0.287
0.211
0.588
0.194
0.186
0.144
0.824
0.964
0.576
0.388
0.735
0.72
0.351
0.542
0.127
0.229
0.078
0.018
0.53
0.328
0.66
0.516
0.939
0.168
0.614
0.268
0.852
0.513
0.382
0.027
0.332
0.522
0.251
0.575
0.47
0.479
0.243
0.637
0.034
0.658
0.072
0.495
0.281
0.546
0.581
0.404
0.911
0.766
0.363
0.847
0.345
0.142
0.031
0.006
0.711
0.106
0.605
0.595
0.488
0.05
0.82
0.08
0.856
0.407
0.225
0.598
0.111
0.588
0.922
0.37
0.227
0.884
0.222
0.482
0.789
0.407
0.258
0.515
0.445
0.862
0.893
0.102
0.6
0.348
0.62
0.838
0.145
0.484
0.016
0.875
0.653
0.269
0.91
0.624
0.986
0.8
0.73
0.251
0.56
0.437
0.049
0.38
0.986
0.503
0.473
0.426
0.57
0.595
0.869
0.793
0.057
0.919
0.551
0.501
0.603
0.511
0.429
0.836
0.961
0.623
0.255
0.194
0.953
0.226
0.06
0.097
0.983
0.122
0.218
0.34
0.224
0.885
0.095
0.66
0.4
0.157
0.257
0.648
0.68
0.065
0.278
0.604
0.532
0.411
0.287
0.431
0.847
0.142
0.761
0.817
0.447
0.13
0.532
0.448
0.505
0.091
0.702
0.082
0.524
0.242
0.238
0.974
0.152
0.687
0.199
0.945
0.395
0.429
0.557
0.973
0.155
0.891
0.431
0.128
0.179
0.941
0.004
0.99
0.247
0.347
0.749
0.989
0.948
0.288
0.053
0.766
0.973
0.443
0.689
0.237
0.871
0.984
0.585
0.323
0.464
0.291
0.562
0.526
0.926
0.915
0.085
0.145
0.4
0.086
0.832
0.55
0.655
0.581
0.614
0.972
0.785
0.983
0.831
0.606
0.387
0.599
0.743
0.773
0.552
0.533
0.484
0.247
0.796
0.01
0.996
0.399
0.423
0.874
0.862
0.052
0.752
0.726
0.332
0.914
0.12
0.148
0.601
0.485
0.763
0.893
0.793
0.335
0.871
0.08
0.557
0.232
0.935
0.583
0.047
0.422
0.12
0.47
0.43
0.532
0.751
0.932
0.718
0.411
0.178
0.037
0.536
0.926
0.762
0.278
0.099
0.225
0.777
0.606
0.532
0.479
0.748
0.961
0.857
0.341
0.086
0.1
0.251
0.231
0.402
0.649
0.924
0.606
0.829
0.751
0.801
0.164
0.705
0.359
0.547
0.403
0.768
0.063
0.818
0.785
0.621
0.524
0.728
0.551
0.229
0.19
0.252
0.107
0.537
0.464
0.357
0.589
0.798
0.704
0.276
0.541
0.868
0.893
0.778
0.735
0.379
0.942
0.094
0.192
0.88
0.779
0.596
0.764
0.187
0.325
0.018
0.352
0.049
0.448
0.349
0.923
0.564
0.952
0.875
0.331
0.702
0.197
0.45
0.044
0.689
0.96
0.315
0.9
0.289
0.878
0.481
0.426
0.573
0.484
0.076
0.229
0.923
0.516
0.523
0.377
0.258
0.488
0.312
0.57
0.396
0.669
0.097
0.353
0.102
0.27
0.697
0.406
0.521
0.24
0.439
0.378
0.525
0.396
0.97
0.859
0.168
0.211
0.138
0.169
0.837
0.135
0.893
0.082
0.69
0.591
0.899
0.856
0.366
0.766
0.393
0.01
0.845
0.927
0.719
0.144
0.165
0.413
0.255
0.189
0.428
0.644
0.974
0.884
0.158
0.582
0.594
0.959
0.861
0.809
0.54
0.319
0.18
0.484
0.523
0.335
0.497
0.204
0.261
0.946
0.353
0.796
0.343
0.845
0.71
0.436
0.999
0.225
0.615
0.351
0.16
0.379
0.339
0.894
0.964
0.284
0.987
0.065
0.509
0.966
0.753
0.721
0.893
0.591
0.536
0.945
0.448
0.879
0.032
0.21
0.704
0.485
0.166
0.851
0.206
0.831
0.533
0.834
0.753
0.072
0.62
0.068
0.885
0.121
0.053
0.997
0.28
0.878
0.269
0.823
0.17
0.106
0.077
0.661
0.658
0.75
0.882
0.947
0.619
0.062
0.939
0.064
0.107
0.843
0.461
0.862
0.606
0.594
0.568
0.857
0.976
0.42
0.048
0.328
0.851
0.096
0.017
0.305
0.744
0.031
0.465
0.206
0.144
0.49
0.323
0.447
0.463
0.767
0.081
0.901
0.142
0.298
0.149
0.323
0.789
0.637
0.718
0.588
0.314
0.189
0.921
0.178
0.417
0.572
0.358
0.022
0.381
0.474
0.215
0.786
0.541
0.574
0.624
0.8
0.775
0.131
0.688
0.352
0.499
0.081
0.68
0.212
0.581
0.294
0.322
0.296
0.095
0.962
0.587
0.02
0.294
0.903
0.085
0.807
0.57
0.891
0.648
0.369
0.364
0.326
0.965
0.621
0.911
0.035
0.239
0.37
0.231
0.792
0.804
0.668
0.838
0.024
0.853
0.126
0.652
0.487
0.005
0.574
0.782
0.57
0.434
0.586
0.911
0.755
0.699
0.083
