0.586
0.942
0.7
0.862
0.96
0.346
0.358
0.099
0.169
0.416
0.481
0.13
0.26
0.912
0.155
0.888
0.89
0.011
0.383
0.078
0.733
0.916
0.575
0.1
0.411
0.962
0.274
0.895
0.2
0.746
0.667
0.873
0.079
0.396
0.418
0.693
0.16
0.324
0.724
0.294
0.803
0.559
0.926
0.647
0.896
0.501
0.31
0.006
0.536
0.843
0.242
0.25
0.005
0.463
0.834
0.032
0.858
0.179
0.973
0.247
0.605
0.965
0.212
0.239
0.496
0.432
0.609
0.424
0.921
0.277
0.363
0.49
0.336
0.324
0.49
0.376
0.294
0.9
0.695
0.432
0.855
0.791
0.953
0.913
0.696
0.825
0.901
0.021
0.715
0.299
0.397
0.503
0.539
0.485
0.719
0.392
0.298
0.584
0.768
0.657
0.005
0.547
0.03
0.089
0.225
0.667
0.298
0.936
0.155
0.856
0.99
0.508
0.406
0.319
0.61
0.449
0.752
0.854
0.277
0.682
0.153
0.163
0.736
0.388
0.009
0.552
0.784
0.713
0.158
0.781
0.536
0.442
0.034
0.363
0.055
0.534
0.912
0.422
0.365
0.134
0.454
0.863
0.84
0.964
0.178
0.834
0.043
0.649
0.586
0.679
0.757
0.938
0.877
0.221
0.897
0.91
0.657
0.289
0.154
0.341
0.009
0.176
0.898
0.499
0.536
0.486
0.658
0.029
0.84
0.336
0.33
0.96
0.974
0.028
0.643
0.796
0.815
0.757
0.133
0.395
0.561
0.157
0.075
0.993
0.194
0.941
0.703
0.114
0.562
0.812
0.438
0.943
0.023
0.169
0.46
0.544
0.016
0.843
0.886
0.342
0.289
0.208
0.371
0.58
0.108
0.147
0.514
0.6
0.58
0.498
0.944
0.056
0.317
0.242
0.483
0.676
0.994
0.481
0.713
0.316
0.458
0.158
0.295
0.924
0.48
0.87
0.524
0.211
0.084
0.749
0.409
0.363
0.143
0.328
0.273
0.653
0.352
0.15
0.987
0.956
0.65
0.387
0.657
0.24
0.54
0.58
0.108
0.969
0.279
0.413
0.799
0.56
0.355
0.799
0.945
0.437
0.317
0.281
0.331
0.129
0.317
0.547
0.374
0.509
0.847
0.244
0.784
0.195
0.085
0.33
0.741
0.288
0.84
0.925
0.945
0.412
0.163
0.804
0.684
0.676
0.68
0.559
0.613
0.251
0.173
0.632
0.855
0.674
0.272
0.258
0.003
0.741
0.336
0.958
0.741
0.628
0.422
0.619
0.622
0.533
0.92
0.325
0.663
0.76
0.896
0.673
0.168
0.105
0.498
0.088
0.892
0.713
0.303
0.659
0.787
0.191
0.264
0.743
0.625
0.401
0.393
0.137
0.582
0.045
0.73
0.247
0.488
0.333
0.516
0.94
0.559
0.369
0.106
0.221
0.419
0.712
0.755
0.997
0.347
0.224
0.226
0.871
0.954
0.01
0.227
0.007
0.305
0.85
0.974
0.693
0.606
0.458
0.35
0.278
0.365
0.148
0.303
0.034
0.195
0.845
0.184
0.384
0.864
0.352
0.703
0.644
0.532
0.182
0.531
0.307
0.114
0.136
0.213
0.9
0.76
0.714
0.503
0.863
0.629
0.288
0.233
0.688
0.991
0.676
0.197
0.411
0.28
0.508
0.049
0.75
0.349
0.04
0.034
0.557
0.646
0.471
0.273
0.545
0.421
0.613
0.117
0.843
0.218
0.167
0.295
0.861
0.467
0.97
0.096
0.422
0.471
0.641
0.471
0.179
0.448
0.125
0.971
0.275
0.827
0.115
0.026
0.867
0.039
0.451
0.474
0.66
0.893
0.785
0.042
0.264
0.651
0.83
0.794
0.192
0.399
0.019
0.395
0.112
0.623
0.408
0.979
0.641
0.2
0.121
0.465
0.199
0.993
0.748
0.142
0.371
0.215
0.38
0.114
0.777
0.715
0.639
0.687
0.537
0.47
0.493
0.19
0.184
0.83
0.546
0.223
0.988
0.997
0.331
0.368
0.606
0.518
0.704
0.055
0.03
0.024
0.658
0.995
0.009
0.718
0.353
0.208
0.295
0.758
0.983
0.498
0.998
0.888
0.323
0.974
0.559
0.853
0.462
0.441
0.538
0.3
0.965
0.724
0.445
0.1
0.38
0.979
0.926
0.031
0.207
0.165
0.117
0.031
0.202
0.694
0.266
0.702
0.915
0.052
0.209
0.069
0
0.639
1.0
0.15
0.691
0.161
0.369
0.601
0.776
0.93
0.147
0.079
0.489
0.881
0.605
0.989
0.466
0.936
0.965
0.909
0.148
0.339
0.689
0.693
0.4
0.871
0.604
0.761
0.66
0.982
0.734
0.338
0.51
0.894
0.636
0.421
0.491
0.383
0.788
0.606
0.172
0.599
0.648
0.475
0.208
0.549
0.917
0.912
0.405
0.849
0.518
0.601
0.279
0.161
0.752
0.105
0.515
0.077
0.397
0.903
0.472
0.245
0.565
0.768
0.278
0.367
0.158
0.33
0.42
0.92
0.458
0.55
0.808
0.643
0.79
0.204
0.35
0.653
0.244
0.648
0.517
0.825
0.833
0.86
0.764
0.636
0.106
0.257
0.355
0.561
0.41
0.052
0.968
0.971
0.457
0.783
0.773
0.946
0.593
0.612
0.967
0.054
0.727
0.019
0.299
0.072
0.273
0.227
0.891
0.493
0.669
0.212
0.52
0.441
0.083
0.143
0.482
0.787
0.78
0.951
0.557
0.815
0.329
0.058
0.137
0.025
0.352
0.878
0.179
0.244
0.162
0.743
0.011
0.967
0.613
0.483
0.187
0.111
0.391
0.73
0.246
0.425
0.872
0.674
0.247
0.411
0.907
0.16
0.053
0.773
0.112
0.549
0.436
0.06
0.68
0.904
0.577
0.181
0.358
0.123
0.279
0.72
0.02
0.926
0.187
0.896
0.04
0.949
0.422
0.086
0.254
0.545
0.978
0.121
0.288
0.44
0.128
0.506
0.84
0.568
0.593
0.861
0.825
0.518
0.697
0.604
0.681
0.66
0.642
0.455
0.776
0.578
0.117
0.713
0.506
0.654
0.384
0.584
0.827
0.056
0.928
0.462
0.451
0.418
0.221
0.296
0.496
0.18
0.635
0.435
0.414
0.845
0.253
0.306
0.467
0.015
0.2
0.738
0.751
0.332
0.542
0.456
0.645
0.598
0.451
0.366
0.176
0.914
0.484
0.5
0.231
0.458
0.973
0.093
0.965
0.648
0.528
0.58
0.601
0.821
0.047
0.847
0.011
0.966
0.914
0.18
0.028
0.401
0.548
0.171
0.122
0.39
0.364
0.966
0.764
0.475
0.279
0.789
0.364
0.13
0.655
0.607
0.785
0.717
0.671
0.912
0.214
0.08
0.677
0.453
0.178
0.925
0.115
0.955
0.46
0.913
0.154
0.198
0.065
0.33
0.583
0.317
0.837
0.58
0.086
0.916
0.321
0.246
0.815
0.183
0.28
0.714
0.339
0.911
0.341
0.306
0.957
0.368
0.138
0.307
0.591
0.039
0.41
0
0.568
0.885
0.82
0.223
0.403
0.977
0.771
0.184
0.328
0.504
0.154
0.206
0.196
0.318
0.076
0.969
0.172
0.889
0.32
0.612
0.973
0.203
0.033
0.682
0.386
0.735
0.445
0.178
0.998
0.217
0.145
0.911
0.225
0.239
0.448
0.384
0.731
0.945
0.886
0.053
0.386
0.586
0.451
0.607
0.002
0.074
0.615
0.613
0.932
0.261
0.475
0.314
0.681
0.103
0.345
0.062
0.533
0.644
0.279
0.417
0.638
0.146
0.428
0.19
0.823
0.081
0.649
0.184
0.769
0.032
0.831
0.608
0.615
0.318
0.501
0.437
0.957
0.449
0.58
0.575
0.159
0.988
0.197
0.163
0.718
0.456
0.225
0.258
0.707
0.078
0.668
0.26
0.329
0.379
0.8
0.038
0.437
0.828
0.398
0.606
0.584
0.124
0.185
0.322
0.898
0.198
0.324
0.038
0.787
0.565
0.566
0.317
0.046
0.396
0.841
0.409
0.912
0.258
0.354
0.895
0.53
0.093
0.084
0.572
0.932
0.853
0.447
0.684
0.22
0.111
0.261
0.751
0.914
0.378
0.521
0.479
0.035
0.05
0.501
0.119
0.825
0.252
0.228
0.117
0.789
0.673
0.014
0.079
0.406
0.801
0.018
0.605
0.52
0.545
0.402
0.941
0.172
0.548
0.833
0.737
0.372
0.29
0.645
0.962
0.057
0.165
0.39
0.43
0.84
0.102
0.515
0.09
0.717
0.32
0.37
0.128
0.881
0.262
0.68
0.036
0.419
