0.075
0.989
0.588
0.995
0.826
0.509
0.468
0.485
0.372
0.755
0.685
0.998
0.794
0.962
0.648
0.442
0.176
0.046
0.72
0.467
0.35
0.416
0.353
0.48
0.583
0.944
0.011
0.834
0.75
0.056
0.946
0.766
0.792
0.067
0.203
0.378
0.957
0.968
0.186
0.265
0.008
0.349
0.049
0.177
0.725
0.85
0.828
0.809
0.396
0.524
0.993
0.558
0.256
0.854
0.528
0.603
0.858
0.313
0.114
0.684
0.073
0.383
0.386
0.946
0.674
0.745
0.275
0.434
0.684
0.336
0.742
0.835
0.075
0.49
0.178
0.295
0.789
0.692
0.401
0.126
0.598
0.004
0.513
0.491
0.391
0.202
0.134
0.55
0.22
0.567
0.715
0.972
0.995
0.627
0.563
0.68
0.336
0.568
0.576
0.81
0.703
0.125
0.032
0.834
0.213
0.573
0.954
0.492
0.834
0.011
0.177
0.159
0.929
0.645
0.437
0.362
0.57
0.713
0.173
0.928
0.749
0.873
0.683
0.452
0.912
0.916
0.304
0.811
0.588
0.397
0.014
0.527
0.558
0.175
0.665
0.217
0.694
0.379
0.915
0.441
0.967
0.352
0.209
0.859
0.305
0.506
0.553
0.418
0.002
0.199
0.3
0.301
0.176
0.141
0.315
0.822
0.389
0.661
0.131
0.701
0.32
0.584
0.175
0.831
0.423
0.152
0.377
0.74
0.1
0.683
0.963
0.654
0.244
0.632
0.973
0.697
0.72
0.053
0.782
0.781
0.776
0.244
0.876
0.191
0.805
0.504
0.759
0.748
0.405
0.667
0.528
0.325
0.408
0.34
0.136
0.266
0.56
0.982
0.856
0.402
0.779
0.069
0.985
0.37
0.138
0.01
0.068
0.157
0.75
0.753
0.46
0.026
0.526
0.742
0.719
0.156
0.503
0.412
0.428
0.494
0.418
0.815
0.287
0.016
0.404
0.611
0.729
0.428
0.435
0.02
0.314
0.449
0.132
0.682
0.276
0.379
0.58
0.561
0.761
0.922
0.235
0.098
0.091
0.997
0.913
0.335
0.143
0.537
0.668
0.703
0.281
0.54
0.934
0.973
0.445
0.585
0.576
0.563
0.084
0.725
0.604
0.949
0.128
0.004
0.04
0.28
0.361
0.243
0.589
0.184
0.902
0.265
0.009
0.429
0.208
0.672
0.624
0.34
0.489
0.632
0.896
0.981
0.07
0.119
0.16
0.232
0.791
0.312
0.171
0.13
0.206
0.853
0.528
0.608
0.661
0.395
0.435
0.335
0.342
0.785
0.376
0.533
0.403
0.056
0.725
0.951
0.851
0.071
0.456
0.35
0.987
0.308
0.954
0.909
0.297
0.172
0.901
0.187
0.361
0.581
0.784
0.282
0.629
0.509
0.763
0.946
0.691
0.296
0.067
0.735
0.458
0.01
0.684
0.365
0.964
0.21
0.272
0.514
0.734
0.101
0.977
0.051
0.772
0.865
0.717
0.404
0.365
0.758
0.327
0.241
0.785
0.084
0.558
0.169
0.248
0.51
0.589
0.439
0.137
0.293
0.909
0.28
0.508
0.283
0.045
0.154
0.638
0.44
0.052
0.66
0.525
0.262
0.767
0.831
0.445
0.593
0.583
0.581
0.224
0.798
0.505
0.655
0.501
0.013
0.471
0.915
0.917
0.274
0.01
0.047
0.784
0.355
0.038
0.923
0.937
0.289
0.847
0.951
0.931
0.545
0.261
0.94
0.329
0.421
0.353
0.818
0.898
0.779
0.975
0.64
0.294
0.603
0.322
0.848
0.19
0.754
0.723
0.451
0.884
0.51
0.633
0.818
0.958
0.782
0.467
0.998
0.9
0.326
0.631
0.579
0.252
0.502
0.767
0.305
0.1
0.495
0.581
0.9
0.043
0.309
0.57
0.713
0.213
0.461
0.498
0.417
0.118
0.694
0.315
0.395
0.766
0.471
0.724
0.067
0.864
0.47
0.263
0.852
0.298
0.454
0.582
0.273
0.928
0.013
0.275
0.079
0.71
0.951
0.617
0.002
0.632
0.456
0.816
0.509
0.506
0.257
0.714
0.617
0.709
0.208
0.467
0.957
0.918
0.293
0.111
0.426
0.189
0.588
0.311
0.882
0.878
0.303
0.309
0.085
0.939
0.729
0.944
0.705
0.764
0.258
0.87
0.879
0.718
0.996
0.755
0.804
0.572
0.922
0.051
0.666
0.214
0.054
0.902
0.209
0.187
0.724
0.861
0.959
0.092
0.785
0.203
0.922
0.943
0.404
0.424
0.352
0.986
0.399
0.33
0.086
0.181
0.38
0.272
0.936
0.066
0.065
0.511
0.442
0.859
0.125
0.23
0.219
0.813
0.303
0.721
0.259
0.646
0.81
0.39
0.191
0.387
0.674
0.635
0.044
0.277
0.062
0.107
0.397
0.434
0.168
0.386
0.821
0.794
0.93
0.205
0.457
0.323
0.157
0.91
0.456
0.393
0.167
0.997
0.511
0.812
0.784
0.628
0.895
0.483
0.065
0.512
0.657
0.052
0.776
0.049
0.896
0.168
0.473
0.398
0.614
0.031
0.977
0.151
0.956
0.037
0.961
0.318
0.313
0.478
0.148
0.705
0.549
0.173
0.392
0.088
0.824
0.542
0.066
0.252
0.005
0.568
0.08
0.319
0.637
0.414
0.203
0.633
0.482
0.254
0.32
0.383
0.946
0.523
0.181
0.376
0.837
0.814
0.023
0.486
0.749
0.801
0.302
0.691
0.926
0.082
0.276
0.911
0.179
0.419
0.918
0.104
0.822
0.427
0.491
0.531
0.327
0.752
0.722
0.86
0.815
0.855
0.059
0.743
0.869
0.958
0.294
0.915
0.53
0.594
0.728
0.57
0.292
0.82
0.821
0.937
0.45
0.812
0.137
0.742
0.822
0.039
0.756
0.718
0.75
0.39
0.054
0.867
0.694
0.228
0.966
0.032
0.393
0.486
0.367
0.185
0.003
0.516
0.286
0.548
0.32
0.018
0.62
0.651
0.741
0.776
0.548
0.143
0.27
0.535
0.677
0.201
0.07
0.378
0.572
0.712
0.658
0.478
0.753
0.831
0.91
0.042
0.449
0.065
0.819
0.188
0.512
0.223
0.5
0.056
0.38
0.315
0.807
0.087
0.162
0.441
0.152
0.519
0.244
0.631
0.497
0.193
0.717
0.617
0.657
0.974
0.99
0.939
0.475
0.185
0.234
0.193
0.524
0.713
0.076
0.238
0.579
0.525
0.83
0.141
0.227
0.012
0.254
0.36
0.087
0.949
0.219
0.96
0.575
0.004
0.951
0.558
0.428
0.014
0.687
0.352
0.683
0.682
0.84
0.449
0.055
0.567
0.08
0.043
0.235
0.988
0.542
0.022
0.903
0.369
0.436
0.429
0.139
0.501
0.249
0.661
0.081
0.902
0.269
0.526
0.337
0.533
0.736
0.667
0.041
0.891
0.526
0.975
0.044
0.492
0.056
0.213
0.759
0.045
0.7
0.418
0.82
0.93
0.095
0.13
0.448
0.827
0.218
0.11
0.133
0.01
0.41
0.862
0.144
0.504
0.989
0.086
0.969
0.259
0.958
0.848
0.37
0.238
0.247
0.318
0.897
0.007
0.641
0.535
0.74
0.779
0.686
0.708
0.005
0.127
0.927
0.295
0.951
0.969
0.177
0.456
0.038
0.307
0.735
0.596
0.092
0.769
0.928
0.206
0.43
0.295
0.066
0.057
0.596
0.091
0.182
0.169
0.82
0.205
0.017
0.991
0.29
0.058
0.217
0.178
0.732
0.569
0.205
0.627
0.396
0.86
0.31
0.247
0.854
0.724
0.751
0.1
0.125
0.26
0.584
0.096
0.234
0.868
0.169
0.889
0.15
0.553
0.541
0.041
0.315
0.454
0.389
0.599
0.368
0.436
0.79
0.059
0.378
0.85
0.859
0.968
0.524
0.96
0.416
0.158
0.897
0.619
0.153
0.746
0.576
0.485
0.018
0.789
0.659
0.502
0.611
0.538
0.847
0.75
0.96
0.026
0.202
0.158
0.458
0.44
0.778
0.488
0.306
0.263
0.111
0.742
0.57
0.32
0.718
0.924
0.239
0.753
0.227
0.276
0.583
0.404
0.077
0.175
0.08
0.404
0.303
0.814
0.309
0.081
0.056
0.713
0.827
0.143
0.944
0.253
0.178
0.223
0.384
0.117
0.325
0.626
0.735
0.055
0.399
0.644
0.212
0.298
0.337
0.818
0.409
0.978
0.402
0.688
0.655
0.047
0.722
0.897
0.188
0.955
0.898
0.13
0.989
0.676
0.189
0.915
0.331
0.556
0.879
0.872
0.507
0.107
0.563
0.406
0.319
0.479
0.991
