0.556
0.178
0.659
0.942
0.665
0.303
0.795
0.152
0.28
0.921
0.198
0.464
0.868
0.357
0.569
0.317
0.502
0.661
0.967
0.941
0.442
1.0
0.567
0.329
0.731
0.893
0.258
0.472
0.29
0.518
0.131
0.665
0.291
0.342
0.833
0.241
0.422
0.143
0.707
0.471
0.908
0.101
0.545
0.444
0.98
0.13
0.381
0.929
0.896
0.554
0.55
0.801
0.905
0.006
0.189
0.102
0.042
0.679
1.0
0.574
0.75
0.697
0.783
0.018
0.82
0.514
0.287
0.51
0.735
0.205
0.379
0.499
0.818
0.75
0.682
0.234
0.909
0.029
0.607
0.04
0.671
0.413
0.588
0.944
0.601
0.818
0.829
0.517
0.514
0.695
0.034
0.813
0.435
0.994
0.983
0.269
0.285
0.915
0.211
0.078
0.482
0.041
0.989
0.348
0.674
0.579
0.698
0.756
0.22
0.046
0.753
0.04
0.704
0.142
0.08
0.295
0.702
0.434
0.233
0.838
0.216
0.114
0.059
0.65
0.155
0.958
0.634
0.502
0.484
0.576
0.631
0.546
0.421
0.754
0.373
0.797
0.181
0.949
0.255
0.696
0.332
0.792
0.276
0.153
0.134
0.004
0.221
0.454
0.042
0.96
0.075
0.334
0.937
0.852
0.506
0.982
0.688
0.528
0.175
0.539
0.529
0.304
0.03
0.131
0.501
0.712
0.386
0.132
0.499
0.945
0.482
0.294
0.574
0.22
0.684
0.622
0.803
0.972
0.838
0.307
0.122
0.989
0.58
0.768
0.469
0.564
0.953
0.626
0.737
0.762
0.771
0.251
0.679
0.774
0.358
0.069
0.251
0.074
0.885
0.913
0.105
0.771
0.405
0.119
0.462
0.224
0.488
0.01
0.406
0.329
0.015
0.619
0.006
0.392
0.555
0.578
0.828
0.617
0.941
0.243
0.812
0.608
0.407
0.238
0.858
0.392
0.649
0.45
0.077
0.653
0.818
0.332
0.528
0.398
0.836
0.307
0.294
0.509
0.374
0.783
0.743
0.358
0.757
0.84
0.06
0.794
0.774
0.438
0.324
0.118
0.009
0.884
0.36
0.623
0.863
0.623
0.716
0.56
0.944
0.313
0.088
0.533
0.814
0.45
0.043
0.943
0.273
0.304
0.712
0.055
0.988
0.325
0.973
0.322
0.468
0.818
0.863
0.918
0.172
0.421
0.709
0.965
0.666
0.318
0.443
0.544
0.486
0.876
0.477
0.775
0.012
0.851
0.857
0.051
0.048
0.912
0.151
0.052
0.237
0.185
0.505
0.926
0.71
0.139
0.488
0.19
0.302
0.159
0.039
0.251
0.638
0.947
0.541
0.571
0.208
0.072
0.256
0.906
0.902
0.297
0.227
0.881
0.392
0.658
0.993
0.389
0.066
0.701
0.956
0.417
0.742
0.271
0.319
0.052
0.998
0.738
0.417
0.124
0.867
0.278
0.804
0.145
0.604
0.986
0.083
0.184
0.793
0.019
0.241
0.74
0.664
0.679
0.477
0.062
0.47
0.475
0.926
0.748
0.927
0.244
0.794
0.981
0.846
0.558
0.463
0.112
0.617
0.542
0.531
0.228
0.536
0.531
0.055
0.214
0.927
0.469
0.394
0.352
0.823
0.476
0.572
0.881
0.978
0.002
0.818
0.137
0.014
0.761
0.332
0.211
0.008
0.365
0.547
0.31
0.226
0.404
0.448
0.492
0.526
0.872
0.524
0.285
0.13
0.117
0.098
0.987
0.051
0.857
0.39
0.186
0.824
0.656
0.195
0.371
0.049
0.956
0.865
0.269
0.485
0.009
0.501
0.805
0.784
0.919
0.664
0.741
0.258
0.406
0.762
0.632
0.748
0.236
0.586
0.026
0.286
0.053
0.984
0.069
0.469
0.312
0.364
0.45
0.801
0.688
0.37
0.15
0.015
0.492
0.298
0.741
0.059
0.876
0.071
0.475
0.038
0.587
0.725
0.635
0.25
0.045
0.842
0.516
0.643
0.337
0.805
0.557
0.711
0.373
0.257
0.183
0.797
0.781
0.058
0.074
0.612
0.587
0.416
0.42
0.643
0.983
0.522
0.369
0.036
0.065
0.873
0.551
0.575
0.124
0.241
0.192
0.465
0.752
0.863
0.749
0.478
0.186
0.543
0.009
0.837
0.29
0.899
0.377
0.573
0.043
0.421
0.787
0.387
0.329
0.928
0.596
0.531
0.866
0.756
0.313
0.864
0.5
0.731
0.442
0.85
0.362
0.943
0.812
0.747
0.602
0.466
0.173
0.684
0.765
0.229
0.083
0.351
0.615
0.492
0.494
0.315
0.412
0.518
0.288
0.361
0.614
0.285
0.481
0.122
0.527
0.84
0.392
0.19
0.76
0.604
0.919
0.69
0.126
0.779
0.744
0.244
0.291
0.91
0.302
0.855
0.504
0.266
0.749
0.485
0.933
0.754
0.905
0.067
0.969
0.994
0.476
0.289
0.461
0.916
0.445
0.861
0.665
0.623
0.236
0.09
0.984
0.401
0.984
0.843
0.941
0.376
0.36
0.411
0.36
0.551
0.499
0.394
0.426
0.858
0.526
0.959
0.396
0.044
0.141
0.939
0.25
0.41
0.035
0.099
0.572
0.834
0.495
0.091
0.026
0.516
1.0
0.873
0.512
0.084
0.12
0.256
0.71
0.229
0.254
0.032
0.728
0.834
0.469
0.059
0.34
0.922
0.133
0.46
0.228
0.553
0.475
0.468
0.453
0.589
0.354
0.755
0.787
0.514
0.664
0.958
0.26
0.32
0.031
0.914
0.104
0.602
0.772
0.381
0.471
0.807
0.041
0.296
0.592
0.087
0.778
0.571
0.332
0.575
0.906
0.67
0.811
0.391
0.976
0.486
0.602
0.848
0.921
0.29
0.631
0.008
0.858
0.465
0.336
0.783
0.236
0.152
0.684
0.364
0.996
0.195
0.183
0.369
0.801
0.295
0.655
0.137
0.059
0.651
0.921
0.707
0.715
0.91
0.833
0.124
0.713
0.552
0.346
0.614
0.557
0.358
0.123
0.422
0.684
0.973
0.635
0.102
0.756
0.845
0.389
0.99
0.369
0.149
0.094
0.738
0.189
0.058
0.074
0.309
0.105
0.712
0.376
0.234
0.47
0.311
0.431
0.976
0.548
0.246
0.281
0.661
0.206
0.968
0.431
0.952
0.647
0.201
0.8
0.697
0.375
0.543
0.332
0.694
0.927
0.858
0.891
0.365
0.961
0.109
0.254
0.264
0.744
0.918
0.06
0.614
0.236
0.329
0.273
0.405
0.877
0.385
0.012
0.946
0.491
0.472
0.151
0.888
0.667
0.637
0.241
0.362
0.455
0.309
0.969
0.202
0.23
0.897
0.657
0.917
0.716
0.417
0.406
0.57
0.531
0.822
0.25
0.94
0.358
0.441
0.175
0.439
0.406
0.81
0.921
0.648
0.195
0.887
0.454
0.249
0.652
0.525
0.974
0.05
0.911
0.247
0.929
0.593
0.614
0.541
0.166
0.14
0.096
0.598
0.79
0.622
0.651
0.434
0.805
0.296
0.999
0.413
0.459
0.184
0.143
0.477
0.969
0.823
0.205
0.1
0.724
0.406
0.423
0.402
0.734
0.343
0.32
0.966
0.734
0.734
0.661
0.696
0.996
0.342
0.999
0.276
0.168
0.46
0.966
0.891
0.86
0.225
0.138
0.381
0.39
0.549
0.948
0.359
0.337
0.861
0.3
0.694
0.233
0.245
0.297
0.252
0.684
0.291
0.163
0.944
0.582
0.116
0.904
0.286
0.418
0.582
0.243
0.859
0.929
0.632
0.83
0.31
0.848
0.137
0.309
0.931
0.053
0.425
0.507
0.601
0.967
0.168
0.743
0.988
0.655
0.867
0.811
0.847
0.525
0.268
0.878
0.218
0.866
0.084
0.415
0.969
0.077
0.709
0.152
0.512
0.722
0.935
0.735
0.38
0.132
0.396
0.359
0.27
0.354
0.849
0.006
0.525
0.0
0.876
0.775
0.709
0.164
0.719
0.233
0.352
0.715
0.949
0.866
0.355
0.675
0.684
0.426
0.625
0.239
0.932
0.646
0.833
0.737
0.485
0.366
0.424
0.345
0.198
0.611
0.469
0.648
0.427
0.496
0.14
0.472
0.489
0.678
0.301
0.151
0.791
0.424
0.59
0.771
0.347
0.474
0.373
0.261
0.26
0.725
0.161
0.339
0.929
0.143
0.843
0.396
0.395
0.001
0.935
0.631
0.834
0.76
0.67
0.534
0.469
0.743
0.36
0.477
0.813
0.855
0.782
0.973
0.173
0.814
0.132
0.223
0.815
0.402
0.668
0.372
0.234
0.331
0.682
0.268
