0.562
0.573
0.066
0.536
0.214
0.171
0.219
0.986
0.68
0.643
0.06
0.101
0.935
0.528
0.042
0.121
0.113
0.88
0.471
0.47
0.917
0.285
0.456
0.255
0.019
0.741
0.323
0.309
0.465
0.224
0.55
0.495
0.481
0.418
0.959
0.186
0.303
0.156
0.015
0.049
0.281
0.15
0.417
0.697
0.981
0.892
0.496
0.462
0.153
0.87
0.056
0.682
0.499
0.929
0.421
0.739
0.15
0.117
0.29
0.773
0.492
0.439
0.078
0.581
0.098
0.966
0.34
0.112
0.438
0.824
0.282
0.304
0.514
0.547
0.439
0.271
0.648
0.904
0.542
0.572
0.14
0.684
0.455
0.752
0.33
0.494
0.749
0.414
0.95
0.732
0.105
0.177
0.026
0.997
0.554
0.56
0.833
0.751
0.763
0.644
0.641
0.156
0.892
0.667
0.835
0.866
0.147
0.479
0.486
0.607
0.653
0.856
0.772
0.276
0.637
0.76
0.255
0.633
0.311
0
0.558
0.957
0.217
0.948
0.29
0.2
0.013
0.659
0.318
0.374
0.63
0.162
0.532
0.843
0.793
0.755
0.044
0.181
0.529
0.51
0.313
0.884
0.479
0.462
0.18
0.47
0.609
0.623
0.669
0.787
0.58
0.433
0.19
0.335
0.87
0.603
0.738
0.031
0.182
0.963
0.633
0.503
0.254
0.076
0.206
0.993
0.627
0.367
0.261
0.043
0.749
0.379
0.381
0.781
0.379
0.388
0.5
0.618
0.776
0.358
0.158
0.617
0.853
0.214
0.1
0.195
0.183
0.302
0.6
0.87
0.955
0.938
0.8
0.419
0.591
0.623
0.673
0.283
0.784
0.639
0.816
0.044
0.88
0.167
0.079
0.96
0.583
0.544
0.361
0.482
0.81
0.713
0.738
0.186
0.718
0.806
0.071
0.97
0.977
0.326
0.44
0.638
0.159
0.762
0.26
0.598
0.488
0.133
0.547
0.674
0.027
0.306
0.19
0.718
0.852
0.573
0.238
0.357
0.564
0.221
0.273
0.676
0.013
0.296
0.97
0.299
0.805
0.638
0.142
0.875
0.567
0.399
0.239
0.476
0.654
0.219
0.854
0.837
0.246
0.519
0.241
0.763
0.537
0.899
0.106
0.517
0.205
0.037
0.762
0.841
0.999
0.591
0.16
0.515
0.767
0.333
0.772
0.427
0.53
0.181
0.191
0.443
0.865
0.119
0.628
0.124
0.016
0.981
0.279
0.684
0.191
0.028
0.662
0.066
0.335
0.318
0.727
0.714
0.187
0.237
0.021
0.628
0.688
0.353
0.715
0.456
0.584
0.493
0.324
0.612
0.95
0.48
0.457
0.737
0.027
0.255
0.819
0.022
0.569
0.665
0.166
0.665
0.963
0.94
0.403
0.016
0.772
0.942
0.733
0.399
0.454
0.039
0.589
0.377
0.319
0.209
0.951
0.751
0.28
0.3
0.495
0.516
0.13
0.181
0.97
0.132
0.144
0.409
0.009
0.828
0.582
0.266
0.896
0.71
0.324
0.646
0.225
0.39
0.818
0.332
0.282
0.624
0.891
0.968
0.819
0.063
0.594
0.28
0.946
0.521
0.803
0.584
0.097
0.456
0.126
0.062
0.607
0.493
0.197
0.922
0.88
0.414
0.232
0.447
0.253
0.241
0.667
0.441
0.468
0.171
0.069
0.239
0.095
0.322
0.341
0.262
0.795
0.25
0.14
0.705
0.975
0.484
0.683
0.334
0.947
0.557
0.372
0.216
0.479
0.49
0.901
0.658
0.463
0.715
0.175
0.557
0.66
0.761
0.026
0.413
0.846
0.207
0.005
0.212
0.792
0.996
0.436
0.55
0.89
0.187
0.164
0.578
0.306
0.319
0.387
0.518
0.342
0.271
0.114
0.215
0.861
0.028
0.969
0.484
0.919
0.315
0.214
0.98
0.959
0.328
0.373
0.845
0.835
0.913
0.326
0.367
0.217
0.976
0.364
0.47
0.104
0.893
0.445
0.639
0.489
0.495
0.363
0.191
0.727
0.039
0.805
0.278
0.661
0.682
0.563
0.494
0.016
0.374
0.094
0.582
0.324
0.364
0.99
0.812
0.088
0.525
0.181
0.011
0.571
0.812
0.844
0.772
0.715
0.759
0.727
0.246
0.725
0.622
0.291
0.088
0.749
0.563
0.212
0.945
0.871
0.716
0.381
0.369
0.213
0.869
0.8
0.126
0.549
0.597
0.141
0.765
0.475
0.924
0.357
0.935
0.531
0.281
0.251
0.542
0.016
0.393
0.899
0.502
0.347
0.649
0.292
0.823
0.554
0.775
0.17
0.05
0.27
0.295
0.072
0.789
0.65
0.181
0.473
0.0
0.185
0.266
0.018
0
0.525
0.705
0.726
0.304
0.085
0.222
0.699
0.834
0.293
0.266
0.569
0.481
0.864
0.165
0.882
0.231
0.547
0.102
0.374
0.751
0.525
0.905
0.12
0.229
0.558
0.923
0.737
0.952
0.018
0.928
0.118
0.211
0.638
0.054
0.842
0.662
0.06
0.564
0.535
0.72
0.961
0.982
0.844
0.008
0.605
0.533
0.828
0.908
0.709
0.901
0.581
0.645
0.172
0.055
0.711
0.682
0
0.433
0.038
0.339
0.073
0.212
0.991
0.121
0.697
0.238
0.386
0.271
0.123
0.554
0.481
0.653
0.785
0.516
0.145
0.025
0.205
0.734
0.8
0.832
0.162
0.604
0.152
0.479
0.172
0.22
0.544
0.306
0.646
0.517
0.455
0.516
0.166
0.961
0.263
0.429
0.362
0.259
0.973
0.732
0.413
0.99
0.323
0.025
0.933
0.418
0.923
0.074
0.481
0.449
0.247
0.296
0.143
0.499
0.923
0.668
0.916
0.645
0.745
0.848
0.066
0.94
0.048
0.582
0.756
0.382
0.646
0.834
0.605
0.311
0.587
0.37
0.803
0.989
0.839
0.38
0.098
0.897
0.514
0.388
0.427
0.414
0.433
0.821
0.851
0.024
0.922
0.604
0.492
0.926
0.675
0.764
0.363
0.49
0.741
0.729
0.1
0.931
0.244
0.144
0.324
0.929
0.261
0.058
0.115
0.401
0.334
0.416
0.327
0.064
0.743
0.274
0.907
0.869
0.944
0.631
0.685
0.636
0.251
0.638
0.041
0.669
0.26
0.363
0.434
0.281
0.272
0.364
0.397
0.945
0.594
0.397
0.72
0.139
0.057
0.068
0.809
0.146
0.309
0.798
0.794
0.207
0.203
0.888
0.575
0.724
0.869
0.407
0.244
0.838
0.679
0.723
0.514
0.756
0.619
0.427
0.202
0.843
0.365
0.404
0.962
0.166
0.086
0.224
0.632
0.34
0.326
0.428
0.806
0.014
0.292
0.972
0.587
0.014
0.421
0.063
0.009
0.876
0.342
0.023
0.014
0.177
0.735
0.471
0.157
0.052
0.266
0.164
0.934
0.41
0.716
0.763
0.592
0.88
0.161
0.326
0.138
0.268
0.113
0.061
0.182
0.112
0.425
0.013
0.049
0.319
0.59
0.79
0.491
0.927
0.397
0.078
0.887
0.865
0.983
0.601
0.858
0.445
0.17
0.536
0.183
0.282
0.514
0.878
0.734
0.02
0.647
0.26
0.03
0.662
0.289
0.725
0.367
0.95
0.072
0.942
0.122
0.235
0.836
0.979
0.373
0.655
0.982
0.668
0.515
0.476
0.54
0.167
0.966
0.323
0.5
0.919
0.714
0.702
0.066
0.615
0.623
0.348
0.635
0.977
0.724
0.015
0.558
0.739
0.174
0.695
0.739
0.045
0.308
0.812
0.212
0.33
0.615
0.46
0.082
0.815
0.537
0.172
0.218
0.107
0.648
0.73
0.04
0.335
0.34
0.316
0.065
0.131
0.902
0.632
0.98
0.172
0.662
0.044
0.081
0.538
0.396
0.285
0.094
0.495
0.279
0.146
0.948
0.811
0.896
0.863
0.312
0.269
0.862
0.66
0.586
0.695
0.643
0.14
0.215
0.7
0.397
0.52
0.19
0.771
0.63
0.248
0.748
0.679
0.104
0.62
0.861
0.492
0.258
0.231
0.501
0.354
0.52
0.789
0.27
0.316
0.499
0.799
0.063
0.28
0.876
0.283
0.951
0.332
0.368
0.115
0.929
0.076
0.127
0.193
0.299
0.638
0.612
0.708
0.697
0.142
0.456
0.615
0.062
0.465
0.126
0.07
0.764
0.503
0.872
0.555
0.71
0.657
0.377
0.853
0.54
0.27
0.928
0.573
0.441
0.602
0.066
0.621
0.943
0.18
0.809
0.157
0.92
0.097
0.364
0.668
0.648
0.09
0.561
0.067
0.317
0.103
