0.293
0.333
0.903
0.847
0.539
0.009
0.12
0.586
0.124
0.073
0.233
0.485
0.0
0.051
0.705
0.457
0.845
0.53
0.045
0.782
0.456
0.963
0.275
0.253
0.717
0.511
0.371
0.228
0.692
0.905
0.803
0.99
0.139
0.899
0.547
0.94
0
0.896
0.967
0.756
0.385
0.818
0.372
0.941
0.778
0.707
0.023
0.439
0.278
0.705
0.096
0.766
0.349
0.991
0.223
0.99
0.805
0.036
0.437
0.03
0.68
0.653
0.792
0.351
0.295
0.16
0.801
0.445
0.323
0.641
0.419
0.269
0.284
0.058
0.613
0.781
0.326
0.299
0.731
0.339
0.095
0.123
0.131
0.747
0.768
0.682
0.222
0.451
0.918
0.379
0.703
0.982
0.068
0.702
0.786
0.307
0.169
0.791
0.629
0.195
0.478
0.72
0.863
0.265
0.389
0.542
0.775
0.53
0.733
0.494
0.027
0.633
0.242
0.655
0.495
0.639
0.581
0.743
0.739
0.536
0.446
0.039
0.949
0.559
0.46
0.252
0.265
0.66
0.475
0.767
0.322
0.163
0.507
0.635
0.274
0.625
0.576
0.416
0.211
0.707
0.072
0.102
0.765
0.255
0.43
0.427
0.023
0.318
0.132
0.609
0.531
0.761
0.903
0.325
0.767
0.264
0.585
0.476
0.54
0.319
0.132
0.178
0.38
0.578
0.513
0.453
0.604
0.549
0.944
0.211
0.828
0.528
0.342
0.22
0.116
0.453
0.55
0.651
0.258
0.088
0.002
0.943
0.702
0.695
0.126
0.624
0.318
0.178
0.084
0.796
0.597
0.383
0.97
0.947
0.162
0.419
0.414
0.064
0.439
0.301
0.119
0.823
0.761
0.095
0.87
0.586
0.873
0.201
0.15
0.876
0.419
0.353
0.246
0.75
0.847
0.502
0.996
0.212
0.826
0.746
0.144
0.035
0.762
0.34
0.979
0.35
0.141
0.351
0.077
0.94
0.764
0.082
0.866
0.578
0.284
0.627
0.401
0.894
0.442
0.95
0.6
0.408
0.07
0.769
0.805
0.02
0.688
0.469
0.138
0.876
0.445
0.461
0.346
0.358
0.2
0.514
0.865
0.037
0.759
0.656
0.278
0.245
0.655
0.526
0.661
0.056
0.4
0.286
0.755
0.86
0.282
0.922
0.704
0.198
0.756
0.496
0.269
0.507
0.325
0.532
0.674
0.359
0.833
0.693
0.63
0.196
0.134
0.557
0.472
0.22
0.86
0.499
0.958
0.362
0.824
0
0.497
0.317
0.069
0.539
0.756
0.344
0.512
0.596
0.615
0.25
0.121
0.365
0.101
0.185
0.843
0.597
0.445
0.693
0.732
0.305
0.816
0.66
0.906
0.078
0.018
0.825
0.287
0.013
0.033
0.903
0.061
0.078
0.172
0.229
0.727
0.099
0.742
0.802
0.022
0.717
0.135
0.349
0.83
0.79
0.255
0.784
0.293
0.88
0.879
0.43
0.628
0.858
0.398
0.824
0.467
0.013
0.565
0.181
0.074
0.897
0.078
0.644
0.831
0.93
0.55
0.385
0.042
0.56
0.887
0.399
0.914
0.748
0.893
0.761
0.461
0.555
0.843
0.457
0.831
0.394
0.469
0.519
0
0.548
0.051
0.957
0.261
0.187
0.196
0.126
0.57
0.02
0.23
0.597
0.11
0.046
0.223
0.205
0.723
0.442
0.077
0.668
0.061
0.416
0.71
0.148
0.639
0.136
0.531
0.122
0.16
0.265
0.766
0.208
0.303
0.954
0.157
0.462
0.667
0.956
0.598
0.401
0.478
0.272
0.165
0.681
0.068
0.582
0.447
0.496
0.414
0.889
0.66
0.436
0.883
0.62
0.268
0.835
0.14
0.14
0.698
0.68
0.481
0.339
0.696
0.067
0.695
0.774
0.024
0.398
0.56
0.856
0.239
0.592
0.972
0.176
0.463
0.59
0.065
0.338
0.311
0.817
0.334
0.191
0.915
0.572
0.866
0.996
0.172
0.893
0.401
0.431
0.634
0.007
0.627
0.855
0.546
0.621
0.83
0.846
0.129
0.16
0.747
0.742
0.667
0.63
0.688
0.201
0.993
0.037
0.856
0.423
0.304
0.978
0.631
0.442
0.174
0.8
0.79
0.496
0.659
0.65
0.172
0.118
0.768
0.318
0.406
0.367
0.057
0.509
0.416
0.934
0.457
0.33
0.433
0.377
0.833
0.615
0.888
0.379
0.294
0.992
0.727
0.712
0.569
0.871
0.245
0.153
0.959
0.222
0.23
0.713
0.72
0.864
0.743
0.91
0.053
0.579
0.448
0.361
0.596
0.654
0.991
0.905
0.96
0.416
0.96
0.044
0.952
0.042
0.511
0.224
0.801
0.738
0.079
0.923
0.133
0.144
0.387
0.321
0.201
0.439
0.023
0.828
0.308
0.216
0.963
0.357
0.213
0.192
0.04
0.855
0.053
0.852
0.467
0.957
0.468
0.031
0.981
0.608
0.24
0.181
0.47
0.702
0.119
0.919
0.493
0.555
0.183
0.114
0.955
0.682
0.42
0.209
0.529
0.093
0.339
0.165
0.902
0.895
0.554
0.78
0.767
0.328
0.46
0.382
0.573
0.367
0.919
0.105
0.325
0.122
0.527
0.775
0.117
0.309
0.962
0.819
0.898
0.371
0.66
0.044
0.845
0.495
0.678
0.356
0.476
0.537
0.537
0.011
0.196
0.713
0.104
0.086
0.388
0.739
0.323
0.216
0.15
0.902
0.7
0.446
0.679
0.238
0.826
0.042
0.055
0.218
0.711
0.589
0.814
0.635
0.62
0.522
0.874
0.653
0.664
0.133
0.148
0.235
0.106
0.608
0.458
0.171
0.095
0.844
0.78
0.732
0.249
0.738
0.727
0.946
0.241
0.418
0.22
0.538
0.505
0.586
0.666
0.335
0.073
0.449
0.498
0.877
0.575
0.331
0.525
0.09
0.737
0.114
0.714
0.273
0.504
0.71
0.396
0.022
0.778
0.034
0.095
0.748
0.514
0.875
0.669
0.33
0.567
0.401
0.317
0.245
0.999
0.26
0.066
0.084
0.503
0.622
0.657
0.665
0.715
0.834
0.544
0.632
0.859
0.342
0.94
0.159
0.529
0.694
0.332
0.551
0.877
0.166
0.714
0.065
0.155
0.659
0.151
0.174
0.229
0.944
0.2
0.556
0.134
0.411
0.192
0.017
0.108
0.167
0.67
0.278
0.507
0.476
0.165
0.553
0.009
0.989
0.833
0.701
0.072
0.515
0.099
0.917
0.451
0.738
0.676
0.329
0.727
0.414
0.13
0.332
0.245
0.072
0.123
0.468
0.249
0.028
0.937
0.363
0.632
0.08
0.15
0.213
0.364
0.745
0.032
0.979
0.781
0.523
0.229
0.424
0.254
0.425
0.114
0.422
0.283
0.048
0.086
0.539
0.628
0.482
0.443
0.076
0.698
0.264
0.001
0.201
0.628
0.171
0.83
0.256
0.162
0.178
0.613
0.714
0.654
0.821
0.909
0.354
0.174
0.48
0.336
0.935
0.085
0.807
0.401
0.844
0.586
0.399
0.151
0.987
0.418
0.149
0.427
0.867
0.725
0.426
0.716
0.353
0.542
0.47
0.929
0.358
0.887
0.985
0.158
0.149
0.7
0.321
0.817
0.424
0.975
0.842
0.977
0.896
0.54
0.962
0.343
0.859
0.178
0.171
0.059
0.913
0.956
0.59
0.551
0.652
0.664
0.454
0.033
0.854
0.342
0.166
0.152
0.378
0.8
0.202
0.931
0.059
0.248
0.092
0.128
0.462
0.64
0.912
0.297
0.123
0.456
0.299
0.694
0.317
0.528
0.333
0.718
0.908
0.833
0.016
0.627
0.858
0.053
0.637
0.55
0.372
0.563
0.003
0.21
0.552
0.977
0.721
0.688
0.933
0.549
0.658
0.644
0.917
0.28
0.371
0.468
0.706
0.625
0.298
0.635
0.562
0.599
0.481
0.389
0.098
0.682
0.868
0.16
0.789
0.954
0.375
0.133
0.107
0.413
0.678
0.036
0.046
0.092
0.89
0.739
0.188
0.34
0.509
0.364
0.821
0.42
0.911
0.648
0.692
0.466
0.509
0.284
0.103
0.836
0.428
0.933
0.663
0.361
0.975
0.532
0.911
0.685
0.284
0.042
0.672
0.651
0.411
0.075
0.909
0.808
0.494
0.471
0.551
0.711
0.102
0.044
0.185
0.822
0.96
0.323
0.461
0.281
0.462
0.912
0.241
0.402
0.131
0.173
0.703
0.158
0.695
0.339
0.167
0.84
0.578
0.238
0.15
0.422
0.421
0.757
0.512
0.116
0.147
0.546
0.186
