0.709
0.887
0.329
0.289
0.918
0.747
0.891
0.231
0.655
0.105
0.782
0.145
0.765
0.034
0.636
0.688
0.319
0.295
0.209
0.949
0.752
0.536
0.464
0.071
0.093
0.46
0.903
0.8
0.951
0.388
0.793
0.509
0.767
0.936
0.139
0.287
0.021
0.767
0.905
0.709
0.273
0.226
0.149
0.042
0.454
0.248
0.964
0.802
0.427
0.114
0.011
0.533
0.819
0.426
0.472
0.406
0.991
0.203
0.937
0.284
0.952
0.708
0.67
0.805
0.081
0.039
0.773
0.062
0.327
0.508
0.708
0.138
0.941
0.188
0.905
0.015
0.605
0.203
0.65
0.199
0.618
0.917
0.41
0.676
0.919
0.752
0.564
0.89
0.246
0.791
0.142
0.088
0.524
0.749
0.315
0.081
0.388
0.722
0.531
0.561
0.459
0.406
0.199
0.119
0.171
0.243
0.426
0.38
0.4
0.938
0.237
0.812
0.831
0.923
0.961
0.173
0.208
0.361
0.37
0.827
0.587
0.773
0.332
0.727
0.896
0.982
0.597
0.055
0.675
0.866
0.737
0.957
0.413
0.04
0.494
0.127
0.301
0.67
0.335
0.363
0.577
0.204
0.279
0.241
0.323
0.637
0.66
0.221
0.726
0.363
0.204
0.905
0.874
0.511
0.329
0.068
0.07
0.819
0.09
0.404
0.271
0.443
0.495
0.725
0.067
0.946
0.993
0.078
0.87
0.933
0.178
0.592
0.646
0.504
0.03
0.518
0.893
0.698
0.55
0.838
0.59
0.872
0.829
0.831
0.796
0.877
0.794
0.674
0.659
0.563
0.156
0.801
0.233
0.191
0.541
0.157
0.366
0.578
0.936
0.92
0.323
0.815
0.896
0.948
0.149
0.67
0.709
0.552
0.377
0.778
0.422
0.706
0.285
0.956
0.64
0.424
0.172
0.742
0.388
0.007
0.88
0.796
0.195
0.78
0.736
0.213
0.866
0.479
0.614
0.662
0.317
0.898
0.731
0.093
0.614
0.712
0.951
0.757
0.742
0.224
0.337
0.416
0.35
0.305
0.938
0.745
0.543
0.401
0.603
0.534
0.614
0.005
0.747
0.502
0.028
0.714
0.641
0.437
0.989
0.34
0.931
0.904
0.273
0.943
0.161
0.297
0.02
0.764
0.483
0.039
0.109
0.049
0.549
0.401
0.257
0.064
0.584
0.078
0.873
0.596
0.166
0.25
0.516
0.076
0.054
0.718
0.416
0.504
0.392
0.929
0.851
0.232
0.764
0.711
0.264
0.459
0.9
0.081
0.664
0.951
0.122
0.571
0.988
0.428
0.788
0.104
0.779
0.788
0.044
0.171
0.707
0.037
0.524
0.382
0.541
0.047
0.606
0.364
0.278
0.761
0.558
0.737
0.133
0.975
0.457
0.038
0.839
0.897
0.176
0.15
0.904
0.949
0.072
0.037
0.869
0.503
0.556
0.568
0.876
0.846
0.019
0.23
0.281
0.479
0.983
0.462
0.269
0.661
0.005
0.827
0.692
0.385
0.712
0.497
0.692
0.927
0.505
0.646
0.834
0.132
0.757
0.702
0.074
0.842
0.007
0.685
0.954
0.918
0.41
0.026
0.585
0.355
0.262
0.706
0.703
0.568
0.492
0.298
0.956
0.733
0.897
0.229
0.368
0.154
0.405
0.698
0.63
0.153
0.791
0.265
0.859
0.282
0.529
0.638
0.206
0.079
0.378
0.862
0.952
0.567
0.572
0.742
0.021
0.932
0.918
0.218
0.267
0.093
0.332
0.869
0.404
0.974
0.675
0.68
0.048
0.824
0.018
0.704
0.375
0.277
0.903
0.94
0.696
0.229
0.756
0.783
0.136
0.468
0.28
0.835
0.749
0.646
0.209
0.635
0.523
0.76
0.367
0.236
0.559
0.039
0.058
0.114
0.466
0.452
0.017
0.143
0.572
0.132
0.766
0.871
0.994
0.768
0.963
0.758
0.886
0.637
0.916
0.474
0.862
0.694
0.326
0.542
0.004
0.079
0.802
0.745
0.619
0.073
0.449
0.552
0.714
0.099
0.747
0.217
0.243
0.627
0.139
0.614
0.146
0.356
0.043
0.677
0.176
0.036
0.732
0.96
0.048
0.172
0.322
0.288
0.717
0.167
0.574
0.579
0.363
0.67
0.7
0.27
0.966
0.988
0.793
0.958
0.192
0.699
0.679
0.143
0.779
0.824
0.07
0.338
0.472
0.197
0.018
0.162
0.784
0.38
0.196
0.638
0.401
0.302
0.389
0.557
0.154
0.174
0.785
0.941
0.453
0.897
0.314
0.925
0.503
0.758
0.7
0.387
0.042
0.096
0.442
0.365
0.564
0.204
0.558
0.842
0.356
0.895
0.497
0.46
0.583
0.512
0.561
0.439
0.138
0.666
0.765
0.301
0.838
0.49
0.664
0.521
0.918
0.223
0.604
0.411
0.864
0.798
0.701
0.543
0.018
0.455
0.438
0.478
0.61
0.779
0.422
0.046
0.794
0.011
0.951
0.64
0.461
0.926
0.771
0.925
0.027
0.88
0.104
0.961
0.241
0.391
0.076
0.361
0.665
0.705
0.92
0.939
0.574
0.72
0.986
0.577
0.528
0.909
0.185
0.505
0.912
0.656
0.956
0.435
0.66
0.337
0.232
0.228
0.844
0.432
0.071
0.637
0.094
0.963
0.526
0.66
0.017
0.082
0.473
0.29
0.118
0.556
0.048
0.243
0.724
0.577
0.06
0.133
0.76
0.568
0.767
0.127
0.687
0.878
0.6
0.714
0.336
0.139
0.987
0.985
0.771
0.105
0.666
0.936
0.496
0.625
0.128
0.239
0.479
0.465
0.09
0.836
0.755
0.808
0.816
0.695
0.879
0.583
0.774
0.185
0.353
0.548
0.852
0.437
0.501
0.5
0.65
0.476
0.652
0.713
0.397
0.245
0.109
0.444
0.631
0.583
0.109
0.735
0.214
0.946
0.351
0.08
0.631
0.735
0.416
0.559
0.538
0.524
0.248
0.415
0.529
0.201
0.274
0.657
0.654
0.667
0.306
0.195
0.313
0.419
0.751
0.782
0.232
0.279
0.234
0.879
0.009
0.241
0.033
0.804
0.069
0.814
0.065
0.518
0.26
0.755
0.538
0.157
0.134
0.012
0.938
0.852
0.861
0.815
0.072
0.036
0.121
0.378
0.857
0.65
0.465
0.55
0.977
0.953
0.033
0.268
0.672
0.246
0.174
0.338
0.277
0.868
0.599
0.559
0.33
0.767
0.463
0.279
0.74
0.407
0.845
0.624
0.447
0.139
0.011
0.001
0.587
0.125
0.656
0.121
0.733
0.583
0.405
0.77
0.704
0.087
0.296
0.242
0.218
0.315
0.591
0.754
0.596
0.318
0.052
0.306
0.43
0.07
0.384
0.284
0.912
0.863
0.448
0.583
0.703
0.033
0.999
0.914
0.598
0.388
0.969
0.651
0.755
0.71
0.817
0.575
0.368
0.156
0.902
0.354
0.921
0.223
0.279
0.731
0.597
0.357
0.542
0.757
0.697
0.978
0.492
0.377
0.175
0.172
0.035
0.261
0.657
0.336
0.182
0.503
0.311
0.683
0.244
0.535
0.32
0.61
0.171
0.64
0.21
0.979
0.552
0.604
0.267
0.21
0.619
0.536
0.019
0.776
0.786
0.479
0.849
0.392
0.151
0.132
0.045
0.64
0.886
0.76
0.194
0.681
0.784
0.433
0.527
0.463
0.883
0.757
0.532
0.795
0.423
0.811
0.608
0.674
0.404
0.926
0.198
0.284
0.233
0.592
0.726
0.782
0.525
0.791
0.242
0.813
0.842
0.472
0.177
0.288
0.74
0.243
0.454
0.847
0.982
0.187
0.452
0.913
0.527
0.053
0.558
0.031
0.023
0.94
0.489
0.396
0.129
0.97
0.543
0.957
0.899
0.433
0.736
0.423
0.268
0.38
0.354
0.732
0.995
0.671
0.269
0.952
0.071
0.663
0.42
0.075
0.867
0.067
0.354
0.669
0.601
0.134
0.897
0.717
0.9
0.316
0.851
0.489
0.383
0.584
0.761
0.18
0.031
0.521
0.967
0.88
0.642
0.689
0.813
0.152
0.747
0.943
0.446
0.412
0.319
0.585
0.872
0.293
0.533
0.186
0.77
0.167
0.279
0.447
0.388
0.883
0.581
0.309
0.971
0.389
0.929
0.272
0.297
0.388
0.18
0.785
0.297
0.827
0.904
0.282
0.09
0.601
0.409
0.307
0.051
0.593
0.637
0.436
0.295
0.911
0.708
0.664
0.189
0.632
0.504
0.302
0.505
0.893
0.164
0.864
0.514
0.595
0.448
0.283
0.928
0.768
0.528
0.793
0.356
0.932
