0.359
0.163
0.783
0.083
0.122
0.497
0.659
0.432
0.062
0.259
0.453
0.05
0.038
0.677
0.626
0.097
0.75
0.909
0.899
0.393
0.728
0.318
0.345
0.377
0.762
0.28
0.134
0.721
0.548
0.231
0.687
0.532
0.655
0.269
0.711
0.395
0.46
0.08
0.896
0.684
0.195
0.053
0.692
0.989
0.929
0.414
0.567
0.674
0.343
0.435
0.053
0.53
0.664
0.98
0.631
0.48
0.75
0.838
0.545
0.89
0.85
0.257
0.41
0.675
0.375
0.226
0.391
0.218
0.989
0.09
0.007
0.158
0.296
0.902
0.967
0.983
0.145
0.888
0.054
0.042
0.545
0.923
0.193
0.749
0.169
0.448
0.593
0.926
0.489
0.559
0.003
0.65
0.849
0.888
0.274
0.474
0.304
0.027
0.368
0.379
0.615
0.446
0.143
0.794
0.201
0.091
0.874
0.917
0.442
0.717
0.194
0.138
0.202
0.369
0.053
0.04
0.972
0.085
0.198
0.374
0.153
0.699
0.67
0.346
0.28
0.383
0.612
0.341
0.074
0.571
0.532
0.392
0.968
0.794
0.407
0.231
0.307
0.166
0.926
0.06
0.402
0.351
0.965
0.893
0.728
0.688
0.869
0.166
0.537
0.117
0.5
0.907
0.011
0.213
0.501
0.725
0.909
0.052
0.221
0.755
0.586
0.535
0.504
0.901
0.579
0.949
0.267
0.919
0.839
0.885
0.051
0.051
0.087
0.67
0.738
0.871
0.165
0.748
0.27
0.531
0.41
0.137
0.231
0.532
0.628
0.789
0.629
0.565
0.301
0.343
0.153
0.806
0.17
0.175
0.751
0.829
0.365
0.123
0.253
0.548
0.325
0.611
0.173
0.609
0.411
0.516
0.694
0.604
0.267
0.516
0.719
0.063
0.227
0.23
0.956
0.136
0.987
0.417
0.859
0.369
0.524
0.449
0.378
0.463
0.534
0.541
0.939
0.902
0.386
0.292
0.229
0.045
0.113
0.6
0.538
0.072
0.047
0.034
0.829
0.976
0.277
0.878
0.369
0.817
0.955
0.716
0.121
0.104
0.953
0.247
0.854
0.52
0.732
0.665
0.861
0.909
0.451
0.986
0.936
0.161
0.722
0.356
0.235
0.867
0.279
0.701
0.545
0.648
0.809
0.524
0.676
0.233
0.734
0.915
0.25
0.296
0.301
0.915
0.301
0.412
0.983
0.703
0.104
0.296
0.512
0.627
0.363
0.635
0.114
0.646
0.962
0.74
0.388
0.189
0.633
0.727
0.965
0.156
0.372
0.939
0.363
0.788
0.063
0.185
0.632
0.893
0.045
0.015
0.403
0.028
0.115
0.428
0.453
0.892
0.802
0.752
0.716
0.084
0.507
0.75
0.696
0.196
0.764
0.465
0.065
0.847
0.406
0.147
0.006
0.383
0.98
0.658
0.103
0.689
0.027
0.738
0.406
0.177
0.105
0.106
0.318
0.126
0.173
0.348
0.321
0.663
0.614
0.582
0.438
0.31
0.327
0.185
0.871
0.672
0.528
0.974
0.142
0.125
0.871
0.613
0.282
0.43
0.326
0.568
0.794
0.05
0.477
0.37
0.876
0.778
0.615
0.01
0.722
0.913
0.63
0.304
0.877
0.704
0.647
0.338
0.083
0.973
0.248
0.255
0.805
0.068
0.567
0.744
0.141
0.015
0.816
0.757
0.444
0.646
0.034
0.17
0.676
0.334
0.141
0.135
0.296
0.018
0.576
0.003
0.984
0.477
0.725
0.914
0.726
0.199
0.605
0.486
0.74
0.31
0.434
0.249
0.167
0.892
0.391
0.575
0.772
0.246
0.429
0.305
0.902
0.966
0.544
0.364
0.658
0.251
0.538
0.94
0.57
0.443
0.894
0.626
0.375
0.229
0.878
0.481
0.981
0.941
0.371
0.367
0.748
0.855
0.489
0.675
0.456
0.866
0.749
0.674
0.059
0.065
0.82
0.271
0.142
0.294
0.42
0.192
0.106
0.483
0.671
0.743
0.261
0.152
0.106
0.597
0.257
0.879
0.16
0.965
0.238
0.155
0.686
0.054
0.141
0.058
0.609
0.866
0.725
0.087
0.91
0.826
0.336
0.72
0.478
0.432
0.517
0.204
0.784
0.959
0.415
0.596
0.812
0.965
0.481
0.864
0.479
0.95
0.727
0.703
0.086
0.728
0.783
0.958
0.762
0.55
0.346
0.769
0.308
0.706
0.121
0.82
0.714
0.397
0.352
0.844
0.756
0.779
0.095
0.936
0.932
0.185
0.96
0.513
0.124
0.868
0.558
0.753
0.453
0.436
0.833
0.531
0.66
0.518
0.274
0.251
0.757
0.501
0.981
0.853
0.964
0.546
0.834
0.714
0.223
0.495
0.542
0.045
0.946
0.13
0.738
0.548
0.623
0.152
0.722
0.029
0.016
0.245
0.838
0.401
0.084
0.858
0.096
0.374
0.792
0.532
0.792
0.311
0.662
0.439
0.345
0.526
0.877
0.54
0.948
0.8
0.377
0.095
0.504
0.817
0.227
0.624
0.68
0.889
0.0
0.291
0.715
0.979
0.153
0.894
0.752
0.521
0.122
0.281
0.601
0.561
0.81
0.417
0.318
0.399
0.91
0.552
0.105
0.362
0.463
0.025
0.227
0.668
0.336
0.066
0.558
0.6
0.316
0.63
0.506
0.402
0.714
0.732
0.544
0.896
0.185
0.826
0.194
0.305
0.381
0.909
0.906
0.589
0.982
0.755
0.848
0.129
0.522
0.139
0.745
0.613
0.776
0.183
0.487
0.866
0.991
0.787
0.564
0.414
0.157
0.937
0.737
0.283
0.61
0.384
0.515
0.66
0.483
0.115
0.528
0.395
0.568
0.117
0.251
0.126
0.738
0.967
0.849
0.014
0.955
0.347
0.309
0.398
0.666
0.498
0.495
0.017
0.183
0.654
0.689
0.824
0.578
0.634
0.136
0.09
0.944
0.04
0.58
0.194
0.823
0.615
0.089
0.146
0.865
0.772
0.948
0.506
0.979
0.024
0.52
0.934
0.057
0.861
0.528
0.65
0.851
0.46
0.127
0.765
0.646
0.468
0.427
0.786
0.998
0.777
0.698
0.128
0.136
0.63
0.047
0.489
0.179
0.458
0.07
0.319
0.542
0.151
0.584
0.706
0.958
0.235
0.556
0.24
0.105
0.788
0.872
0.868
0.373
0.359
0.927
0.305
0.7
0.627
0.173
0.297
0.762
0.898
0.986
0.42
0.055
0.531
0.492
0.903
0.609
0.283
0.994
0.763
0.967
0.814
0.001
0.12
0.443
0.679
0.405
0.179
0.146
0.608
0.522
0.033
0.907
0.369
0.249
0.981
0.879
0.631
0.981
0.886
0.546
0.237
0.036
0.349
0.814
0.766
0.493
0.1
0.613
0.073
0.413
0.381
0.903
0.639
0.719
0.933
0.274
0.274
0.273
0.166
0.955
0.623
0.186
0.625
0.841
0.831
0.995
0.32
0.69
0.418
0.701
0.039
0.968
0.704
0.001
0.954
0.522
0.686
0.448
0.967
0.577
0.829
0.197
0.142
0.056
0.912
0.439
0.577
0.473
0.069
0.03
0.29
0.417
0.262
0.186
0.214
0.209
0.331
0.071
0.313
0.766
0.877
0.765
0.102
0.103
0.253
0.027
0.292
0.424
0.381
0.304
0.513
0.205
0.019
0.954
0.854
0.129
0.82
0.731
0.871
0.376
0.433
0.187
0.596
0.79
0.906
0.125
0.437
0.515
0.154
0.703
0.705
0.102
0.443
0.14
0.383
0.03
0.156
0.488
0.729
0.474
0.625
0.305
0.115
0.742
0.999
0.662
0.347
0.328
0.598
0.506
0.061
0.217
0.077
0.934
0.009
0.746
0.46
0.188
0.157
0.817
0.972
0.245
0.192
0.573
0.821
0.02
0.716
0.687
0.83
0.618
0.584
0.657
0.99
0.796
0.117
0.738
0.825
0.169
0.763
0.955
0.729
0.992
0.181
0.791
0.839
0.077
0.178
0.878
0.728
0.267
0.19
0.85
0.621
0.971
0.567
0.115
0.568
0.181
0.747
0.876
0.601
0.098
0.97
0.189
0.581
0.856
0.245
0.584
0.857
0.974
0.345
0.414
0.105
0.085
0.187
0.341
0.856
0.602
0.862
0.38
0.193
0.101
0.716
0.853
0.207
0.418
0.235
0.179
0.425
0.828
0.982
0.206
0.583
0.402
0.04
0.358
0.3
0.511
0.807
0.1
0.436
0.995
0.907
0.391
0.286
0.629
0.992
0.953
0.719
0.983
0.772
0.211
0.756
0.271
0.488
0.535
0.185
0.845
0.863
0.516
0.003
0.489
0.303
0.63
0.094
