0.106
0.127
0.453
0.676
0.644
0.421
0.941
0.597
0.088
0.818
0.734
0.202
0.921
0.368
0.348
0.547
0.98
0.272
0.735
0.92
0.512
0.465
0.157
0.213
0.918
0.43
0.505
0.62
0.144
0.046
0.098
0.527
0.803
0.866
0.459
0.855
0.343
0.624
0.884
0.935
0.677
0.399
0.591
0.377
0.633
0.688
0.512
0.602
0.872
0.164
0.095
0.243
0.004
0.706
0.087
0.187
0.186
0.199
0.879
0.976
0.684
0.282
0.502
0.152
0.551
0.14
0.898
0.859
0.741
0.899
0.91
0.897
0.176
0.895
0.678
0.018
0.582
0.048
0.353
0.371
0.471
0.22
0.865
0.908
0.34
0.265
0.96
0.474
0.626
0.166
0.825
0.529
0.972
0.971
0.67
0.827
0.486
0.319
0.729
0.583
0.019
0.401
0.953
0.709
0.447
0.088
0.712
0.391
0.7
0.16
0.024
0.373
0.771
0.749
0.926
0.823
0.112
0.875
0.513
0.083
0.737
0.059
0.817
0.596
0.952
0.665
0.424
0.364
0.617
0.172
0.893
0.866
0.827
0.219
0.675
0.932
0.014
0.89
0.847
0.526
0.792
0.956
0.056
0.452
0.516
0.94
0.711
0.821
0.41
0.05
0.676
0.859
0.81
0.401
0.318
0.558
0.905
0.042
0.562
0.597
0.194
0.789
0.705
0.851
0.999
0.205
0.079
0.494
0.217
0.557
0.686
0.465
0.62
0.619
0.008
0.893
0.995
0.24
0.352
0.943
0.967
0.156
0.009
0.319
0.912
0.213
0.739
0.019
0.449
0.412
0.083
0.169
0.87
0.497
0.275
0.908
0.123
0.856
0.858
0.052
0.588
0.356
0.451
0.618
0.067
0.793
0.429
0.841
0.377
0.839
0.385
0.966
0.971
0.508
0.96
0.519
0.229
0.504
0.324
0.141
0.558
0.64
0.053
0.379
0.299
0.324
0.015
0.478
0.973
0.768
0.086
0.483
0.996
0.261
0.824
0.932
0.794
0.234
0.527
0.949
0.18
0.582
0.987
0.916
0.16
0.352
0.017
0.185
0.82
0.096
0.219
0.965
0.356
0.915
0.738
0.851
0.526
0.006
0.835
0.753
0.555
0.178
0.992
0.646
0.692
0.753
0.982
0.073
0.178
0.205
0.186
0.369
0.467
0.584
0.382
0.344
0.236
0.33
0.663
0.244
0.346
0.434
0.04
0.178
0.324
0.071
0.84
0.749
0.087
0.006
0.377
0.883
0.445
0.43
0.244
0.621
0.743
0.157
0.157
0.449
0.664
0.833
0.138
0.629
0.598
0.443
0.281
0.729
0.601
0.009
0.998
0.588
0.689
0.471
0.657
0.552
0.768
0.558
0.912
0.662
0.62
0.738
0.638
0.585
0.7
0.152
0.064
0.388
0.29
0.564
0.172
0.653
0.482
0.736
0.559
0.309
0.812
0.308
0.143
0.153
0.048
0.393
0.544
0.969
0.892
1.0
0.5
0.475
0.776
0.754
0.345
0.861
0.93
0.588
0.012
0.954
0.228
0.489
0.604
0.672
0.396
0.126
0.482
0.208
0.52
0.971
0.164
0.41
0.511
0.191
0.559
0.637
0.135
0.255
0.509
0.733
0.923
0.58
0.938
0.847
0.813
0.915
0.522
0.86
0.333
0.392
0.994
0.757
0.745
0.39
0.539
0.739
0.615
0.361
0.807
0.437
0.157
0.434
0.251
0.079
0.782
0.252
0.714
0.409
0.994
0.595
0.906
0.496
0.719
0.03
0.164
0.463
0.701
0.299
0.501
0.914
0.242
0.747
0.22
0.855
0.747
0.626
0.601
0.666
0.484
0.602
0.825
0.405
0.692
0.092
0.242
0.716
0.643
0.538
0.828
0.229
0.833
0.158
0.698
0.404
0.799
0.243
0.973
0.228
0.578
0.931
0.698
0.366
0.329
0.305
0.698
0.798
0.336
0.839
0.598
0.33
0.134
0.143
0.093
0.293
0.019
0.909
0.721
0.83
0.734
0.06
0.695
0.835
0.421
1.0
0.373
0
0.341
0.24
0.039
0.421
0.741
0.325
0.658
0.613
0.524
0.266
0.125
0
0.244
0.511
0.493
0.994
0.709
0.415
0.05
0.45
0.276
0.732
0.341
0.935
0.794
0.163
0.467
0.87
0.946
0.923
0.402
0.278
0.536
0.398
0.051
0.599
0.467
0.944
0.101
0.207
0.438
0.092
0.539
0.859
0.728
0.974
0.252
0.415
0.884
0.077
0.132
0.678
0.049
0.022
0.739
0.782
0.266
0.507
0.929
0.227
0.045
0.061
0.262
0.962
0.992
0.396
0.616
0.677
0.824
0.316
0.203
0.547
0.363
0.029
0.745
0.395
0.484
0.025
0.452
0.841
0.496
0.728
0.244
0.893
0.301
0.044
0.115
0.269
0.637
0.459
0.279
0.997
0.77
0.218
0.39
0.271
0.932
0.805
0.802
0.891
0.68
0.999
0.283
0.309
0.662
0.469
0.26
0.064
0.171
0.512
0.591
0.6
0.097
0.593
0.483
0.874
0.384
0.366
0.645
0.633
0.412
0.44
0.43
0.408
0.247
0.011
0.459
0.971
0.396
0.293
0.795
0.092
0.217
0.038
0.109
0.542
0.428
0.893
0.094
0.937
0.981
0.812
0.344
0.321
0.649
0.263
0.441
0.453
0.694
0.879
0.992
0.979
0.067
0.043
0.429
0.895
0.765
0.521
0.801
0.492
0.134
0.384
0.259
0.917
0.857
0.137
0.212
0.632
0.951
0.472
0.705
0.213
0.97
0.016
0.421
0.516
0.444
0.435
0.853
0.572
0.805
0.623
0.901
0.746
0.118
0.757
0.117
0.777
0.65
0.835
0.792
0.106
0.882
0.724
0.637
0.614
0.088
0.013
0.487
0.894
0.876
0.597
0.273
0.971
0.007
0.129
0.638
0.546
0.059
0.287
0.096
0.516
0.856
0.832
0.702
0.249
0.658
0.96
0.83
0.901
0.8
0.837
0.338
0.576
0.35
0.657
0.236
0.831
0.627
0.884
0.896
0.732
0.492
0.14
0.181
0.986
0.938
0.708
0.247
0.281
0.087
0.57
0.958
0.81
0.743
0.569
0.8
0.979
0.974
0.344
0.677
0.069
0.79
0.839
0.705
0.339
0.03
0.668
0.333
0.308
0.511
0.973
0.553
0.746
0.665
0.749
0.516
0.301
0.412
0.241
0.909
0.397
0.527
0.45
0.93
0.315
0.11
0.3
0.425
0.077
0.958
0.191
0.84
0.006
0.006
0.465
0.628
0.525
0.421
0.055
0.462
0.608
0.933
0.653
0.944
0.893
0.642
0.331
0.124
0.257
0.69
0.505
0.301
0.515
0.018
0.844
0.984
0.875
0.342
0.327
0.51
0.877
0.38
0.411
0.172
0.326
0.192
0.315
0.843
0.448
0.134
0.598
0.17
0.371
0.884
0.865
0.597
0.574
0.762
0.277
0.215
0.361
0.501
0.636
0.354
0.642
0.153
0.714
0.158
0.004
0.193
0.338
0.015
0.906
0.924
0.837
0.108
0.617
0.351
0.479
0.565
0.807
0.687
0.821
0.855
0.198
0.074
0.029
0.263
0.067
0.659
0.61
0.777
0.244
0.472
0.614
0.701
0.545
0.05
0.914
0.626
0.906
0.916
0.987
0.588
0.348
0.72
0.311
0.747
0.834
0.588
0.931
0.496
0.511
0.905
0.936
0.552
0.599
0.599
0.376
0.805
0.633
0.817
0.153
0.906
0.311
0.338
0.69
0.169
0.393
0.304
0.722
0.401
0.35
0.421
0.245
0.036
0.918
0.073
0.789
0.035
0.764
0.973
0.391
0.73
0.816
0.107
0.359
0.605
0.436
0.2
0.268
0.895
0.187
0.526
0.665
0.949
0.745
0.148
0.353
0.478
0.293
0.677
0.145
0.431
0.196
0.137
0.292
0.313
0.228
0.601
0.885
0.131
0.492
0.469
0.381
0.559
0.839
0.121
0.503
0.309
0.659
0.634
0.49
0.431
0.731
0.706
0.774
0.859
0.775
0.01
0.124
0.678
0.81
0.31
0.612
0.708
0.486
0.46
0.614
0.973
0.417
0.855
0.649
0.847
0.979
0.625
0.115
0.898
0.059
0.928
0.465
0.412
0.548
0.774
0.711
0.162
0.737
0.187
0.336
0.105
0.973
0.02
0.199
0.263
0.635
0.18
0.433
0.971
0.326
0.669
0.65
0.533
0.388
0.487
0.326
0.305
0.318
0.297
0.723
0.334
0.681
0.402
0.013
0.687
0.703
0.513
0.997
0.083
0.309
0.835
0.647
0.968
0.892
0.129
0.744
0.849
0.875
