0.67
0.269
0.298
0.826
0.64
0.081
0.875
0.499
0.052
0.32
0.455
0.104
0.659
0.705
0.832
0.654
0.308
0.995
0.024
0.673
0.584
0.866
0.871
0.636
0.895
0.17
0.356
0.863
0.283
0.764
0.269
0.039
0.806
0.287
0.991
0.592
0.404
0.105
0.328
0.316
0.66
0.302
0.098
0.498
0.819
0.172
0.834
0.466
0.845
0.307
0.504
0.136
0.342
0.844
0.448
0.635
0.545
0.502
0.68
0.628
0.481
0.33
0.99
0.472
0.566
0.542
0.493
0.395
0.629
0.832
0.91
0.875
0.674
0.765
0.65
0.838
0.068
0.164
0.694
0.594
0.764
0.699
0.941
0.589
0.879
0.624
0.781
0.92
0.837
0.203
0.666
0.771
0.905
0.416
0.441
0.1
0.523
0.319
0.962
0.333
0.411
0.056
0.147
0.763
0.379
0.116
0.459
0.631
0.99
0.15
0.807
0.075
0.825
0.427
0.755
0.949
0.836
0.294
0.621
0.766
0.397
0.81
0.53
0.231
0.894
0.402
0.728
0.771
0.298
0.888
0.475
0.773
0.319
0.458
0.326
0.944
0.805
0.763
0.778
0.817
0.063
0.522
0.306
0.018
0.275
0.009
0.087
0.486
0.787
0.664
0.97
0.449
0.564
0.944
0.169
0.749
0.057
0.645
0.645
0.239
0.591
0.073
0.235
0.662
0.838
0.51
0.697
0.65
0.594
0.814
0.391
0.5
0.767
0.22
0.42
0.577
0.719
0.988
0.291
0.328
0.477
0.453
0.009
0.717
0.997
0.858
0.441
0.415
0.29
0.905
0.936
0.066
0.678
0.025
0.259
0.6
0.097
0.577
0.707
0.582
0.603
0.648
0.053
0.785
0.602
0.509
0.338
0.933
0.368
0.739
0.025
0.086
0.377
0.329
0.222
0.582
0.284
0.264
0.553
0.891
0.24
0.089
0.124
0.262
0.592
0.215
0.746
0.442
0.636
0.526
0.004
0.803
0.04
0.506
0.005
0.868
0.367
0.126
0.852
0.803
0.81
0.579
0.701
0.526
0.733
0.607
0.19
0.789
0.222
0.568
0.919
0.162
0.329
0.34
0.814
0.348
0.336
0.948
0.901
0.765
0.912
0.822
0.321
0.489
0.483
0.416
0.203
0.762
0.631
0.437
0.655
0.556
0.845
0.753
0.048
0.803
0.323
0.492
0.097
0.828
0.87
0.301
0.21
0.277
0.966
0.274
0.83
0.514
0.196
0.327
0.022
0.296
0.921
0.026
0.768
0.388
0.441
0.676
0.893
0.388
0.229
0.386
0.025
0.41
0.918
0.538
0.972
0.05
0.349
0.904
0.376
0.792
0.739
0.693
0.26
0.353
0.477
0.645
0.096
0.336
0.87
0.6
0.623
0.889
0.084
0.494
0.529
0.526
0.301
0.331
0.236
0.306
0.77
0.145
0.011
0.384
0.705
0.021
0.276
0.652
0.202
0.304
0.745
0.07
0.678
0.799
0.453
0.224
0.581
0.395
0.094
0.228
0.48
0.229
0.248
0.941
0.288
0.862
0.571
0.992
0.357
0.337
0.273
0.38
0.223
0.639
0.713
0.846
0.057
0.318
0.145
0.173
0.748
0.009
0.005
0.864
0.323
0.252
0.358
0.488
0.217
0.932
0.392
0.798
0.186
0.204
0.483
0.725
0.416
0.353
0.764
0.721
0.854
0.743
0.758
0.1
0.334
0.306
0.044
0.62
0.202
0.373
0.811
0.947
0.894
0.846
0.49
0.309
0.418
0.057
0.955
0.653
0.388
0.126
0.817
0.699
0.874
0.388
0.134
0.542
0.501
0.685
0.021
0.313
0.297
0.382
0.683
0.35
0.644
0.805
0.364
0.339
0.06
0.068
0.905
0.577
0.841
0.298
0.163
0.956
0.781
0.464
0.551
0.1
0.625
0.43
0.047
0.249
0.343
0.741
0.489
0.709
0.139
0.734
0.342
0.755
0.197
0.287
0.819
0.603
0.014
0.708
0.212
0.09
0.457
0.206
0.167
0.385
0.451
0.827
0.172
0.657
0.627
0.357
0.765
0.551
0.373
0.257
0.155
0.245
0.639
0.537
0.809
0.281
0.473
0.781
0.583
0.62
0.714
0.878
0.313
0.208
0.86
0.269
0.813
0.451
0.322
0.772
0.856
0.02
0.173
0.485
0.96
0.655
0.197
0.483
0.817
0.219
0.956
0.236
0.785
0.852
0.185
0.383
0.727
0.523
0.591
0.816
0.925
0.765
0.333
0.758
0.853
0.312
0.304
0.636
0.847
0.448
0.228
0.058
0.188
0.567
0.595
0.572
0.273
0.651
0.285
0.546
0.493
0.875
0.667
0.939
0.448
0.709
0.444
0.974
0.064
0.361
0.607
0.398
0.592
0.386
0.108
0.637
0.126
0.355
0.531
0.267
0.999
0.463
0.36
0.246
0.582
0.457
0.814
0.228
0.072
0.143
0.987
0.986
0.117
0.962
0.191
0.903
0.003
0.408
0.708
0.951
0.902
0.786
0.114
0.704
0.369
0.132
0.311
0.043
0.047
0.887
0.83
0.026
0.989
0.066
0.449
0.641
0.183
0.696
0.259
0.864
0.188
0.644
0.494
0.405
0.152
0.236
0.156
0.262
0.4
0.947
0.422
0.266
0.646
0.951
0.687
0.426
0.729
0.722
0.245
0.136
0.459
0.358
0.982
0.221
0.28
0.547
0.352
0.89
0.643
0.304
0.807
0.232
0.164
0.357
0.696
0.148
0.931
0.339
0.42
0.131
0.675
0.995
0.547
0.222
0.343
0.072
0.85
0.21
0.389
0.591
0.694
0.492
0.116
0.485
0.186
0.77
0.584
0.537
0.664
0.962
0.58
0.015
0.054
0.783
0.695
0.348
0.555
0.49
0.253
0.423
0.887
0.784
0.273
0.284
0.673
0.599
0.626
0.425
0.427
0.864
0.364
0.723
0.439
0.055
0.868
0.4
0.625
0.591
0.279
0.986
0.066
0.556
0.143
0.93
0.961
0.692
0.702
0.737
0.442
0.654
0.09
0.894
0.653
0.261
0.021
0.472
0.989
0.348
0.647
0.26
0.934
0.317
0.112
0.289
0.89
0.49
0.601
0.832
0.008
0.312
0.298
0.068
0.704
0.631
0.239
0.101
0.493
0.334
0.356
0.727
0.129
0.236
0.141
0.311
0.98
0.488
0.172
0.186
0.321
0.181
0.63
0.198
0.393
0.766
0.475
0.314
0.15
0.887
0.596
0.358
0.29
0.38
0.641
0.807
0.939
0.391
0.295
0.318
0.851
0.908
0.202
0.173
0.931
0.78
0.961
0.048
0.941
0.991
0.593
0.253
0.923
0.335
0.812
0.338
0.336
0.816
0.452
0.242
0.02
0.562
0.147
0.251
0.956
0.729
0.036
0.416
0.199
0.611
0.855
0.225
0.347
0.42
0.183
0.821
0.31
0.756
0.912
0.199
0.942
0.509
0.676
0.648
0.258
0.142
0.115
0.652
0.01
0.132
0.621
0.247
0.854
0.007
0.245
0.601
0.51
0.487
0.473
0.018
0.083
0.572
0.813
0.22
0.251
0.997
0.244
0.29
0.196
0.687
0.474
0.392
0.354
0.352
0.395
0.366
0.393
0.038
0.111
0.804
0.473
0.11
0.754
0.105
0.48
0.935
0.753
0.225
0.46
0.68
0.516
0.897
0.156
0.351
0.449
0.643
0.161
0.056
0.98
0.387
0.475
0.861
0.895
0.919
0.937
0.856
0.396
0.508
0.226
0.574
0.13
0.779
0.164
0.283
0.257
0.315
0.384
0.459
0.389
0.812
0.09
0.451
0.391
0.839
0.932
0.731
0.683
0.604
0.011
0.983
0.303
0.687
0.973
0.174
0.915
0.764
0.88
0.187
0.378
0.951
0.533
0.139
0.39
0.276
0.064
0.427
0.6
0.286
0.795
0.656
0.553
0.416
0.442
0.128
0.895
0.847
1.0
0.682
0.745
0.64
0.3
0.809
0.241
0.364
0.421
0.465
0.161
0.015
0.251
0.768
0.452
0.234
0.313
0.334
0.151
0.302
0.762
0.603
0.57
0.528
0.774
0.545
0.25
0.422
0.419
0.379
0.838
0.947
0.209
0.066
0.165
0.896
0.539
0.086
0.389
0.524
0.309
0.796
0.995
0.393
0.408
0.076
0.468
0.783
0.449
0.498
0.776
0.121
0.172
0.781
0.288
0.359
0.666
0.951
0.387
0.866
0.314
0.518
0.88
0.568
0.628
0.57
0.473
0.457
0.902
0.755
0.106
0.278
0.117
0.454
0.754
0.412
0.508
0.92
0.788
0.45
0.78
0.362
0.364
0.72
0.458
0.602
0.628
0.053
