0.957
0.977
0.504
0.027
0.265
0.689
0.42
0.627
0.355
0.756
0.471
0.027
0.231
0.946
0.617
0.054
0.014
0.034
0.839
0.296
0.411
0.021
0.196
0.767
0.595
0.809
0.938
0.506
0.312
0.368
0.806
0.33
0.97
0.977
0.155
0.396
0.263
0.429
0.402
0.776
0.692
0.222
0.616
0.526
0.078
0.732
0.035
0.32
0.575
0.136
0.895
0.037
0.412
0.404
0.178
0.678
0.943
0.637
0.575
0.769
0.545
0.782
0.551
0.239
0.945
0.521
0.889
0.812
0.101
0.299
0.244
0.887
0.288
0.331
0.489
0.26
0.857
0.985
0.147
0.126
0.067
0.607
0.736
0.56
0.94
0.708
0.133
0.29
0.138
0.272
0.156
0.608
0.509
0.487
0.865
0.126
0.664
0.079
0.159
0.997
0.222
0.373
0.995
0.61
0.346
0.31
0.756
0.128
0.713
0.955
0.182
0.742
0.116
0.48
0.729
0.304
0.315
0.489
0.675
0.461
0.412
0.204
0.045
0.375
0.953
0.425
0.745
0.871
0.715
0.51
0.892
0.566
0.404
0.158
0.788
0.742
0.965
0.192
0.42
0.12
0.773
0.156
0.531
0.375
0.145
0.613
0.603
0.16
0.635
0.073
0.084
0.161
0.641
0.77
0.59
0.164
0.282
0.451
0.993
0.456
0.532
0.047
0.228
0.488
0.081
0.61
0.845
0.894
0.422
0.88
0.857
0.384
0.739
0.156
0.475
0.357
0.934
0.073
0.371
0.207
0.319
0.244
0.585
0.136
0.395
0.327
0.731
0.12
0.907
0.758
0.066
0.733
0.354
0.498
0.128
0.604
0.116
0.242
0.571
0.067
0.653
0.733
0.47
0.147
0.169
0.369
0.735
0.41
0.95
0.969
0.359
0.67
0.88
0.975
0.29
0.372
0.867
0.351
0.945
0.704
0.925
0.309
0.798
0.186
0.353
0.903
0.116
0.845
0.669
0.781
0.419
0.837
0.203
0.509
0.721
0.698
0.261
0.818
0.057
0.877
0.452
0.175
0.158
0.27
0.761
0.404
0.511
0.852
0.534
0.678
0.845
0.178
0.771
0.587
0.296
0.148
0.078
0.39
0.486
0.292
0.424
0.863
0.503
0.079
0.48
0.1
0.578
0.858
0.806
0.648
0.718
0.3
0.759
0.971
0.655
0.387
0.37
0.661
0.225
0.158
0.059
0.794
0.377
0.096
0.841
0.496
0.905
0.559
0.92
0.558
0.921
0.983
0.057
0.864
0.591
0.602
0.636
0.379
0.285
0.222
0.525
0.172
0.012
0.847
0.415
0.371
0.316
0.941
0.954
0.881
0.59
0.92
0.933
0.916
0.244
0.417
0.6
0.821
0.21
0.364
0.489
0.205
0.561
0.42
0.874
0.71
0.873
0.718
0.328
0.981
0.46
0.736
0.524
0.563
0.675
0.928
0.199
0.232
0.714
0.186
0.553
0.047
0.459
0.025
0.66
0.29
0.381
0.151
0.233
0.253
0.469
0.73
0.04
0.362
0.865
0.718
0.033
0.385
0.976
0.611
0.691
0.051
0.594
0.935
0.322
0.066
0.417
0.037
0.847
0.625
0.727
0.354
0.904
0.44
0.522
0.393
0.41
0.372
0.574
0.308
0.199
0.046
0.952
0.033
0.05
0.84
0.33
0.75
0.603
0.281
0.127
0.056
0.596
0.971
0.046
0.706
0.425
0.792
0.224
0.487
0.591
0.131
0.181
0.734
0.944
0.982
0.744
0.032
0.08
0.16
0.393
0.899
0.91
0.588
0.317
0.647
0.747
0.659
0.372
0.085
0.494
0.347
0.484
0.373
0.556
0.832
0.287
0.876
0.871
0.676
0.407
0.113
0.914
0.142
0.277
0.086
0.464
0.265
0.376
0.973
0.162
0.685
0.562
0.257
0.748
0.312
0.898
0.198
0.653
0.212
0.853
0.657
0.489
0.726
0.859
0.98
0.739
0.151
0.248
0.501
0.909
0.196
0.727
0.081
0.464
0.058
0.875
0.448
0.418
0.806
0.416
0.62
0.7
0.334
0.04
0.647
0.249
0.639
0.383
0.488
0.759
0.49
0.715
0.448
0.096
0.964
0.38
0.471
0.643
0.177
0.942
0.595
0.045
0.548
0.711
0.642
0.245
0.176
0.771
0.65
0.723
0.635
0.507
0.58
0.976
0.862
0.529
0.842
0.111
0.957
0.089
0.041
0.825
0.29
0.585
0.748
0.345
0.602
0.533
0.061
1.0
0.603
0.732
0.852
0.178
0.321
0.159
0.529
0.846
0.71
0.526
0.475
0.478
0.917
0.959
0.114
0.215
0.924
0.998
0.866
0.369
0.685
0.652
0.099
0.116
0.24
0.369
0.022
0.206
0.917
0.625
0.38
0.765
0.725
0.175
0.978
0.483
0.842
0.506
0.765
0.175
0.471
0.124
0.966
0.128
0.398
0.013
0.053
0.391
0.103
0.322
0.217
0.415
0.71
0.177
0.304
0.293
0.918
0.184
0.733
0.079
0.797
0.656
0.516
0.703
0.444
0.879
0.611
0.045
0.971
0.857
0.708
0.243
0.628
0.506
0.897
0.196
0.008
0.241
0.95
0.662
0.006
0.861
0.716
0.699
0.957
0.474
0.143
0.962
0.322
0.999
0.729
0.841
0.102
0.451
0.766
0.252
0.585
0.881
0.156
0.634
0.627
0.588
0.995
0.163
0.122
0.988
0.658
0.518
0.729
0.556
0.106
0.48
0.286
0.907
0.874
0.403
0.683
0.004
0.249
0.932
0.527
0.945
0.695
0.902
0.153
0.171
0.51
0.412
0.702
0.072
0.984
0.141
0.062
0.392
0.514
0.065
0.636
0.13
0.819
0.147
0.084
0.346
0.279
0.837
0.789
0.353
0.105
0.945
0.75
0.201
0.812
0.827
0.835
0.572
0.796
0.154
0.559
0.326
0.149
0.179
0.457
0.188
0.103
0.104
0.762
0.489
0.325
0.68
0.449
0.796
0.288
0.689
0.256
0.205
0.003
0.98
0.74
0.153
0.537
0.339
0.351
0.71
0.328
0.687
0.527
0.62
0.712
0.892
0.057
0.985
0.761
0.487
0.203
0.652
0.413
0.166
0.953
0.535
0.76
0.358
0.879
0.273
0.806
0.06
0.162
0.974
0.852
0.38
0.865
0.101
0.85
0.8
0.52
0.484
0.406
0.463
0.805
0.879
0.014
0.163
0.664
0.562
0.021
0.787
0.636
0.08
0.24
0.207
0.27
0.557
0.689
0.338
0.201
0.936
0.638
0.8
0.566
0.977
0.107
0.84
0.568
0.261
0.656
0.042
0.05
0.333
0.768
0.983
0.424
0.833
0.114
0.274
0.614
0.469
0.421
0.738
0.192
0.872
0.466
0.913
0.922
0.7
0.146
0.843
0.484
0.584
0.811
0.92
0.496
0.761
0.076
0.497
0.181
0.392
0.471
0.092
0.625
0.291
0.12
0.647
0.531
0.814
0.894
0.241
0.446
0.839
0.763
0.145
0.162
0.602
0.118
0.238
0.582
0.907
0.026
0.389
0.298
0.332
0.159
0.889
0.409
0.757
0.359
0.155
0.499
0.938
0.603
0.542
0.485
0.014
0.828
0.985
0.469
0.178
0.178
0.156
0.084
0.761
0.28
0.505
0.627
0.694
0.68
0.439
0.818
0.322
0.301
0.312
0.784
0.964
0.765
0.592
0.937
0.956
0.613
0.606
0.057
0.865
0.288
0.978
0.784
0.41
0.473
0.96
0.803
0.02
0.113
0.63
0.761
0.596
0.345
0.742
0.089
0.349
0.571
0.507
0.675
0.186
0.986
0.919
0.838
0.052
0.263
0.004
0.433
0.732
0.121
0.537
0.214
0.494
0.89
0.126
0.211
0.427
0.671
0.275
0.656
0.086
0.643
0.499
0.375
0.339
0.292
0.665
0.7
0.938
0.725
0.288
0.729
0.112
0.715
0.89
0.554
0.549
0.757
0.289
0.885
0.748
0.089
0.971
0.538
0.144
0.483
0.185
0.795
0.228
0.202
0.28
0.527
0.601
0.861
0.441
0.524
0.337
0.893
0.837
0.584
0.293
0.923
0.006
0.609
0.971
0.948
0.175
0.419
0.361
0.992
0.156
0.553
0.717
0.28
0.606
0.426
0.233
0.199
0.718
0.655
0.346
0.386
0.999
0.127
0.837
0.815
0.255
0.951
0.073
0.928
0.716
0.147
0.06
0.769
0.845
0.114
0.371
0.317
0.596
0.712
0.071
0.084
0.615
0.902
0.191
0.223
0.021
0.961
0.83
0.251
0.968
0.539
0.967
0.121
0.091
0.689
0.444
0.218
0.286
0.875
0.82
0.378
