0.229
0.259
0.92
0.869
0.087
0.838
0.676
0.067
0.838
0.654
0.927
0.362
0.756
0.532
0.558
0.909
0.612
0.303
0.558
0.717
0.088
0.771
0.388
0.533
0.565
0.518
0.554
0.1
0.665
0.67
0.128
0.771
0.511
0.854
0.979
0.154
0.509
0.705
0.911
0.262
0.397
0.029
0.748
0.865
0.36
0.559
0.956
0.646
0.161
0.884
0
0.272
0.388
0.105
0.507
0.755
0.94
0.193
0.183
0.789
0.784
0.302
0.81
0.724
0.066
0.63
0.65
0.861
0.771
0.35
0.735
0.134
0.993
0.915
0.69
0.262
0.137
0.09
0.15
0
0.046
0.616
0.931
0.035
0.911
0.061
0.789
0.962
0.162
0.482
0.244
0.27
0.029
0.49
0.69
0.734
0.035
0.991
0.415
0.777
0.9
0.304
0.457
0.241
0.32
0.605
0.281
0.821
0.248
0.221
0.681
0.24
0.206
0.983
0.632
0.744
0.523
0.624
0.404
0.739
0.562
0.651
0.349
0.38
0.496
0.142
0.477
0.982
0.299
0.898
0.686
0.179
0.639
0.648
0.762
0.906
1.0
0.91
0.73
0.091
0.767
0.183
0.13
0.861
0.135
0.263
0.837
0.494
0.648
0.34
0.101
0.944
0.614
0.244
0.909
0.663
0.599
0.494
0.417
0.469
0.547
0.596
0.273
0.339
0.69
0.283
0.987
0.15
0.943
0.318
0.024
0.04
0.415
0.118
0.71
0.834
0.063
0.487
0.281
0.781
0.076
0.455
0.229
0.36
0.773
0.052
0.367
0.038
0.657
0.404
0.726
0.216
0.576
0.902
0.657
0.696
0.402
0.46
0.7
0.281
0.306
0.983
0.23
0.984
0.978
0.356
0.128
0.945
0.482
0.937
0.381
0.09
0.65
0.954
0.614
0.624
0.876
0.533
0.957
0.579
0.053
0.442
0.703
0.386
0.022
0.193
0.281
0.9
0.676
0.265
0.455
0.649
0.321
0.277
0.808
0.328
0.929
0.959
0.645
0.686
0.669
0.989
0.176
0.795
0.497
0.04
0.751
0.127
0.215
0.922
0.483
0.995
0.307
0.711
0.359
0.977
0.97
0.163
0.234
0.543
0.122
0.6
0.604
0.633
0.221
0.756
0.089
0.293
0.479
0.109
0.144
0.018
0.738
0.371
0.609
0.984
0.337
0.55
0.843
0.207
0.717
0.948
0.452
0.028
0.151
0.323
0.949
0.517
0.382
0.112
0.248
0.285
0.569
0.599
0.978
0.429
0.39
0.912
0.399
0.151
0.557
0.53
0.518
0.921
0.3
0.037
0.823
0.391
0.954
0.97
0
0.908
0.845
0.621
0.625
0.499
0.995
0.178
0.541
0.787
0.791
0.408
0.747
0.656
0.36
0.282
0.916
0.824
0.808
0.68
0.904
0.345
0.918
0.588
0.974
0.989
0.419
0.767
0.884
0.823
0.272
0.614
0.581
0.955
0.595
0.772
0.508
0.637
0.751
0.557
0.353
0.463
0.616
0.884
0.621
0.472
0.433
0.993
0.617
0.733
0.469
0.964
0.058
0.856
0.28
0.776
0.772
0.586
0.106
0.482
0.827
0.088
0.133
0.694
0.903
0.933
0.517
0.648
0.724
0.273
0.555
0.896
0.798
0.85
0.083
0.292
0.949
0.497
0.362
0.625
0.313
0.742
0.092
0.838
0.789
0.367
0.736
0.781
0.612
0.434
0.819
0.17
0.925
0.027
0.99
0.219
0.248
0.404
0.275
0.027
0.98
0.409
0.004
0.261
0.588
0.491
0.462
0.315
0.014
0.368
0.754
0.881
0.739
0.974
0.208
0.243
0.307
0.883
0.768
0.265
0.088
0.279
0.578
0.422
0.946
0.569
0.822
0.739
0.149
0.105
0.488
0.48
0.311
0.935
0.875
0.283
0.286
0.935
0.412
0.163
0.878
0.665
0.141
0.109
0.187
0.337
0.231
0.574
0.554
0.711
0.771
0.302
0.881
0.353
0.374
0.285
0.895
0.691
0.756
0.255
0.211
0.618
0.954
0.013
0.409
0.732
0.754
0.632
0
0.819
0.574
0.004
0.546
0.661
0.313
0.754
0.308
0.806
0.001
0.957
0.946
0.056
0.282
0.484
0.76
0.532
0.842
0.658
0.196
0.622
0.251
0.226
0.327
0
0.793
0.088
0.624
0.178
0.17
0.628
0.552
0.614
0.263
0.912
0.961
0.777
0.015
0.492
0.813
0.959
0.746
0.212
0.81
0.652
0.84
0.323
0.919
0.811
0.012
0.165
0.638
0.841
0.415
0.504
0.95
0.508
0.556
0.084
0.98
0.501
0.317
0.027
0.815
0.093
0.027
0.748
0.907
0.318
0.652
0.946
0.345
0.048
0.337
0.595
0.143
0.292
0.875
0.175
0.24
0.663
0.742
0.486
0.174
0.228
0.723
0.447
0.388
0.649
0.426
0.267
0.905
0.982
0.67
0.61
0.719
0.651
0.175
0.928
0.776
0.676
0.233
0.734
0.114
0.66
0.051
0.426
0.119
0.927
0.583
0.609
0.899
0.216
0.736
0.448
0.184
0.894
0.392
0.782
0.49
0.595
0.422
0.239
0.146
0.684
0.527
0.503
0.028
0.339
0.377
0.84
0.791
0.251
0.651
0.836
0.322
0.233
0.951
0.835
0.2
0.994
0.07
0.031
0.797
0.758
0.564
0.161
0.779
0.031
0.841
0.834
0.278
0.558
0.675
0.164
0.469
0.948
0.219
0.264
0.514
0.438
0.708
0.341
0.045
0.341
0.827
0.689
0.092
0.43
0.085
0.738
0.868
0.882
0.072
0.484
0.37
0.684
0.861
0.96
0.486
0.733
0.41
0.621
0.528
0.937
0.2
0.343
0.851
0.249
0.835
0.243
0.886
0.732
0.72
0.847
0.015
0.598
0.589
0.279
0.154
0.548
0.284
0.618
0.407
0.26
0.914
0.628
0.6
0.949
0.385
0.217
0.346
0.416
0.282
0.875
0.958
0.806
0.442
0.505
0.756
0.192
0.062
0.403
0.097
0.777
0.998
0.741
0.581
0.463
0.065
0.121
0.49
0.012
0.02
0.424
0.293
0.92
0.796
0.093
0.506
0.504
0.439
0.125
0.525
0.971
0.343
0.229
0.0
0.714
0.903
0.624
0.171
0.186
0.185
0.414
0.365
0.773
0.259
0.772
0.101
0.188
0.585
0.65
0.924
0.568
0.9
0.19
0.474
0.15
0.93
0.656
0.677
0.787
0.075
0.995
0.71
0.123
0.237
0.836
0.63
0.762
0.006
0.437
0.861
0.771
0.136
0.871
0.621
0.629
0.157
0.837
0.297
0.455
0.917
0.7
0
0.749
0.147
0.53
0.366
0.902
0.628
0.904
0.071
0.706
0.564
0.639
0.286
0.909
0.414
0.936
0.618
0.208
0.329
0.606
0.942
0.858
0.246
0.485
0.342
0.604
0.17
0.26
0.654
0.286
0.678
0.866
0.052
0.839
0.522
0.482
0.081
0.779
0.009
0.436
0.999
0.333
0.418
0.536
0.811
0.363
0.029
0.01
0.235
0.715
0.161
0.267
0.251
0.164
0.841
0.075
0.48
0.547
0.423
0.624
0.552
0.811
0.104
0.009
0.293
0.07
0.079
0.963
0.422
0.502
0.998
0.242
0.473
0.978
0.992
0.126
0.818
0.401
0.967
0.057
0.905
0.847
0.106
0.753
0.869
0.428
0.908
0.24
0.282
0.242
0.884
0.598
0.91
0.14
0.45
0.182
0.968
0.255
0.02
0.714
0.106
0.894
0.708
0.981
0.858
0.834
0.288
0.497
0.854
0.665
0.081
0.625
0.985
0.885
0.074
0.35
0.335
0.842
0.022
0.905
0.64
0.763
0.533
0.332
0.083
0.093
0.928
0.241
0.408
0.02
0.64
0.589
0.697
0.912
0.628
0.215
0.621
0.793
0.669
0.617
0.915
0.83
0.764
0.772
0.237
0.719
0.523
0.894
0.01
0.948
0.407
0.893
0.899
0.866
0.265
0.545
0.206
0.475
0.355
0.335
0.395
0.408
0.906
0.437
0.092
0.592
0.9
0.919
0.425
0.2
0.013
0.823
0.268
0.187
0.06
0.103
0.861
0.441
0.777
0.146
0.877
0.202
0.056
0.668
0.285
0.573
0.411
0.481
0.781
0.486
0.783
0.809
0.606
0.289
0.165
0.114
0.409
0.867
0.908
0.749
0.302
0.015
0.873
0.577
0.849
0.996
0.989
0.393
0.866
0.302
0.096
0.001
0.708
0.115
0.926
0.07
0.678
0.017
0.422
0.174
0.114
0.851
0.137
0.041
0.85
0.107
