0.421
0.971
0.753
0.721
0.307
0.621
0.116
0.385
0.225
0.616
0.091
0.34
0.754
0.546
0.351
0.717
0.825
0.107
0.187
0.712
0.06
0.719
0.534
0.666
0.997
0.474
0.81
0.849
0.051
0.579
0.579
0.031
0.43
0.756
0.455
0.652
0.043
0.43
0.664
0.066
0.035
0.945
0.822
0.512
0.693
0.453
0.119
0.237
0.471
0.965
0.104
0.204
0.996
0
0.338
0.458
0.426
0.988
0.078
0.781
0.27
0.901
0.897
0.329
0.227
0.886
0.758
0.499
0.691
0.487
0.906
0.636
0.695
0.435
0.346
0.997
0.157
0.185
0.591
0.368
0.317
0.758
0.421
0.439
0.041
0.085
0.994
0.786
0.709
0.024
0.972
0.287
0.115
0.422
0.361
0.773
0.486
0.661
0.993
0.75
0.942
0.63
0.929
0.62
0.387
0.12
0.706
0.288
0.06
0.541
0.402
0.791
0.534
0.283
0.115
0.209
0.93
0.917
0.245
0.097
0.328
0.665
0.555
0.104
0.546
0.652
0.752
0.588
0.544
0.952
0.222
0.919
0.828
0.507
0.563
0.302
0.636
0.599
0.825
0.896
0.807
0.255
0.127
0.457
0.004
0.62
0.358
0.093
0.217
0.71
0.74
0
0.629
0.424
0.302
0.444
0.89
0.409
0.349
0.125
0.67
0.76
0.967
0.98
0.991
0.609
0.143
0.972
0.06
0.034
0.404
0.973
0.46
0.527
0.748
0.645
0.507
0.646
0.86
0.329
0.168
0.03
0.513
0.199
0.154
0.137
0.468
0.973
0.476
0.826
0.414
0.446
0.619
0.223
0.505
0.458
0.274
0.309
0.274
0.503
0.852
0.842
0.66
0.734
0.635
0.345
0.46
0.311
0.69
0.355
0.95
0.813
0.442
0.392
0.547
0.446
0.624
0.532
0.365
0.266
0.035
0.524
0.045
0.441
0.766
0.228
0.578
0.35
0.74
0.26
0.329
0.99
0.683
0.94
0.688
0.183
0.033
0.331
0.952
0.041
0.986
0.229
0.06
0.183
0.288
0.847
0.711
0.373
0.1
0.067
0.463
0.677
0.58
0.95
0.582
0.231
0.22
0.412
0.122
0.755
0.368
0.572
0.356
0.66
0.435
0.847
0.02
0.475
0.992
0.459
0.438
0.49
0.734
0.166
0.774
0.464
0.959
0.522
0.63
0.725
0.035
0.359
0.508
0.045
0.475
0.498
0.905
0.069
0.961
0.012
0.626
0.0
0.029
0.039
0.164
0.52
0.75
0.948
0.76
0.458
0.194
0.269
0.067
0.794
0.804
0.367
0.892
0.037
0.317
0.886
0.617
0.414
0.434
0.812
0.982
0.047
0.439
0.714
0.465
0.831
0.669
0.412
0.643
0.816
0.561
0.19
0.515
0.421
0.451
0.583
0.186
0.05
0.842
0.786
0.712
0.513
0.396
0.262
0.881
0.39
0.402
0.223
0.769
0
0.11
0.059
0.463
0.476
0.524
0.059
0.06
0.774
0.916
0.344
0.182
0.372
0.893
0.95
0.391
0.089
0.402
0.142
0.773
0.609
0.712
0.005
0.146
0.859
0.91
0.618
0.261
0.643
0.373
0.759
0.836
0.276
0.146
0.383
0.071
0.914
0.311
0.193
0.911
0.71
0.279
0.73
0.95
0.914
0.758
0.996
0.177
0.185
0.398
0.115
0.846
0.239
0.46
0.809
0.313
0.886
0.307
0.243
0.506
0.041
0.617
0.49
0.553
0.743
0.469
0.757
0.665
0.066
0.346
0.316
0.457
0.388
0.978
0.093
0.463
0.471
0.122
0.832
0.636
0.236
0.375
0.319
0
0.541
0.94
0.326
0.593
0
0.866
0.3
0.314
0.723
0.626
0.115
0.717
0.189
0.923
0.981
0.077
0.331
0.69
0.953
0.56
0.463
0.287
0.062
0.289
0.724
0.325
0.942
0.121
0.431
0.506
0.388
0.119
0.032
0.964
0.661
0.817
0.694
0.762
0.656
0.282
0.58
0.875
0.445
0.143
0.602
0.867
0.63
0.08
0.262
0.394
0.681
0.164
0.503
0.239
0.274
0.837
0.994
0.103
0.685
0.624
0.22
0.906
0.162
0.064
0.054
0.141
0.604
0.88
0.82
0.116
0.117
0.458
0.846
0.791
0.187
0.135
0.554
0.697
0.553
0.419
0.948
0.683
0.326
0.771
0.627
0.597
0.728
0.642
0.654
0.725
0.224
0.797
0.677
0.96
0.322
0.876
0.381
0.512
0.525
0.089
0.259
0.097
0.402
0.848
0.928
0.911
0.171
0.919
0.177
0.316
0.178
0.462
0.056
0.915
0.523
0.988
0.705
0.647
0.385
0.853
0.468
0.584
0.131
0.712
0.558
0.362
0.28
0.982
0.072
0.353
0.138
0.591
0.225
0.305
0.942
0.045
0.213
0.586
0.178
0.575
0.546
0.595
0.262
0.411
0.084
0.964
0.512
0.301
0.768
0.898
0.109
0.934
0.711
0.877
0.357
0.486
0.673
0.378
0.675
0.551
0.298
0.547
0.047
0.594
0.899
0.798
0.748
0.658
0.864
0.66
0.6
0.433
0.025
0.12
0.931
0.582
0.332
0.037
0.922
0.183
0.874
0.426
0.054
0.774
0.322
0.077
0.602
0.872
0.041
0.794
0.079
0.185
0.545
0.256
0.138
0.959
0.128
0.479
0.615
0.032
0.542
0.229
0.749
0.226
0.282
0.083
0.215
0.918
0.083
0.684
0.365
0.245
0.681
0.18
0.978
0.091
0.837
0.347
0.804
0.498
0.087
0.147
0.003
0.423
0.739
0.318
0.615
0.086
0.288
0.578
0.559
0.837
0.371
0.597
0.514
0.941
0.733
0.959
0.747
0.202
0.461
0.297
0.102
0.786
0.107
0.131
0.086
0.79
0.086
0.324
0.331
0.98
0.176
0.884
0.403
0.551
0.197
0.169
0.688
0.452
0.471
0.412
0.775
0.305
0.624
0.688
0.291
0.351
0.919
0.783
0.649
0.003
0.28
0.692
0.861
0.615
0.436
0.699
0.76
0.249
0.164
0.654
0.65
0.43
0.52
0.136
0.489
0.171
0.206
0.006
0.494
0.867
0.577
0.303
0.597
0.901
0.733
0.234
0.95
0.28
0.044
0.742
0.473
0.195
0.884
0.893
0.954
0.027
0.112
0.195
0.352
0.115
0.725
0.78
0.76
0.588
0.861
0.479
0.977
0.952
0.378
0.396
0.366
0.863
0.735
0.477
0.586
0.06
0.269
0.348
0.19
0.95
0.47
0.748
0.471
0.246
0.9
0.148
0.091
0.873
0.279
0.364
0.034
0.965
0.414
0.282
0.436
0.645
0.076
0.759
0.669
0.096
0.864
0.584
0.62
0.835
0.246
0.703
0.249
0.84
0.729
0.45
0.147
0.953
0.031
0.055
0.012
0.737
0.794
0.269
0.396
0.027
0.37
0.534
0.319
0.004
0.135
0.201
0
0.488
0.584
0.812
0.303
0.469
0.963
0.449
0.883
0.335
0.799
0.131
0.698
0.199
0.725
0.895
0.875
0.861
0.975
0.119
0.22
0.776
0.825
0.616
0.039
0.118
0.962
0.97
0.978
0.154
0.223
0.324
0.848
0.247
0.699
0.105
0.924
0.638
0.175
0.498
0.304
0.026
0.623
0.091
0.871
0.826
0.613
0.615
0.77
0.433
0.578
0.637
0.57
0.307
0.175
0.317
0.039
0.213
0.214
0.631
0.347
0.16
0.61
0.646
0.74
0.768
0.264
0.476
0.074
0.889
0.38
0.458
0.538
0.086
0.132
0
0.653
0.609
0.501
0.606
0.182
0.8
0.806
0.61
0.14
0
0.166
0.286
0.522
0.085
0.407
0.634
0.639
0.359
0.475
0.632
0.53
0.434
0.203
0.297
0.954
0.809
0.197
0.115
0.978
0.605
0.892
0.735
0.633
0.362
0.228
0.609
0.396
0.029
0.936
0.181
0.235
0.738
0.976
0.136
0.559
0.305
0.639
0.346
0.31
0.521
0.547
0.174
0.415
0.323
0.658
0.972
0.017
0.832
0.564
0.369
0.06
0.148
0.114
0.383
0.854
0.898
0.653
0.728
0.57
0.993
0.92
0.703
0.794
0.201
0.871
0.989
0.313
0.933
0.591
0.51
0.416
0.962
0.38
0.903
0.125
0.8
0.042
0.736
0.585
0.671
0.319
0.697
0.302
0.635
0.226
0.61
0.772
0.602
0.492
0.642
0.801
0.304
0.878
0.169
0.92
0.071
0.035
0.175
0.241
0.921
0.714
0.59
0.509
0.721
0.69
0.057
0.769
0.632
0.773
