0.794
0.829
0.343
0.327
0.545
0.934
0.432
0.537
0.902
0.314
0.21
0.237
0.587
0.371
0.123
0.833
0.389
0.717
0.677
0.809
0.097
0.035
0.415
0.04
0.565
0.454
0.65
0.519
0.76
0.938
0.044
0.054
0.812
0.835
0.799
0.868
0.339
0.397
0.8
0.568
0.56
0.506
0.83
0.561
0.342
0.813
0.435
0.515
0.242
0.436
0.468
0.948
0.215
0.586
0.395
0.558
0.998
0.264
0.997
0.411
0.19
0.482
0.026
0.23
0.137
0.967
0.214
0.895
0.349
0.968
0.31
0.439
0.223
0.952
0.621
0.482
0.704
0.158
0.452
0.27
0.91
0.309
0.205
0.321
0.381
0.891
0.487
0.635
0.694
0.626
0.836
0.579
0.092
0.089
0.226
0.879
0.324
0.869
0.881
0.622
0.335
0.006
0.228
0.697
0.143
0.849
0.066
0.656
0.7
0.414
0.145
0.126
0.96
0.764
0.643
0.106
0.257
0.724
0.691
0.533
0.216
0.115
0.154
0.799
0.571
0.898
0.813
0.874
0.999
0.943
0.358
0.13
0.217
0.871
0.048
0.483
0.036
0.496
0.054
0.318
0.749
0.18
0.57
0.064
0.714
0.756
0.499
0.304
0.928
0.866
0.042
0.775
0.475
0.152
0.321
0.763
0.51
0.954
0.522
0.066
0.192
0.092
0.737
0.608
0.82
0.207
0.072
0.372
0.061
0.278
0.945
0.865
0.839
0.973
0.143
0.258
0.577
0.471
0.173
0.029
0.582
0.952
0.786
0.875
0.3
0.742
0.95
0.365
0.92
0.035
0.056
0.874
0.248
0.075
0.061
0.005
0.63
0.058
0.671
0.241
0.469
0.379
0.031
0.858
0.905
0.093
0.283
0.812
0.95
0.778
0.967
0.993
0.675
0.547
0.274
0.437
0.03
0.436
0.567
0.448
0.601
0.863
0.515
0.425
0.372
0.419
0.078
0.999
0.265
0.087
0.757
0.525
0.446
0.857
0.336
0.334
0.35
0.801
0.955
0.318
0.558
0.24
0.739
0.73
0.576
0.49
0.699
0.205
0.852
0.578
0.691
0.277
0.383
0.869
0.285
0.488
0.841
0.1
0.927
0.453
0.353
0.086
0.035
0.663
0.866
0.993
0.267
0.3
0.271
0.55
0.647
0.066
0.487
0.014
0.828
0.932
0.435
0.685
0.733
0.285
0.369
0.747
0.429
0.628
0.806
0.981
0.403
0.297
0.948
0.459
0.688
0.304
0.466
0.091
0.087
0.747
0.717
0.322
0.069
0.293
0.056
0.798
0.674
0.209
0.178
0.118
0.691
0.011
0.846
0.855
0.809
0.444
0.337
0.005
0.337
0.45
0.655
0.431
0.436
0.468
0.184
0.799
0.377
0.537
0.072
0.5
0.414
0.499
0.202
0.611
0.573
0.843
0.421
0.496
0.112
0.282
0.122
0.199
0.219
0.466
0.146
0.873
0.928
0.225
0.132
0.623
0.841
0.747
0.652
0.465
0.402
0.693
0.668
0.847
0.294
0.899
0.11
0.125
0.08
0.03
0.391
0.61
0.476
0.02
0.423
0.536
0.857
0.168
0.756
0.939
0.526
0.52
0.167
0.343
0.396
0.363
0.392
0.581
0.173
0.235
0.857
0.524
0.808
0.788
0.932
0.194
0.566
0.836
0.722
0.908
0.583
0.067
0.663
0.128
0.267
0.913
0.793
0.641
0.024
0.093
0.108
0.028
0.051
0.559
0.146
0.481
0.142
0.953
0.696
0.279
0.077
0.522
0.523
0.1
0.101
0.671
0.485
0.851
0.949
0.288
0.535
0.054
0.892
0.647
0.768
0.001
0.962
0.389
0.758
0.365
0.511
0.097
0.883
0.453
0.437
0.221
0.884
0.372
0.524
0.24
0.285
0.154
0.165
0.746
0.009
0.368
0.132
0.302
0.488
0.859
0.949
0.63
0.336
0.574
0.936
0.963
0.563
0.969
0.534
0.597
0.656
0.476
0.486
0.429
0.879
0.076
0.836
0.46
0.339
0.25
0.37
0.515
0.68
0.089
0.307
0.2
0.41
0.092
0.157
0.493
0.931
0.056
0.123
0.336
0.554
0.322
0.711
0.874
0.797
0.536
0.062
0.89
0.777
0.699
0.818
0.142
0.483
0.876
0.292
0.812
0.349
0.847
0.962
0.075
0.598
0.193
0.57
0.314
0.832
0.122
0.335
0.835
0.881
0.77
0.386
0.365
0.269
0.277
0.471
0.866
0.224
0.697
0.454
0.747
0.37
0.665
0.653
0.52
0.944
0.416
0.778
0.949
0.889
0.19
0.401
0.814
0.742
0.179
0.796
0.132
0.094
0.508
0.222
0.39
0.369
0.541
0.725
0.014
0.723
0.457
0.558
0.512
0.771
0.266
0.374
0.483
0.984
0.433
0.142
0.8
0.508
0.604
0.696
0.99
0.399
0.803
0.275
0.334
0.939
0.961
0.07
0.193
0.569
0.094
0.61
0.352
0.452
0.402
0.238
0.006
0.619
0.933
0.098
0.451
0.567
0.965
0.212
0.361
0.606
0.212
0.645
0.319
0.984
0.742
0.139
0.121
0.106
0.23
0.59
0.2
0.08
0.508
0.926
0.898
0.209
0.798
0.411
0.309
0.186
0.308
0.631
0.004
0.518
0.263
0.405
0.567
0.704
0.05
0.852
0.29
0.827
0.567
0.261
0.923
0.736
0.726
0.124
0.753
0.704
0.137
0.992
0.894
0.412
0.455
0.207
0.882
0.903
0.127
0.783
0.743
0.862
0.259
0.109
0.734
0.219
0.639
0.741
0.17
0.089
0.958
0.962
0.94
0.549
0.285
0.839
0.299
0.188
0.631
0.513
0.736
0.239
0.851
0.659
0.553
0.428
0.479
0.041
0.756
0.491
0.773
0.531
0.142
0.11
0.198
0.692
0.712
0.493
0.659
0.089
0.943
0.567
0.485
0.562
0.725
0.18
0.37
0.368
0.331
0.247
0.066
0.616
0.12
0.949
0.097
0.139
0.909
0.129
0.185
0.899
0.678
0.088
0.454
0.652
0.469
0.068
0.363
0.95
0.929
0.963
0.24
0.266
0.965
0.504
0.215
0.348
0.293
0.294
0.07
0.274
0.723
0.792
0.529
0.006
0.305
0.127
0.196
0.58
0.309
0.45
0.134
0.039
0.92
0.01
0.995
0.005
0.881
0.141
0.138
0.049
0.644
0.639
0.684
0.818
0.316
0.022
0.879
0.479
0.362
0.153
0.46
0.746
0.241
0.519
0.469
0.804
0.967
0.367
0.803
0.13
0.289
0.458
0.07
0.813
0.016
0.428
0.682
0.984
0.499
0.515
0.673
0.227
0.238
0.177
0.162
0.673
0.314
0.929
0.311
0.893
0.275
0.905
0.797
0.962
0.538
0.194
0.887
0.266
0.583
0.715
0.512
0.994
0.56
0.724
0.918
0.603
0.575
0.588
0.653
0.076
0.143
0.633
0.671
0.183
0.348
0.411
0.145
0.043
0.586
0.353
0.009
0.834
0.522
0.274
0.263
0.218
0.571
0.421
0.435
0.275
0.751
0.342
0.437
0.454
0.592
0.656
0.126
0.37
0.263
0.437
0.689
0.907
0.939
0.15
0.444
0.715
0.461
0.735
0.491
0.62
0.79
0.654
0.248
0.948
0.959
0.18
0.375
0.844
0.765
0.963
0.614
0.683
0.23
0.641
0.939
0.982
0.001
0.657
0.89
0.907
0.64
0.31
0.765
0.67
0.27
0.302
0.452
0.028
0.558
0.436
0.445
0.957
0.336
0.338
0.716
0.686
0.275
0.24
0.182
0.399
0.498
0.167
0.556
0.766
0.265
0.138
0.716
0.101
0.849
0.135
0.071
0.13
0.264
0.859
0.946
0.559
0.003
0.557
0.292
0.555
0.922
0.231
0.126
0.599
0.12
0.186
0.241
0.447
0.736
0.607
0.167
0.028
0.728
0.811
0.632
0.97
0.509
0.302
0.673
0.135
0.757
0.205
0.892
0.253
0.083
0.612
0.045
0.76
0.093
0.286
0.19
0.341
0.894
0.754
0.698
0.864
0.854
0.105
0.149
0.432
0.847
0.98
0.41
0.785
0.038
0.167
0.647
0.487
0.84
0.282
0.244
0.794
0.768
0.793
0.785
0.226
0.993
0.993
0.089
0.724
0.676
0.882
0.441
0.442
0.661
0.312
0.7
0.525
0.646
0.148
0.373
0.064
0.599
0.594
0.626
0.078
0.82
0.674
0.964
0.316
0.944
0.055
0.568
0.063
0.126
0.94
0.078
0.209
0.981
0.045
0.85
0.53
0.891
0.305
0.127
0.665
0.99
0.479
0.489
0.658
0.592
