0.994
0.859
0.384
0.531
0.891
0.446
0.662
0.192
0.05
0.152
0.958
0.557
0.898
0.713
0.408
0.462
0.106
0.322
0.122
0.686
0.359
0.197
0.381
0.289
0.768
0.993
0.98
0.573
0.588
0.114
0.393
0.071
0.332
0.974
0.181
0.859
0.681
0.211
0.366
0.299
0.642
0.108
0.691
0.916
0.43
0.048
0.28
0.057
0.569
0.46
0.689
0.96
0.642
0.401
0.521
0.977
0.929
0.566
0.016
0.473
0.933
0.537
0.294
0.323
0.179
0.06
0.227
0.642
0.057
0.777
0.852
0.259
0.365
0.498
0.53
0.403
0.218
0.461
0.478
0.878
0.826
0.161
0.019
0.589
0.809
0.825
0.3
0.783
0.287
0.157
0.672
0.164
0.392
0.122
0.824
0.733
0.943
0.868
0.754
0.445
0.422
0.051
0.927
0.158
0.96
0.452
0.024
0.813
0.183
0.809
0.291
0.23
0.165
0.932
0.754
0.081
0.564
0.546
0.191
0.38
0.296
0.028
0.314
0.177
0.854
0.718
0.011
0.752
0.948
0.014
0.385
0.233
0.249
0.026
0.137
0.521
0.576
0.512
0.936
0.065
0.336
0.088
0.535
0.925
0.638
0.192
0.385
0.591
0.403
0.444
0.521
0.156
0.002
0.366
0.073
0.581
0.48
0.701
0.294
0.311
0.672
0.067
0.928
0.747
0.842
0.08
0.154
0.644
0.622
0.494
0.761
0.336
0.192
0.091
0.975
0.71
0.108
0.052
0.022
0.653
0.415
0.217
0.723
0.728
0.362
0.331
0.768
0.718
0.348
0.417
0.822
0.352
0.409
0.452
0.926
0.181
0.373
0.843
0.095
0.545
0.758
0.605
0.161
0.21
0.026
0.626
0.837
0.22
0.22
0.827
0.277
0.86
0.012
0.927
0.54
0
0.945
0.278
0.881
0.568
0.921
0.112
0.475
0.9
0.758
0.066
0.597
0.609
0.781
0.49
0.692
0.88
0.147
0.204
0.557
0.529
0.357
0.796
0.762
0.379
0.513
0.093
0.544
0.701
0.507
0.655
0.094
0.168
0.308
0.681
0.324
0.939
0.039
0.552
0.583
0.511
0.825
0.734
0.183
0.056
0.804
0.32
0.616
0.221
0.185
0.57
0.252
0.89
0.811
0.842
0.533
0.864
0.686
0.04
0.796
0.814
0.83
0.443
0.708
0.39
0.486
0.487
0.498
0.452
0.297
0.78
0.699
0.433
0.653
0.678
0.777
0.459
0.202
0.318
0.27
0.599
0.21
0.644
0.064
0.646
0.014
0.485
0.056
0.057
0.524
0.945
0.616
0.717
0.726
0.607
0.176
0.128
0.085
0.747
0.97
0.776
0.859
0.494
0.88
0.164
0.147
0.436
0.174
0.424
0.386
0.783
0.827
0.537
0.345
0.721
0.737
0.144
0.939
0.848
0.502
0.172
0.365
0.734
0.8
0.361
0.779
0.22
0.687
0.242
0.77
0.097
0.036
0.299
0.082
0.518
0.381
0.711
0.199
0.263
0.406
0.801
0.408
0.604
0.842
0.731
0.79
0.054
0.576
0.887
0.582
0.749
0.167
0.6
0.97
0.763
0.162
0.927
0.045
0.484
0.712
0.168
0.106
0.031
0.917
0.963
0.832
0.836
0.876
0.549
0.855
0.629
0.132
0.151
0.762
0.419
0.353
0.188
0.579
0.336
0.139
0.328
0.044
0.967
0.473
0.794
0.528
0.63
0.047
0.017
0.538
0.646
0.11
0.101
0.874
0.891
0.788
0.17
0.275
0.424
0.658
0.743
0.707
0.006
0.413
0.717
0.701
0.094
0.645
0.326
0.933
0.785
0.441
0.743
0.031
0.026
0.969
0.856
0.63
0.372
0.481
0.637
0.377
0.507
0.738
0.432
0.184
0.565
0.516
0.145
0.549
0.476
0.378
0.24
0.311
0.525
0.855
0.124
0.747
0.025
0.409
0.705
0.636
0.156
0.885
0.106
0.241
0.31
0.319
0.638
0.522
0.604
0.966
0.952
0.899
0.389
0.431
0.242
0.904
0.042
0.428
0.162
0.244
0.846
0.382
0.558
0.019
0.66
0.738
0.583
0.711
0.671
0.765
0.701
0.904
0.841
0.18
0.094
0.874
0.262
0.049
0.705
0.399
0.946
0.862
0.805
0.972
0.413
0.882
0.739
0.855
0.441
0.008
0.244
0.511
0.059
0.956
0.533
0.738
0.045
0.775
0.956
0.857
0.674
0.766
0.942
0.873
0.86
0.162
0.656
0.332
0.284
0.81
0.396
0.54
0.317
0.857
0.575
0.987
0.635
0.79
0.764
0.265
0.878
0.069
0.261
0.082
0.457
0.794
0.16
0.565
0.55
0.903
0.434
0.728
0.174
0.582
0.239
0.427
0.397
0.538
0.974
0.582
0.43
0.597
0.356
0.68
0.065
0.217
0.298
0.549
0.15
0.739
0.748
0.814
0.008
0.493
0.967
0.91
0.663
0.927
0.166
0.942
0.09
0.515
0.462
0.972
0.035
0.452
0.389
0.733
0.575
0.831
0.593
0.405
0.11
0.92
0.066
0.966
0.938
0.325
0.491
0.58
0.796
0.275
0.972
0.894
0.455
0.227
0.034
0.661
0.658
0.272
0.945
0.938
0.037
0.011
0.922
0.269
0.465
0.087
0.964
0.82
0.245
0.015
0.908
0.659
0.362
0.475
0.207
0.631
0.043
0.598
0.053
0.862
0.029
0.94
0.66
0.545
0.548
0.876
0.911
0.684
0.374
0.348
0.593
0.033
0.931
0.716
0.954
0.7
0.335
0.665
0.343
0.739
0.635
0.671
0.207
0.048
0.306
0.832
0.228
0.214
0.708
0.51
0.976
0.394
0.207
0.134
0.593
0.273
0.255
0.671
0.513
0.187
0.168
0.313
0.924
0.298
0.906
0.914
0.312
0.236
0.733
0.225
0.703
0.357
0.593
0.152
0.428
0.825
0.155
0.863
0.292
0.134
0.272
0.949
0.04
0.367
0.76
0.841
0
0.531
0.461
0.897
0.947
0.24
0.655
0.1
0
0.826
0.274
0.16
0.46
0.121
0.77
0.052
0.751
0.518
0.955
0.856
0.609
0.092
0.49
0.796
0.176
0.424
0.357
0.559
0.013
0.092
0.83
0.449
0.02
0.468
0.137
0.751
0.652
0.958
0.645
0.022
0.897
0.411
0.852
0.98
0.264
0.007
0.334
0.73
0.915
0.622
0.438
0.488
0.272
0.346
0.361
0.476
0.082
0.051
0.445
0.94
0.819
0.377
0.728
0.648
0.496
0.574
0.543
0.885
0.965
0.871
0.626
0.069
0.267
0.762
0.845
0.521
0.906
0.501
0.159
0.659
0.675
0.818
0.686
0.295
0.375
0.586
0.8
0.136
0.404
0.981
0.916
0.328
0.492
0.633
0.16
0.987
0.889
0.147
0.408
0.544
0.941
0.564
0.579
0.301
0.159
0.834
0.637
0.818
0.709
0.706
0.171
0.246
0.777
0.494
0.612
0.468
0.532
0.9
0.806
0.631
0.033
0.664
0.292
0.197
0.712
0.999
0.009
0.589
0.049
0.307
0.636
0.576
0.469
0.208
0.044
0.265
0.158
0.954
0.75
0.032
0.325
0.665
0.121
0.615
0.269
0.636
0.906
0.637
0.514
0.326
0.158
0.829
0.553
0.036
0.822
0.898
0.607
0.945
0.043
0.28
0.314
0.864
0.8
0.235
0.086
0.08
0.834
0.497
0.92
0.575
0.798
0.254
0.882
0.832
0.804
0.734
0.037
0.235
0.61
0.483
0.702
0.663
0.55
0.5
0.28
0.55
0.632
0.629
0.446
0.211
0.116
0.037
0.508
0.091
0.96
0.678
0.05
0.825
0.37
0.686
0.261
0.067
0.429
0.923
0.843
0.35
0.167
0.855
0.36
0.397
0.287
0.056
0.333
0.83
0.559
0.219
0.647
0.336
0.21
0.611
0.572
0.15
0.541
0.947
0.29
0.479
0.652
0.706
0.134
0.318
0.524
0.126
0.581
0.343
0.186
0.885
0.208
0.023
0.485
0.525
0.827
0.854
0.665
0.595
0.736
0.792
0.217
0.887
0
0.556
0.476
0.475
0.569
0.902
0.504
0.923
0.204
0.188
0.129
0.181
0.224
0.083
0.559
0.688
0.562
0.127
0.438
0.508
0.657
0.136
0.503
0.65
0.45
0
0.643
0.405
0.725
0.53
0.302
0.332
0.59
0.147
0.698
0.026
0.122
0.141
0.182
0.226
0.58
0.752
0.555
0.036
0.577
0.889
0.975
0.444
0.501
0.099
0.825
0.04
0.83
0.681
0.124
0.577
0.101
