0.493
0.526
0.887
0.553
0.161
0.498
0.443
0.036
0.729
0.188
0.03
0.96
0.81
0
0.74
0.256
0.443
0.622
0.549
0.442
0.064
0.305
0.966
0.4
0.234
0.012
0.704
0.049
0.477
0.353
0.932
0.276
0.819
0.357
0.471
0.247
0.26
0.784
0.729
0.91
0.171
0.172
0.633
0.5
0.119
0.926
0.206
0.9
0.442
0.929
0.349
0.056
0.406
0.149
0.799
0.525
0.952
0.6
0.806
0.437
0.342
0.348
0.173
0.404
0.228
0.759
0.218
0.215
0.497
0.703
0.437
0.595
0.623
0.851
0.726
0.698
0.619
0.727
0.388
0.018
0.992
0.445
0.012
0.91
0.373
0.867
0.468
0.056
0.206
0.637
0.287
0.92
0.99
0.148
0.065
0.015
0.45
0.847
0.316
0.509
0.705
0.006
0.408
0.76
0.364
0.567
0.868
0.291
0.191
0.63
0.036
0.074
0.602
0.697
0.098
0.471
0.197
0.333
0.583
0.261
0.452
0.519
0.472
0.12
0.115
0.406
0.697
0.128
0.291
0
0.627
0.683
0.519
1.0
0.767
0.352
0.808
0.282
0.829
0.078
0.924
0.546
0.116
0.346
0.645
0.545
0.614
0.418
0.886
0.698
0.082
0.94
0.838
0.901
0.826
0.626
0.923
0.807
0.25
0.319
0.563
0.282
0.853
0.308
0.822
0.889
0.019
0.611
0.412
0
0.126
0.392
0.836
0.221
0.948
0.493
0.232
0.727
0.479
0.659
0.786
0.014
0.011
0.7
0.406
0.435
0.019
0.2
0.065
0.027
0.421
0.639
0.667
0.829
0.966
0.768
0.435
0.175
0.952
0.156
0.129
0.14
0.041
0.379
0.928
0.202
0.52
0.344
0.793
0.236
0.593
0.508
0.228
0.903
0.18
0.203
0.981
0.168
0.233
0.63
0.368
0.437
0.398
0.426
0.296
0.874
0.188
0.461
0.516
0.916
0.057
0.566
0.929
0.024
0.453
0.094
0.232
0.594
0.852
0.384
0.488
0.946
0.524
0.071
0.353
0.805
0.73
0.731
0.687
0.781
0.908
0.245
0.824
0.228
0.024
0.157
0.195
0.23
0.801
0.564
0.915
0.821
0.265
0.82
0.98
0.458
0.378
0.982
0.82
0.851
0.267
0.342
0.157
0.449
0.381
0.166
0.532
0.696
0.206
0.076
0.786
0.69
0.941
0.186
0.575
0.461
0.503
0.515
0.374
0.455
0.023
0.55
0.685
0.888
0.705
0.215
0.4
0.809
0.86
0.167
0.398
0.751
0.563
0.76
0.197
0.936
0.336
0.077
0.251
0.724
0.996
0.446
0.833
1.0
0
0.912
0.625
0.016
0.525
0.073
0.607
0.286
0.838
0.121
0.024
0.662
0.742
0.619
0.616
0.708
0.209
0.548
0.496
0.016
0.607
0.818
0.871
0.358
0.169
0.8
0.642
0.97
0.441
0.071
0.038
0.84
0.005
0.482
0.823
0.381
0.465
0.268
0.398
0.14
0.981
0.667
0.32
0.393
0.545
0.406
0.675
0.412
0.464
0.782
0.452
0.119
0.102
0.253
0.505
0.209
0.195
0.608
0.185
0.792
0.307
0.509
0.889
0.729
0.394
0.972
0.374
0.0
0.079
0.301
0.718
0.387
0.281
0.831
0.769
0.428
0.095
0.917
0.95
0.37
0.392
0.606
0.185
0.403
0.424
0.57
0.85
0.57
0.713
0.426
0.738
0.407
0.676
0.416
0.357
0.498
0.866
0.736
0.561
0.009
0.382
0.647
0.547
0.754
0.874
0.143
0
0.792
0.84
0.011
0.393
0.756
0.471
0.731
0.734
0.748
0.609
0.812
0.073
0.329
0.969
0.212
0.723
0.583
0.016
0.166
0.969
0.35
0.048
0.732
0.709
0.731
0.423
0.012
0.21
0.846
0.574
0.766
0.092
0.833
0.617
0.985
0.96
0.052
0.684
0.863
0.662
0.335
0.564
0.956
0.973
0.396
0.724
0.065
0.489
0.093
0.986
0.733
0.983
0.114
0.561
0.722
0.483
0.41
0.852
0.107
0.942
0.474
0.252
0.337
0.48
0.202
0.951
0.457
0.252
0.97
0.601
0.005
0.282
0.729
0.634
0.695
0.625
0.251
0.001
0.714
0.039
0.741
0.255
0.09
0.915
0.723
0.251
0.556
0.33
0.598
0.884
0.018
0.399
0.464
0.787
0.15
0.994
0.019
0.595
0.982
0.745
0.273
0.807
0.326
0.665
0.214
0.05
0.58
0.087
0.169
0.075
0.657
0.062
0.564
0.523
0.987
0.333
0.201
0.397
0.951
0.778
0.716
0.951
0.043
0.662
0.893
0.028
0
0.862
0.774
0.699
0.148
0.467
0.809
0.267
0.856
0.215
0.035
0.301
0.04
0.929
0.319
0.853
0.332
0.333
0.575
0.816
0.995
0.162
0.231
0.074
0.53
0.208
0.91
1.0
0.845
0.692
0.324
0.953
0.296
0.224
0.503
0.308
0.849
0.257
0.209
0.751
0.395
0.902
0.66
0.108
0.815
0.955
0.405
0.612
0.571
0.796
0.066
0.818
0.817
0.887
0.81
0.841
0.941
0.335
0.823
0.958
0.064
0.707
0.947
0.817
0.891
0.802
0.756
0.245
0.12
0.736
0.175
0.005
0.996
0.55
0.249
0.759
0.218
0.115
0.973
0.565
0.499
0.503
0.091
0.987
0.742
0.716
0.791
0.552
0.215
0.818
0.543
0.218
0.172
0.003
0.133
0.15
0.262
0.046
0.123
0.156
0.773
0.509
0.892
0.832
0.04
0.353
0.151
0.792
0.321
0.894
0.281
0.129
0.198
0.31
0.846
0.416
0.197
0.689
0.783
0.591
0.596
0.404
0.09
0.406
0.023
0.049
0.669
0.652
0.419
0.132
0.762
0.161
0.998
0.342
0.645
0.004
0.51
0.22
0.544
0.445
0
0.225
0.007
0.531
0.327
0.852
0.972
0.117
0.091
0.931
0.219
0.819
0.899
0.226
0.174
0.132
0.211
0.936
0.34
0.947
0.514
0.853
0.228
0.845
0.655
0.537
0.151
0.614
0.981
0.362
0.424
0.34
0.891
0.552
0.0
0.585
0.482
0.623
0.14
0.216
0.475
0.165
0.577
0.656
0.195
0.5
0.953
0.808
0.543
0.311
0.743
0.604
0.837
0.753
0.608
0.2
0.303
0.747
0.695
0.649
0.64
0.49
0.428
0.549
0.007
0.21
0.571
0.596
0.558
0.352
0.098
0.433
0.671
0.478
0.071
0.47
0.164
0.652
0.642
0.994
0.734
0.0
0.062
0.303
0.003
0.439
0.1
0.041
0.154
0.616
0.412
0.15
0.464
0.5
0.102
0.743
0.783
0.414
0.196
0.049
0.234
0.093
0.511
0.617
0.021
0.242
0.535
0.277
0.543
0.758
0.364
0.688
0.577
0.311
0.199
0.489
0.015
0.103
0.64
0.51
0.661
0.834
0.149
0.593
0.455
0.2
0.727
0.439
0.839
0.255
0.471
0.52
0.539
0.497
0.874
0.861
0.328
0.41
0
0.338
0.527
0.69
0.079
0.395
0.431
0.547
0.701
0.559
0.93
0.577
0.436
0.76
0.917
0.072
0.65
0.464
0.897
0.272
0.824
0.844
0.226
0.35
0.808
0.736
0.485
0.235
0.913
0.859
0.8
0.319
0.308
0.418
0.519
0.681
0.85
0.329
0.338
0.232
0.647
0.516
0.415
0.649
0.226
0.484
0.482
0.262
0.446
0.562
0.096
0.078
0.756
0.822
0.913
0.133
0.377
0.506
0.569
0.531
0.327
0.864
0.44
0.605
0.047
0.744
0.894
0.315
0.163
0.875
0.776
0.301
0.436
0.989
0.945
0.707
0.596
0.996
0.891
0.168
0.352
0.174
0.224
0.23
0.781
0.505
0.359
0.972
0.378
0.637
0.604
0.588
0.615
0.386
0.698
0.923
0.438
0.233
0.242
0.31
0.879
0.966
0.688
0.129
0.634
0.998
0.965
0.502
0.41
0.102
0.494
0.054
0.292
0.302
0.32
0.27
0.237
0.379
0.008
0.644
0.229
0.127
0.614
0.452
0.723
0.475
0.731
0.651
0.987
0.089
0.774
0.624
0.612
0.632
0.901
0.354
0.081
0.941
0.385
0.043
0.48
0.574
0.09
0.388
0.619
0.122
0.083
0.743
0.554
0.42
0.649
0
0.168
0.47
0.048
0.074
0.969
0.148
0.984
0.731
0.299
0.715
0.042
0.449
0.208
0.747
0.142
0.512
0.267
0.471
0.021
0.118
0.373
0.131
0.642
