0.238
0.114
0.478
0.816
0.406
0.444
0.47
0.892
0.738
0.744
0.697
0.11
0.595
0.689
0.265
0.791
0.513
0.48
0.502
0.873
0.844
0.972
0.16
0.451
0.392
0.806
0.618
0.506
0.029
0.908
0.424
0.113
0.718
0.673
0.22
0.732
0.003
0.799
0.545
0.194
0.098
0.935
0.845
0.929
0.819
0.497
0.878
0.085
0.349
0.784
0.418
0.886
0.382
0.563
0.621
0.002
0.571
0.452
0.043
0.111
0.621
0.087
0.327
0.515
0.714
0.407
0.624
0.347
0.319
0.012
0.526
0.099
0.156
0.155
0.449
0.278
0.216
0.195
0.75
0.373
0.217
0.791
0.612
0.792
0.165
0.368
0.291
0.3
0.719
0.189
0.564
0.671
0.869
0.166
0.062
0.741
0.3
0.184
0.705
0.161
0.472
0.831
0.818
0.201
0.426
0.947
0.346
0.806
0.182
0.954
0.082
0.888
0.782
0.094
0.014
0.972
0.974
0.076
0.822
0.113
0.443
0.936
0.028
0.07
0.454
0.876
0.045
0.768
0.315
0.956
0.753
0.441
0.566
0.542
0.028
0.689
0.02
0.338
0.849
0.728
0.891
0.67
0.58
0.565
0.001
0.022
0.638
0.069
0.744
0.998
0.529
0.007
0.092
0.777
0.441
0.311
0.786
0.062
0.414
0.849
0.224
0.572
0.77
0.464
0.553
0.915
0.695
0.505
0.206
0.807
0.247
0.022
0.569
0.072
0.726
0.456
0.992
0.807
0.04
0.077
0.885
0.378
0.088
0.998
0.743
0.656
0.532
0.795
0.991
0.287
0.427
0.713
0.559
0.92
0.478
0.86
0.119
0.615
0.195
0.762
0.642
0.896
0.604
0.391
0.774
0.176
0.835
0.117
0.113
0.585
0.562
0.608
0.398
0.247
0.191
0.427
0.262
0.469
0.246
0.887
0.303
0.404
0.744
0.309
0.163
0.766
0.927
0.377
0.349
0.494
0.259
0.361
0.384
0.147
0.175
0.586
0.231
0.038
0.13
0.303
0.758
0.387
0.682
0.211
0.865
0.597
0.241
0.762
0.145
0.412
0.569
0.158
0
0.831
0.99
0.217
0.753
0.239
0.706
0.311
0.546
0.113
0.824
0.992
0.315
0.706
0.249
0.87
0.267
0.052
0.624
0.319
0.829
0.395
0.634
0.266
0.721
0.732
0.266
0.331
0.801
0.867
0.475
0.108
0.047
0.53
0.978
0.668
0.489
0.941
0.831
0.226
0.129
0.696
0.501
0.099
0.316
0.048
0.938
0.119
0.948
0.394
0.055
0.906
0.733
0.315
0.383
0.388
0.084
0.208
0.273
0.088
0.664
0.859
0.651
0.651
0.909
0.352
0.203
0.72
0.312
0.704
0.204
0.845
0.539
0.73
0.466
0.183
0.22
0.359
0.249
0.774
0.434
0.833
0.351
0.32
0.132
0.471
0.43
0.922
0.754
0.137
0.8
0.987
0.211
0.646
0.459
0.828
0.403
0.968
0.576
0.922
0.179
0.498
0.638
0.47
0.642
0.424
0.545
0.034
0.612
0.705
0.792
0.297
0.32
0.01
0.755
0.718
0.876
0.722
0.057
0.299
0.301
0.566
0.479
0.704
0
0.636
0.454
0.708
0.893
0.177
0.857
0.549
0.039
0.136
0.982
0.271
0.563
0.185
0.913
0.331
0.669
0.038
0.502
0.613
0.188
0.72
0.101
0.404
0.267
0.628
0.852
0
0.925
0.23
0.828
0.93
0.85
0.378
0.272
0.448
0.036
0.295
0.06
0.774
0.452
0.529
0.506
0.169
0.518
0.07
0.658
0.082
0.808
0.254
0.333
0.884
0.142
0.785
0.358
0.984
0.489
0.328
0.553
0.08
0.791
0.445
0.186
0.342
0.033
0.794
0.818
0.768
0.178
0.869
0.746
0.238
0.306
0.492
0.848
0.32
0.774
0.175
0.388
0.986
0.441
0.568
0.043
0.434
0.911
0.609
0.173
0.74
0.78
0.952
0.981
0.29
0.688
0.834
0.813
0.596
0.341
0.766
0.775
0.501
0.16
0.53
0.948
0.87
0.16
0.151
0.142
0.849
0.503
0.351
0.14
0.529
0.797
0.995
0.677
0.539
0.152
0.056
0.077
0.513
0.564
0.18
0.6
0.729
0.856
0.241
0.211
0.732
0.779
0.698
0.597
0.529
0.9
0.549
0.543
0.821
0.825
0.519
0.489
0.85
0.38
0.64
0.803
0.924
0.923
0.653
0.99
0.775
0.896
0.872
0.802
0.52
0.296
0.515
0.228
0.4
0.964
0.994
0.688
0.417
0.532
0.897
0.04
0.427
0.175
0.497
0.675
0.685
0.869
0.087
0.853
0.604
0.337
0.606
0.591
0.879
0.689
0.051
0.35
0.37
0.49
0.038
0.123
0.215
0.984
0.907
0.65
0.735
0.937
0.764
0.071
0.591
0.352
0.068
0.725
0.519
0.375
0.346
0.658
0.555
0.14
0.185
0.395
0.705
0.021
0.776
0.006
0.3
0.86
0.746
0.271
0.38
0.87
0.333
0.899
0.828
0.495
0.147
0.475
0.569
0.031
0.323
0.039
0.689
0.539
0.273
0.152
0.933
0.968
0.908
0.568
0.001
0.645
0.399
0.392
0.914
0.066
0.731
0.662
0.81
0.709
0.11
0.987
0.063
0.602
0.84
0.987
0.872
0.228
0.357
0.921
0.961
0.795
0.007
0.688
0.826
0.667
0.567
0.609
0.915
0.858
0.105
0.785
0.939
0.043
0.227
0.078
0
0.424
0.125
0.804
0.695
0.164
0.083
0.023
0.208
0.096
0.099
0.646
0.944
0.605
0.796
0.347
0.907
0.385
0.928
0.673
0.067
0.451
0.032
0.46
0.749
0.409
0.95
0.414
0.328
0.367
0.598
0.626
0.505
0.018
0
0.712
0.976
0.244
0.143
0.425
0.107
0.039
0.712
0.757
0.505
0.251
0.822
0.77
0.526
0.702
0.669
0.88
0.585
0.027
0.073
0.589
0.304
0.358
0.85
0.125
0.836
0.645
0.189
0.436
0.942
0.542
0.997
0.655
0.776
0.017
0.957
0.841
0.742
0.827
0.243
0.351
0.727
0.697
0.777
0.709
0.296
0.177
0.143
0.322
0.146
0.16
0.03
0.156
0.658
0.616
0.967
0.055
0.822
0.108
0.289
0.991
0.549
0.921
0.051
0.393
0.296
0.684
0.854
0.428
0.122
0.616
0.518
0.1
0.56
0.805
0.898
0.271
0.747
0.966
0
0.007
0.058
0.821
0.067
0.508
0.283
0.748
0.908
0.441
0.91
0.602
0.087
0.594
0.273
0.22
0
0.614
0.755
0.118
0.152
0.19
0.266
0.987
0.833
0.759
0.523
0.25
0.787
0.448
0.433
0.045
0.528
0.802
0.787
0.244
0.713
0.226
0.498
0.456
0.427
0.524
0.28
0.846
0.366
0.907
0.422
0.472
0.627
0.995
0.26
0.491
0.614
0.105
0.599
0.419
0.713
0.469
0.179
0.718
0.882
0.614
0.037
0.871
0.238
0.949
0.426
0.46
0.908
0.918
0.917
0.265
0.166
0.81
0.038
0.775
0.293
0.708
0.861
0.842
0.677
0.58
0.439
0.849
0.992
0.766
0.735
0.276
0.974
0.337
0.558
0.591
0.311
0.236
0.571
0.362
0.1
0.361
0.883
0.375
0.505
0.859
0.096
0.231
0.986
0.986
0.891
0.285
0.961
0.535
0.334
0.912
0.02
0.707
0.283
0.146
0.261
0.731
0.972
0.062
0.907
0.955
0.61
0.542
0.887
0.375
0.719
0.407
0.297
0.527
0.247
0.629
0.459
0.979
0.501
0.61
0.322
0.481
0.336
0.559
0.837
0.861
0.714
0.557
0.123
0.765
0.067
0.733
0.66
0.45
0.86
0.294
0.412
0.406
0.32
0.578
0.047
0.946
0.302
0.359
0.837
0.506
0.174
0.753
0
0.226
0.83
0.701
0.418
0.498
0.333
0.345
0.984
0.303
0.134
0.056
0.393
0.122
0.207
0.41
0.489
0.923
0.087
0.478
0.353
0.159
0.67
0.949
0.123
0.246
0.102
0.84
0.018
0.161
0.915
0.566
0.909
0.967
0.916
0.549
0.528
0.628
0.331
0.498
0.779
0.381
0.32
0.319
0.767
0.444
0.83
0.134
0
0.525
0.089
0.317
0.673
0.538
0.238
0.664
0.232
0.594
0.596
0.842
0.232
0.417
0.841
0.942
0.45
0.456
0.835
0.046
0.67
0.74
0.688
0.169
0.062
0.8
0.319
0.696
0.648
0.528
0.734
