0.048
0.647
0.933
0.786
0.111
0.796
0.961
0.514
0.843
0.469
0.242
0.571
0.9
0.37
0.262
0.453
0.063
0.112
0.841
0.684
0.986
0.144
0.949
0.841
0.527
0.892
0.795
0.09
0.56
0.631
0.533
0.083
0.014
0.336
0.4
0.105
0.786
0.262
0.271
0.142
0.101
0.511
0.132
0.941
0.38
0.872
0.386
0.901
0.027
0.005
0.001
0.926
0.867
0.686
0.187
0.776
0.524
0.371
0.438
0.348
0.672
0.088
0.18
0.256
0.398
0.016
0.987
0.933
0.832
0.93
0.426
0.409
0.755
0.574
0.628
0.089
0.624
0.283
0.727
0.091
0.89
0.106
0.112
0.148
0.777
0.401
0.878
0.586
0.006
0.928
0.85
0.853
0.743
0.34
0.73
0.451
0.814
0.155
0.596
0.786
0.849
0.257
0.057
0.218
0.829
0.2
0.265
0.672
0.929
0.766
0.842
0.275
0.147
0.342
0.293
0.255
0.164
0.687
0.738
0.688
0.774
0.838
0.03
0.985
0.123
0.622
0.375
0.948
0.8
0.904
0.886
0.392
0.189
0.938
0.278
0.303
0.097
0.963
0.484
0.185
0.649
0.308
0.932
0.168
0.03
0.521
0.355
0.807
0.975
0.261
0.715
0.469
0.089
0.384
0.689
0.849
0.692
0.105
0.571
0.152
0.783
0.311
0.681
0.567
0.249
0.484
0.129
0.612
0.562
0.623
0.375
0.393
0.575
0.643
0.19
0.375
0.802
0.149
0.451
0.661
0.731
0.508
0.445
0.718
0.769
0.18
0.304
0.495
0.987
0.86
0.446
0.236
0.565
0.108
0.991
0.858
0.872
0.554
0.535
0.85
0.781
0.992
0.718
0.553
0.968
0.227
0.843
0.455
0.176
0.675
0.266
0.344
0.04
0.569
0.496
0.22
0.667
0.625
0.92
0.215
0.547
0.609
0.458
0.198
0.761
0.107
0.899
0.082
0.281
0.513
0.228
0.955
0.83
0.467
0.88
0.854
0.804
0.632
0.145
0.855
0.625
0.858
0.2
0.223
0.864
0.507
0.459
0.132
0.175
0.101
0.441
0.663
0.59
0.612
0.348
0.383
0.382
0.738
0.461
0.494
0.416
0.853
0.28
0.317
0.796
0.218
0.882
0.884
0.729
0.575
0.451
0.809
0.379
0.394
0.247
0.88
0.363
0.318
0.299
0.266
0.279
0.996
0.192
0.642
0.089
0.062
0.994
0.896
0.248
0.149
0.389
0.926
0.597
0.98
0.306
0.543
0.977
0.378
0.147
0.177
0.58
0.995
0.922
0.691
0.517
0.982
0.422
0.915
0.987
0.574
0.828
0.95
0.415
0.732
0.869
0.0
0.018
0.689
0.935
0.023
0.074
0.18
0.654
0.046
0.797
0.739
0.883
0.077
0.506
0.968
0.659
0.558
0.073
0.728
0.773
0.099
0.076
0.25
0.551
0.572
0.36
0.708
0.423
0.237
0.535
0.033
0.767
0.361
0.571
0.383
0.95
0.505
0.287
0.139
0.232
0.835
0.819
0.271
0.983
0.56
0.914
0.062
0.057
0.682
0.031
0.561
0.469
0.496
0.303
0.544
0.851
0.498
0.236
0.964
0.713
0.252
0.416
0.876
0.28
0.9
0.384
0.918
0.77
0.786
0.776
0.44
0.775
0.674
0.438
0.513
0.834
0.323
0.691
0.837
0.81
0.489
0.114
0.978
0.511
0.616
0.032
0.509
0.628
0.079
0.865
0.804
0.441
0.913
0.082
0.973
0.273
0.801
0.154
0.768
0.842
0.982
0.912
0.047
0.768
0.194
0.527
0.476
0.18
0.209
0.118
0.511
0.302
0.576
0.584
0.335
0.375
0.174
0.074
0.146
0.124
0.062
0.563
0.841
0.198
0.277
0.39
0.69
0.967
0.491
0.806
0.314
0.642
0.024
0.875
0.205
0.448
0.09
0.29
0.97
0.053
0.407
0.511
0.492
0.908
0.596
0.975
0.661
0.242
0.269
0.15
0.658
0.934
0.892
0.05
0.551
0.366
0.798
0.223
0.642
0.725
0.849
0.79
0.676
0.55
0.012
0.664
0.341
0.449
0.303
0.411
0.879
0.295
0.062
0.024
0.079
0.848
0.241
0.101
0.782
0.017
0.918
0.522
0.227
0.548
0.594
0.874
0.561
0.351
0.839
0.964
0.608
0.028
0.693
0.152
0.955
0.301
0.998
0.418
0.107
0.113
0.904
0.566
0.05
0.207
0.87
0.632
0.758
0.487
0.821
0.809
0.506
0.17
0.063
0.498
0.06
0.291
0.789
0.015
0.284
0.807
0.775
0.694
0.602
0.163
0.346
0.666
0.26
0.002
0.625
0.918
0.526
0.978
0.055
0.776
0.721
0.456
0.064
0.3
0.159
0.46
0.725
0.242
0.417
0.909
0.223
0.627
0.607
0.147
0.103
0.502
0.555
0.778
0.605
0.312
0.667
0.127
0.283
0.942
0.345
0.319
0.203
0.044
0.91
0.565
0.197
0.598
0.181
0.44
0.515
0.283
0.425
0.561
0.509
0.57
0.71
0.954
0.853
0.86
0.722
0.029
0.938
0.584
0.418
0.905
0.309
0.393
0.685
0.029
0.391
0.866
0.946
0.812
0.841
0.331
0.981
0.12
0.165
0.1
0.086
0.025
0.769
0.508
0.447
0.29
0.137
0.494
0.862
0.929
0.922
0.25
0.846
0.1
0.859
0.928
0.225
0.789
0.566
0.071
0.348
0.516
0.849
0.758
0.044
0.779
0.82
0.933
0.601
0.884
0.833
0.383
0.434
0.078
0.988
0.079
0.816
0.095
0.95
0.57
0.035
0.328
0.36
0.416
0.183
0.637
0.408
0.102
0.134
0.214
0.604
0.296
0.283
0.103
0.114
0.582
0.254
0.057
0.814
0.38
0.62
0.249
0.781
0.653
0.932
0.406
0.466
0.646
0.411
0.834
0.31
0.285
0.262
0.085
0.056
0.434
0.485
0.742
0.864
0.093
0.447
0.907
0.498
0.44
0.972
0.775
0.449
0.978
0.958
0.723
0.66
0.917
0.266
0.493
0.241
0.137
0.487
0.322
0.104
0.567
0.692
0.648
0.421
0.161
0.197
0.91
0.883
0.952
0.482
0.649
0.964
0.204
0.609
0.03
0.253
0.956
0.825
0.737
0.011
0.613
0.683
0.624
0.124
0.978
0.372
0.267
0.653
0.311
0.645
0.821
0.924
0.519
0.983
0.041
0.414
0.379
0.667
0.154
0.243
0.623
0.99
0.603
0.98
0.896
0.537
0.936
0.683
0.738
0.262
0.967
0.799
0.936
0.404
0.318
0.013
0.379
0.112
0.764
0.092
0.299
0.615
0.17
0.96
0.026
0.529
0.53
0.162
0.996
0.408
0.671
0.064
0.145
0.944
0.608
0.858
0.314
0.08
0.899
0.239
0.038
0.241
0.303
0.339
0.682
0.995
0.933
0.007
0.14
0.342
0.833
0.711
0.434
0.046
0.679
0.617
0.699
0.176
0.49
0.754
0.015
0.336
0.984
0.896
0.053
0.227
0.481
0.763
0.439
0.675
0.813
0.163
0.739
0.51
0.555
0.153
0.882
0.451
0.663
0.054
0.326
0.649
0.554
0.975
0.649
0.191
0.576
0.107
0.125
0.545
0.296
0.711
0.976
0.416
0.269
0.786
0.968
0.996
0.619
0.349
0.906
0.601
0.538
0.772
0.102
0.386
0.625
0.471
0.568
0.777
0.838
0.654
0.907
0.282
0.124
0.871
0.009
0.732
0.421
0.014
0.685
0.607
0.956
0.356
0.854
0.416
0.26
0.236
0.266
0.832
0.836
0.762
0.571
0.053
0.065
0.494
0.364
0.133
0.457
0.862
0.23
0.599
0.851
0.464
0.927
0.021
0.564
0.83
0.87
0.285
0.675
0.461
0.056
0.688
0.859
0.808
0.119
0.497
0.152
0.993
0.954
0.571
0.256
0.491
0.816
0.564
0.381
0.666
0.319
0.829
0.927
0.902
0.648
0.63
0.438
0.194
0.838
0.883
0.125
0.051
0.876
0.521
0.738
0.872
0.977
0.811
0.955
0.306
0.875
0.371
0.182
0.132
0.806
0.667
0.308
0.868
0.987
0.514
0.335
0.53
0.312
0.458
0.739
0.46
0.383
0.341
0.567
0.225
0.737
0.073
0.453
0.894
0.761
0.169
0.729
0.853
0.487
0.545
0.497
0.877
0.92
0.569
0.137
0.659
0.387
0.453
0.824
0.83
0.228
0.937
0.39
0.948
0.257
0.682
0.399
0.31
0.773
0.994
0.729
0.21
0.752
0.159
0.922
0.518
0.991
0.953
0.142
0.286
