0.431
0.926
0.023
0.493
0.752
0.812
0.618
0.9
0.044
0.406
0.61
0.018
0.874
0.667
0.509
0.059
0.938
0.624
0.377
0.524
0.793
0.627
0.834
0.962
0.582
0.93
0.87
0.006
0.378
0.866
0.477
0.653
0.307
0.006
0.801
0.222
0.644
0.626
0.545
0.488
0.43
0.093
0.072
0.481
0.64
0.274
0.938
0.024
0.207
0.482
0.915
0.262
0.482
0.1
0.461
0.687
0.711
0.694
0.304
0.057
0.334
0.163
0.755
0.374
0.855
0.253
0.237
0.894
0.647
0.12
0.507
0.818
0.817
0.306
0.734
0.38
0.271
0.352
0.968
0.199
0.487
0.834
0.655
0.978
0.161
0.499
0.0
0.975
0.495
0.585
0.338
0.234
0.44
0.728
0.934
0.178
0.53
0.061
0.196
0.275
0.022
0.084
0.232
0.664
0.117
0.95
0.784
0.666
0.672
0.176
0.4
0.389
0.04
0.795
0.656
0.434
0.346
0.662
0.688
0.805
0.257
0.685
0.589
0.645
0.457
0.793
0.092
0.373
0.84
0.663
0.766
0.031
0.269
0.748
0.575
0.046
0.591
0.231
0.428
0.591
0.417
0.984
0.533
0.033
0.087
0.345
0.479
0.169
0.773
0.853
0.216
0.926
0.808
0.221
0.51
0.249
0.066
0.91
0.766
0.502
0.408
0.503
0.824
0.365
0.377
0.931
0.326
0.278
0.036
0.972
0.404
0.323
0.093
0.883
0.982
0.545
0.63
0.549
0.72
0.856
0.584
0.072
0.855
0.725
0.108
0.763
0.045
0.403
0.4
0.07
0.612
0.565
0.861
0.862
0.51
0.39
0.311
0.745
0.635
0.703
0.605
0.438
0.058
0.257
0.192
0.506
0.464
0.721
0.524
0.434
0.518
0.741
0.399
0.928
0.056
0.952
0.815
0.187
0.25
0.801
0.827
0.958
0.978
0.262
0.426
0.44
0.43
0.572
0.265
0.039
0.958
0.186
0.129
0.984
0.132
0.4
0.581
0.742
0.026
0.893
0.214
0.611
0.178
0.581
0.995
0.183
0.432
0.583
0.59
0.463
0.107
0.221
0.962
0.179
0.105
0.222
0.635
0.351
0.066
0.334
0.778
0.671
0.488
0.15
0.411
0.055
0.956
0.333
0.463
0.683
0.972
0.743
0.784
0.908
0.549
0.369
0.816
0.491
0.27
0.693
0.216
0.416
0.106
0.288
0.376
0.859
0.079
0.398
0.628
0.812
0.251
0.338
0.302
0.791
0.319
0.028
0.249
0.95
0.436
0.845
0.187
0.828
0.997
0.353
0.717
0.311
0.99
0.446
0.634
0.374
0.352
0.905
0.981
0.969
0.545
0.661
0.191
0.666
0.175
0.341
0.666
0.647
0.598
0.984
0.086
0.025
0.442
0.217
0.808
0.735
0.645
0.782
0.073
0.648
0.2
0.252
0.687
0
0.196
0.99
0.816
0.932
0.742
0.36
0.113
0.118
0.8
0.833
0.571
0.623
0.749
0.994
0.17
0.342
0.589
0.388
0.304
0.679
0.586
0.182
0.405
0.751
0.465
0.856
0.82
0.515
0.761
0.433
0.219
0.232
0.871
0.365
0.239
0.875
0.09
0.001
0.69
0.503
0.191
0.723
0.771
0.191
0.301
0.346
0.119
0.01
0.917
0.753
0.566
0.017
0.61
0.871
0.97
0.254
0.468
0.067
0.518
0.91
0.262
0.795
0.981
0.841
0.31
0.011
0.961
0.013
0.387
0.155
0.638
0.641
0.117
0.044
0.533
0.541
0.887
0.496
0.987
0.884
0.337
0.466
0.708
0.896
0.482
0.412
0.523
0.534
0.457
0.673
0.316
0.734
0.942
0.269
0.371
0.644
0.077
0.516
0.516
0.744
0.7
0.532
0.487
0.267
0.646
0.939
0.924
0.751
0.293
0.57
0.937
0.84
0.33
0.99
0.464
0.008
0.74
0.13
0.544
0.731
0.418
0.71
0.193
0.346
0.473
0.059
0.908
0.696
0.763
0.386
0.326
0.938
0.498
0.369
0.926
0.76
0.019
0.256
0.821
0.863
0.766
0.399
0.253
0.311
0.351
0.459
0.302
0.702
0.496
0.957
0.721
0.869
0.574
0.557
0.104
0.087
0.097
0.636
0.508
0.661
0.923
0.313
0.251
0.031
0.139
0.432
0.724
0.595
0.036
0.438
0.61
0.888
0.249
0.275
0.35
0.509
0.022
0.241
0.714
0.663
0.328
0.356
0.164
0.81
0.546
0.203
0.3
0.624
0.064
0.742
0.554
0.488
0.635
0.447
0.685
0.061
0.911
0.677
0.233
0.068
0.557
0.114
0.265
0.523
0.051
0.399
0.699
0.162
0.059
0.972
0.469
0.837
0.67
0.364
0.658
0.231
0.354
0.937
0.857
0.749
0.208
0.96
0.705
0.146
0.234
0.185
0.763
0.177
0.724
0.389
0.45
0.165
0.356
0.719
0.039
0.92
0.636
0.224
0.88
0.37
0.015
0.152
0.307
0.459
0.056
0.118
0.045
0.891
0.257
0.351
0.207
0.993
0.757
0.785
0.701
0.586
0.044
0.052
0.539
0.729
0.589
0.206
0.08
0.886
0.15
0.466
0.195
0.898
0.54
0.876
0.213
0.858
0.421
0.685
0.466
0.221
0.429
0.247
0.796
0.211
0.554
0.376
0.411
0.889
0.483
0.269
0.119
0.457
0.192
0.898
0.292
0.098
0.842
0.15
0.828
0.074
0.927
0.42
0.796
0.507
0.122
0.148
0.535
0.673
0.712
0.902
0.32
0.344
0.023
0.161
0.001
0.835
0.598
0.496
0.809
0.763
0.915
0.564
0.86
0.649
0.746
0.68
0.366
0.023
0.035
0.926
0.461
0.281
0.772
0.631
0.869
0.989
0.815
0.761
0.315
0.243
0.313
0.392
0.246
0.525
0.396
0.678
0.966
0.094
0.071
0.837
0.451
0.788
0.278
0.826
0.21
0.41
0.683
0.943
0.233
0.934
0.656
0.499
0.886
0.104
0.131
0.545
0.918
0.238
0.351
0.309
0.395
0.817
0.928
0.358
0.636
0.864
0.078
0.268
0.954
0.744
0.623
0.391
0.163
0.78
0.061
0.966
0.072
0.122
0.668
0.137
0.43
0.762
0.958
0.308
0.533
0.717
0.475
0.885
0.13
0.274
0.431
0.964
0.785
0.787
0.383
0.725
0.692
0.41
0.458
0.423
0.88
0.38
0.16
0.734
0.71
0.016
0.71
0.114
0.792
0.276
0.752
0.641
0.283
0.325
0.761
0.36
0.562
0.078
0.741
0.425
0.685
0.359
0.128
0.03
0.886
0.345
0.3
0.114
0.471
0.612
0.873
0.09
0.23
0.058
0.407
0.588
0.295
0.912
0.169
0.655
0.359
0.269
0.414
0.779
0.067
0.488
0.693
0.205
0.089
0.47
0.092
0.98
0.42
0.81
0.283
0.407
0.571
0.468
0.448
0.927
0.805
0.306
0.994
0.895
0.95
0.982
0.277
0.418
0.432
0.604
0.785
0.662
0.819
0.846
0.039
0.444
0.412
0.529
0.004
0.606
0.627
0.3
0.02
0.059
0.368
0.709
0.24
0.087
0.395
0.349
0.419
0.899
0.971
0.732
0.264
0.486
0.287
0.998
0.299
0.436
0.682
0
0.973
0.943
0.062
0.204
0.605
0.468
0.036
0.634
0.526
0.675
0.416
0.584
0.493
0.744
0.562
0.624
0.97
0.222
0.045
0.17
0.856
0.704
0.078
0.238
0.19
0.994
0.515
0.589
0.104
0.478
0.529
0.871
0.295
0.954
0.007
0.702
0.768
0.72
0.029
0.145
0.816
0.89
0.975
0.902
0.907
0.398
0.854
0.134
0.611
0.272
0.715
0.509
0.34
0.247
0.127
0.414
0.059
0.022
0.962
0.559
0.167
0.211
0.378
0.902
0.221
0.911
0.468
0.498
0.853
0.13
0.297
0.663
0.838
0.668
0.12
0.237
0.598
0.574
0.099
0.209
0.83
0.032
0.039
0.654
0.853
0.391
0.899
0.51
0.464
0.887
0.783
0.854
0.421
0.419
0.299
0.84
0.872
0.112
0.55
0.579
0.92
0.773
0.174
0.217
0.437
0.263
0.388
0.236
0.11
0.284
0.22
0.816
0.05
0.953
0.721
0.794
0.98
0.379
0.896
0.501
0.683
0.81
0.587
0.533
0.284
0.048
0.76
0.051
0.035
0.381
0.795
0.124
0.334
0.886
0.808
0.868
0.173
0.441
0.499
0.482
0.325
0.934
0.182
0.145
0.613
0.658
0.149
0.54
0.73
0.114
0.888
0.455
0.958
0.014
