0.021
0.365
0.95
0.388
0.405
0.507
0.049
0.382
0.914
0.827
0.869
0.285
0.387
0.939
0.121
0.015
0.866
0.367
0.228
0.306
0.479
0.398
0.891
0.564
0.069
0.994
0.298
0.372
0.464
0.852
0.629
0.382
0.362
0.553
0.488
0.781
0.209
0.229
0.835
0.47
0.62
0.127
0.707
0.445
0.353
0.367
0.178
0.934
0.26
0.296
0.221
0.861
0.965
0.336
0.999
0.971
0.201
0.894
0.672
0.039
0.447
0.086
0.757
0.343
0.569
0.83
0.555
0.036
0.241
0.498
0.444
0.715
0.944
0.131
0.742
0.258
0.658
0.829
0.02
0.173
0.564
0.307
0.479
0.696
0.408
0.212
0.592
0.271
0.407
0.46
0.972
0.223
0.772
0.774
0.489
0.185
0.107
0.243
0.007
0.824
0.152
0.688
0.07
0.639
0.895
0.715
0.8
0.414
0.103
0.531
0.761
0.049
0.77
0.178
0.125
0.057
0.309
0.752
0.332
0.844
0.074
0.449
0.603
0.183
0.759
0.866
0.168
0.387
0.051
0.622
0.824
0.747
0.042
0.898
0.796
0.982
0.433
0.741
0.893
0.397
0.097
0.826
0.877
0.482
0.813
0.91
0.004
0.169
0.528
0.049
0.178
0.249
0.011
0.523
0.746
0.645
0.281
0.678
0.666
0.569
0.444
0.866
0.242
0.3
0.881
0.12
0.044
0.719
0.21
0.715
0.28
0.311
0.763
0.914
0.11
0.888
0.781
0.919
0.375
0.733
0.436
0.98
0.412
0.086
0.882
0.616
0
0.434
0.319
0.904
0
0.784
0.383
0.077
0.924
0.973
0.521
0.517
0.798
0.281
0.996
0.524
0.156
0.229
0.258
0.739
0.178
0.363
0.649
0.387
0.79
0.386
0.134
0.087
0.02
0.682
0.379
0.004
0.112
0.796
0.933
0.276
0.243
0.869
0.707
0.823
0.816
0.748
0.936
0.049
0.102
0.518
0.906
0.147
0.907
0.641
0.347
0.192
0.291
0.352
0.842
0.999
0.872
0.402
0.348
0.373
0.541
0.182
0.286
0.173
0.051
0.297
0.04
0.666
0.424
0.237
0.855
0.991
0.271
0.441
0.548
0.347
0.018
0.269
0.414
0.502
0.693
0.958
0.815
0.947
0.95
0.799
0.837
0.121
0.514
0.547
0.421
0.362
0.854
0.601
0.707
0.629
0
0.272
0.719
0.533
0.528
0.509
0.945
0.086
0.787
0.189
0.518
0.361
0.31
0.821
0.01
0.684
0.112
0.03
0.177
0.178
0.017
0.34
0.488
0.214
0.519
0.363
0.851
0.815
0.353
0.746
0.259
0.304
0.154
0.011
0.303
0.329
0.02
0.631
0.595
0.547
0.089
0.558
0.791
0.361
0.686
0.164
0.564
0.989
0.49
0.75
0.903
0.901
0.803
0.769
0.005
0.853
0.68
0.601
0.573
0.407
0.308
0.642
0.571
0
0.314
0.861
0.154
0.613
0.099
0.349
0.873
0.923
0.916
0.857
0.046
0.803
0.305
0.864
0.324
0.856
0.082
0.862
0.547
0.929
0.618
0.431
0.932
0.962
0.14
0.853
0.928
0.446
0.776
0.921
0.277
0.54
0.575
0.209
0.687
0.824
0.211
0.797
0.045
0.285
0.027
0.74
0.844
0.539
0.139
0.186
0.622
0.151
0.408
0.447
0.589
0.449
0.101
0.54
0.333
0.454
0.728
0.813
0.532
0.245
0.985
0.032
0.921
0.255
0.09
0.543
0.439
0.44
0.414
0.443
0.052
0.773
0.647
0.73
0.076
0.649
0.776
0.762
0.479
0.875
0.251
0.762
0.851
0.465
0.219
0.623
0.152
0.771
0.151
0.64
0.905
0.571
0.448
0.323
0.673
0.852
0.588
0.078
0.223
0.269
0.929
0.619
0.288
0.517
0.947
0.673
0.296
0.946
0.599
0.466
0.215
0.104
0.739
0.519
0.085
0.83
0.944
0.115
0.996
0.952
0.262
0.78
0.302
0.134
0.784
0.158
0.224
0.998
0.036
0.429
0.102
0.299
0.487
0.684
0.388
0.943
0.431
0.623
0.303
0.488
0.917
0.798
0.06
0.3
0.783
0.435
0.635
0.532
0.194
0.007
0.533
0.594
0.133
0.521
0.752
0.312
0.899
0.937
0.432
0.968
0.673
0.746
0.309
0.632
0.747
0.4
0.231
0.48
0.279
0.32
0.995
0.438
0.585
0.842
0.788
0.217
0.116
0.121
0.888
0.835
0.448
0.37
0.885
0.24
0.088
0.74
0.206
0.633
0.905
0.061
0.739
0.771
0.768
0.83
0.842
0.733
0.764
0.292
0.524
0.487
0.624
0.438
0.525
0.935
0.065
0.065
0.67
0.566
0.184
0.838
0.594
0.256
0.687
0.329
0.581
0.095
0.305
0.31
0.19
0.322
0.436
0.997
0.671
0.899
0.49
0.43
0.619
0.594
0.377
0.15
0.754
0.212
0.557
0.18
0.33
0.38
0.332
0.31
0.865
0.15
0.19
0.667
0.236
0.37
0.044
0.449
0.084
0.312
0.986
0.374
0.804
0.265
0.138
0.138
0.58
0.871
0.861
0.557
0.422
0.392
0.507
0.79
0.661
0.242
0.441
0.599
0.444
0.897
0.083
0.51
0.418
0.509
0.369
0.444
0.919
0.713
0.03
0.966
0.67
0.807
0.038
0.464
0.877
0.199
0.283
0.77
0.718
0.632
0.154
0.022
0.767
0.971
0.604
0.445
0.39
0.557
0.755
0.8
0.971
0.738
0.034
0.624
0.379
0.433
0.451
0.371
0.895
0.097
0.608
0.831
0.197
0.247
0.436
0.169
0.339
0.384
0.022
0.598
0.536
0.896
0.948
0.369
0.539
0.918
0.366
0.026
0.383
0.037
0.429
0.041
0.542
0.768
0.309
0.193
0.628
0.978
0.049
0.271
0.907
0.385
0.291
0.053
0.576
0.464
0.308
0.944
0.209
0.282
0.618
0.896
0.674
0.189
0.738
0.708
0.431
0.328
0.362
0.75
0.842
0.481
0.275
0.29
0.135
0.468
0.239
0.039
0.604
0.696
0.557
0.544
0.725
0.648
0.87
0.689
0.995
0.775
0.358
0.999
0.187
0.086
0.185
0.802
0.095
0.586
0.709
0.582
0.147
0.812
0.449
0.286
0.062
0.661
0.262
0.53
0.02
0.533
0.848
0.828
0.035
0.803
0.932
0.109
0.646
0.263
0.84
0.396
0.188
0.427
0.435
0.428
0.593
0.632
0.572
0.013
0.294
0.618
0.799
0.893
0.162
0.765
0.897
0.579
0.794
0.082
0.153
0.865
0.337
0.229
0.378
0.906
0.69
0.793
0.972
0.67
0.961
0.291
0.527
0.163
0.253
0.879
0.651
0.083
0.949
0.858
0.409
0.413
0.236
0.401
0.52
0.625
0.803
0.043
0.517
0.013
0.353
0.35
0.115
0.505
0.518
0.377
0.526
0.215
0.024
0.219
0.454
0.084
0.951
0.795
0.425
0.662
0.057
0.806
0.304
0.018
0.949
0.227
0.604
0.956
0.708
0.924
0.703
0.628
0.735
0.157
0.372
0.959
0.352
0.839
0.239
0.53
0.287
0.238
0.993
0.488
0.427
0.375
0.243
0.166
0.065
0.26
0.474
0.408
0.556
0.723
0.698
0.483
0.002
0.195
0.497
0.762
0.634
0.243
0.411
0.754
0.958
0.397
0.287
0.709
0.8
0.653
0.051
0.167
0.403
0.139
0.044
0.916
0.845
0.703
0.73
0.341
0.363
0.448
0.245
0.093
0.743
0.06
0.884
0.316
0.249
0.43
0.041
0.346
0.494
0.116
0.749
0.679
0.83
0.361
0.291
0.658
0.248
0.401
0.894
0.104
0.955
0.734
0.708
0.336
0.633
0.752
0.93
0.559
0.944
0.048
0
0.149
0.067
0.075
0.612
0.757
0.395
0.598
0.393
0.102
0.449
0.298
0.127
0.92
0.943
0.413
0.388
0.474
0.761
0.31
0.62
0.5
0.61
0.141
0.238
0.476
0.511
0.821
0.106
0.03
0.754
0.716
0.021
0.444
0.85
0.285
0.747
0.082
0.533
0.838
0.174
0.201
0.613
0.072
0.644
0.273
0.299
0.448
0.115
0.436
0.793
0.745
0.343
0.859
0.727
0.357
0.206
0.362
0.768
0.299
0.723
0.562
0.578
0.654
0.019
0.239
0.164
0.43
0.092
0.783
0.302
0.624
0.752
0.923
0.878
0.467
0.757
0.097
0.721
0.505
0.762
0.502
0.108
0.776
0.49
0.419
0.965
0.949
0.305
0.725
