0.803
0.92
0.443
0.61
0.493
0.172
0.313
0.566
0.092
0.705
0.547
0.624
0.221
0.31
0.109
0.89
0.024
0.251
0.48
0.89
0.846
0.473
0.5
0.884
0.006
0.102
0.949
0.389
0.521
0.831
0.178
0.685
0.63
0.126
0.16
0.661
0.904
0.367
0.239
0.539
0.524
0.227
0.548
0.6
0.574
0.944
0.931
0.912
0.14
0.631
0.457
0.505
0.603
0.149
0.086
0.44
0.2
0.277
0.492
0.372
0.075
0.852
0.722
0.117
0.846
0.145
0.203
0.828
0.199
0.382
0.527
0.257
0.362
0.732
0.547
0.998
0.975
0.192
0.811
0.288
0.093
0.267
0.284
0.025
0.49
0.804
0.91
0.992
0.037
0.318
0.495
0.41
0.252
0.463
0.294
0.267
0.162
0.729
0.363
0.742
0.983
0.952
0.013
0.341
0.728
0.965
0.17
0.539
0.301
0.028
0.608
0.698
0
0.436
0.618
0.221
0.921
0.193
0.594
0.087
0.168
0.838
0.76
0.641
0.431
0.826
0.783
0.327
0.794
0.105
0.572
0.973
0.26
0.779
0.179
0.982
0.565
0.974
0.022
0.281
0.514
0.919
0.019
0.129
0.428
0.747
0.043
0.095
0.291
0.055
0.636
0.837
0.604
0.387
0.824
0.798
0.024
0.378
0.65
0.758
0.479
0.676
0.848
0.697
0.545
0.485
0.363
0
0.175
0.126
0.805
0.718
0.931
0.266
0.21
0.611
0.607
0.132
0.831
0.823
0.393
0.928
0.457
0.087
0.702
0.201
0.882
0.475
0.07
0.165
0.685
0.813
0.733
0.003
0.24
0.757
0.808
0.12
0.648
0.246
0.617
0.034
0.095
0.621
0.586
0.969
0.982
0.982
0.731
0.325
0.896
0.001
0.698
0.873
0.71
0.97
0.766
0.051
0.758
0.541
0.025
0.045
0.314
0.396
0.662
0.847
0.822
0.84
0.672
0.928
0.489
0.439
0.048
0.366
0.067
0.409
0.512
0.474
0.767
0.624
0.874
0.484
0.22
0.125
0.573
0.526
0.39
0.404
0.068
0.933
0.901
0.233
0.939
0.706
0.031
0.076
0.779
0.431
0.922
0.915
0.958
0.373
0.099
0.799
0.675
0.022
0.111
0.285
0.95
0.426
0.223
0.529
0.302
0.265
0.595
0.038
0.818
0.8
0.772
0.914
0.289
0.643
0.321
0.998
0.478
0.585
0.722
0.344
0.764
0.576
0.626
0.813
0.491
0.819
0.7
0.329
0.574
0.239
0.895
0.874
0.07
0.774
0.918
0.641
0.884
0.396
0.264
0.617
0.847
0.525
0.821
0.647
0.613
0.47
0.338
0.001
0.535
0.462
0.173
0.175
0.407
0.747
0.5
0.486
0.787
0.217
0.963
0.362
0.721
0.251
0.818
0.75
0.22
0.268
0.771
0.731
0.615
0.715
0.835
0.307
0.595
0.639
0.097
0.161
0.379
0.018
0.673
0.282
0.357
0.961
0.73
0.522
0.799
0.084
0.608
0.505
0.911
0.039
0.93
0.964
0.196
0.698
0.802
0.553
0.333
0.024
0.885
0.794
0.323
0.481
0.824
0.334
0.335
0.284
0.041
0.29
0.819
0.332
0.763
0.823
0.094
0.565
0.265
0.897
0.354
0
0.541
0.298
0.505
0.778
0.27
0.843
0.06
0.46
0.213
0.74
0.91
0.239
0.594
0.667
0.357
0.911
0.424
0.811
0.505
0.101
0.732
0.628
0.515
0.808
0.553
0.211
0.069
0.35
0.467
0.681
0.851
0.851
0.407
0.891
0
0.751
0.011
0.177
0.499
0.017
0.434
0.18
0.874
0.929
0.839
0.596
0.204
0.145
0.793
0.452
0.272
0.635
0.68
0.69
0.643
0.659
0.876
0.27
0.726
0.011
0.097
0.118
0.252
0.362
0.538
0.298
0.857
0.529
0.698
0.577
0.637
0.662
0.963
0.661
0.179
0.569
0.297
0.799
0.272
0.924
0.977
0.787
0.713
0.485
0.355
0.889
0.69
0.748
0.414
0.33
0.046
0.575
0.039
0.821
0.436
0.118
0.924
0.912
0.083
0.846
0.202
0.929
0.457
0.56
0.732
0.522
0.851
0.598
0.028
0.31
0.171
0.909
0.004
0.084
0.954
0.942
0.333
0.916
0.374
0.792
0.581
0.145
0.146
0.513
0.539
0.526
0.067
0.902
0.798
0.288
0.618
0.299
0.426
0.095
0.474
0.922
0.451
0.746
0.604
0.676
0.804
0.61
0.69
0.41
0.239
0.376
0.082
0.266
0.027
0.862
0.467
0.964
0.563
0.078
0.62
0.425
0.385
0.814
0.872
0.301
0.588
0.146
0.326
0.003
0.585
0.453
0.866
0.668
0.423
0.401
0.417
0.975
0.354
0.256
0
0.662
0
0.015
0.721
0.254
0.288
0.054
0.896
0.824
0.439
0.623
0.941
0.49
0.882
0.302
0.406
0.21
0.668
0.423
0.162
0.454
0.675
0.045
0.428
0.227
0.78
0.115
0.815
0.35
0.707
0.533
0.73
0.78
0.767
0.875
0.598
0.138
0.548
0.958
0.636
0.427
0.05
0.626
0.231
0.427
0.63
0.293
0.653
0.569
0.965
0.818
0.545
0.027
0.538
0.788
0.141
0.486
0.233
0.058
0.908
0.672
0.122
0.242
0.818
0.038
0.156
0.099
0.47
0.953
0.956
0.13
0.606
0.242
0.168
0.629
0.742
0.224
0.929
0.944
0.319
0.124
0.856
0.906
0.799
0.122
0.263
0.322
0.74
0
0.009
0.856
0.127
0.765
0.261
0.155
0.588
0.723
0.85
0.836
0.757
0.559
0.525
0.475
0.669
0.094
0.76
0.887
0.515
0.142
0.035
0.02
0.653
0.751
0.185
0.851
0.836
0.772
0.733
0.838
0.49
0.917
0.033
0.15
0.594
0.617
0.992
0.144
0.806
0.459
0.16
0.515
0.212
0.501
0.792
0.331
0.415
0.686
0.595
0.653
0.778
0.189
0.225
0.043
0.338
0.046
0.359
0.433
0.807
0.127
0.966
0.004
0.442
0.126
0.36
0
0.707
0.319
0.325
0.211
0.013
0.537
0.017
0.973
0.657
0.042
0.924
0.064
0.525
0.787
0.654
0.79
0.186
0.836
0.209
0.72
0.963
0.361
0.045
0.663
0.581
0.839
0.917
0.742
0.469
0.364
0.286
0.562
0.888
0.812
0.94
0.711
0.95
0.936
0.464
0.0
0.617
0.205
0.979
0.993
0.054
0.583
0.081
0.203
0.291
0.468
0.712
0.748
0.531
0.085
0.156
0.019
0.39
0.164
0.639
0.036
0.684
0.736
0.544
0.124
0.844
0.546
0.181
0.264
0.937
0.084
0.399
0.74
0.849
0.007
0.635
0.977
0.735
0.777
0.807
0.712
0.135
0.775
0.346
0.781
0.622
0.628
0.902
0.517
0.913
0.832
0.215
0.14
0.688
0.346
0.614
0.344
0.517
0.977
0.8
0.683
0.234
0.377
0.173
0.61
0.491
0.965
0
0.713
0.112
0.615
0.38
0.289
0.238
0.953
0.685
0.412
0.96
0.018
0.513
0.07
0.148
0.43
0.64
0.93
0.193
0.737
0.484
0.313
0.287
0.276
0.817
0.021
0.432
0.236
0.662
0.641
0.977
0.336
0.802
0.986
0.176
0.789
0.916
0.382
0.044
0.838
0.223
0.541
0.673
0.962
0.311
0.208
0.105
0.237
0.276
0.977
0.801
0.845
0.216
0.711
0.432
0.571
0.316
0.227
0.457
0.182
0.097
0.57
0.793
0.844
0.093
0.539
0.159
0.163
0.543
0.114
0.975
0.184
0.239
0.031
0.959
0.228
0.565
1.0
0.482
0.508
0.632
0.32
0.25
0.297
0.729
0.46
0.177
0.643
0.926
0.814
0.41
0.412
0.237
0.653
0.762
0.35
0.417
0.125
0.883
0.268
0.345
0.188
0.914
0.987
0.69
0.315
0.182
0.573
0.888
0.48
0.853
0.412
0.833
0.537
0.485
0.908
0.522
0.641
0.467
0.282
0.364
0.661
0.866
0.048
0.951
0.951
0.422
0.457
0.83
0.202
0.457
0.042
0.968
0.684
0.017
0.793
0.706
0.427
0.077
0.729
0.085
0.94
0.992
0.018
0.745
0.67
0.975
0.055
0.837
0.086
0.016
0.684
0.762
0.31
0.85
0.101
0.957
0.489
0.284
0.588
0.724
0.251
0.844
0.6
0.476
0.547
0.871
0.409
0.099
0.307
0.806
0.934
0.094
0.939
0.358
0.731
0.946
0.973
