0.826
0.065
0.967
0.712
0.012
0.25
0.47
0.848
0.214
0.313
0.892
0.317
0.751
0.062
0.67
0.082
0.427
0.264
0.034
0.598
0.773
0.459
0.36
0.825
0.972
0.913
0.735
0.16
0.245
0.722
0.682
0.988
0.017
0.11
0.085
0.311
0.399
0.772
0.608
0.864
0.341
0.904
0.393
0.603
0.819
0.03
0.073
0.17
0.468
0.97
0.869
0.75
0.885
0.169
0.807
0.9
0.654
0.414
0.016
0.816
0.293
0.737
0.513
0.87
0.781
0.579
0.148
0.151
0.3
0.651
0.282
0.124
0.282
0.596
0.063
0.737
0.306
0.036
0.875
0.747
0.35
0.063
0.852
0.642
0.486
0.015
0.403
0.02
0.422
0.307
0.943
0.262
0.457
0.7
0.994
0.675
0.264
0.018
0.583
0.837
0.173
0.678
0.112
0.003
0.345
0.457
0.876
0.237
0.318
0.56
0.128
0.177
0.013
0.325
0.943
0.503
0.983
0.815
0.371
0.689
0.032
0.595
0.919
0.964
0.777
0.218
0.889
0.471
0.851
0.922
0.303
0.455
0.974
0.237
0.564
0.963
0.298
0.528
0.233
0.506
0.716
0.531
0.447
0.185
0.328
0.044
0.218
0.591
0.065
0.09
0.066
0.366
0.175
0.938
0.206
0.818
0.795
0.744
0.862
0.055
0.28
0.377
0.293
0.382
0.626
0.482
0.967
0.85
0.016
0.172
0.748
0.79
0.476
0.944
0.013
0.586
0.327
0.252
0.26
0.181
0.631
0.72
0.843
0.437
0.226
1.0
0.974
0.611
0.777
0.032
0.251
0.058
0.614
0.021
0.826
0.312
0.925
0.434
0.309
0.902
0.262
0.445
0.379
0.424
0.245
0.079
0.06
0.682
0.952
0.989
0.233
0.888
0.565
0.125
0.832
0.738
0.157
0.572
0.238
0.368
0.854
0.034
0.834
0.845
0.681
0.094
0.446
0.758
0.673
0.268
0.285
0.032
0.975
0.989
0.675
0.669
0.339
0.702
0.557
0.073
0.695
0.948
0.711
0.698
0.042
0.009
0.707
0.611
0.558
0.034
0.582
0.45
0.68
0.336
0.665
0.097
0.982
0.121
0.317
0.967
0.279
0.76
0.482
0.217
0.962
0.192
0.731
0.312
0.101
0.161
0.296
0.904
0.407
0.017
0.8
0.768
0.972
0.065
0.569
0.098
0.567
0.447
0.175
0.617
0.953
0.674
0.185
0.369
0.275
0.899
0.545
0.118
0.013
0.202
0.302
0.576
0.224
0.96
0.342
0.377
0.537
0.952
0.914
0.171
0.534
0.251
0.856
0.005
0.939
0.725
0.817
0.444
0.943
0.825
0.674
0.883
0.459
0.998
0.672
0.07
0.321
0.466
0.982
0.843
0.912
0.167
0.749
0.089
0.959
0.309
0.159
0.851
0.515
0.922
0.842
0.476
0.253
0.072
0.582
0.401
0.065
0.913
0.965
0.796
0.73
0.026
0.46
0.1
0.702
0.467
0.849
0.729
0.089
0.157
0.089
0.823
0.075
0.996
0.057
0.701
0.803
0.872
0.807
0.697
0.105
0.06
0.597
0.18
0.802
0.48
0.621
0.666
0.066
0.904
0.656
0.834
0.491
0.729
0.284
0.896
0.778
0.762
0.163
0.189
0.801
0.054
0.087
0.379
0.116
0.661
0.545
0.711
0.544
0.672
0.203
0.859
0.711
0.68
0.141
0.523
0.9
0.585
0.772
0.192
0.831
0.37
0.153
0.452
0.888
0.72
0.272
0.624
0.195
0.609
0.985
0.879
0.108
0.01
0.583
0.586
0.626
0.294
0.005
0.974
0.231
0.717
0.091
0.499
0.647
0.983
0.207
0.238
0.142
0.456
0.542
0.218
0.852
0.909
0.096
0.363
0.346
0.408
0.124
0.567
0.328
0.242
0.01
0.483
0.5
0.916
0.973
0.037
0.447
0.499
0.961
0.013
0.5
0.203
0.291
0.697
0.432
0.157
0.768
0.181
0.521
0.629
0.381
0.461
0.718
0.142
0.757
0.471
0.597
0.522
0.751
0.408
0.863
0.236
0.204
0.155
0.397
0.338
0.699
0.098
0.605
0.892
0.449
0.865
0.809
0.244
0.757
0.256
0.103
0.01
0.381
0.324
0.117
0.316
0.618
0.945
0.918
0.056
0.516
0.51
0.257
0.221
0.555
0.607
0.236
0.491
0.988
0.121
0.115
0.964
0.663
0.504
0.535
0.881
0.765
0.962
0.13
0.679
0.52
0.723
0.479
0.38
0.958
0.498
0.276
0.498
0.353
0.522
0.208
0.898
0.568
0.27
0.159
0.207
0.754
0.714
0.485
0.863
0.584
0.094
0.258
0.108
0.92
0.659
0.345
0.127
0.938
0.482
0.733
0.287
0.385
0.534
0.976
0.949
0.683
0.417
0.047
0.79
0.124
0.957
0.046
0.801
0.772
0.746
0.161
0.759
0.153
0.035
0.534
0.529
0.892
0
0.317
0.65
0.816
0.433
0.839
0.54
0.28
0.581
0.277
0.596
0.959
0.688
0.719
0.499
0.394
0.747
0.364
0.581
0.172
0.66
0.744
0.333
0.592
0.325
0.765
0.148
0.693
0.361
0.404
0.609
0.109
0.217
0.816
0.29
0.286
0
0.772
0.301
0.88
0.306
0.599
0.074
0.45
0.707
0.533
0.193
0.603
0.915
0.154
0.409
0.977
0.941
0.476
0.309
0.06
0.695
0.515
0.611
0.672
0.383
0.449
0.523
0.438
0.671
0.433
0.767
0.821
0.553
0.292
0.267
0.066
0.163
0.006
0.83
0.908
0.194
0.033
0.803
0.485
0.715
0.558
0.977
0.22
0.085
0.024
0.584
0.475
0.13
0.712
0.262
0.499
0.885
0.177
0.477
0.338
0.4
0.924
0.291
0.76
0.309
0.857
0.581
0.985
0.327
0.306
0.892
0.254
0.422
0.759
0.289
0.434
0.545
0.839
0.184
0.539
0.323
0.66
0.44
0.752
0.8
0.539
0.829
0.472
0.616
0.283
0.908
0.746
0.0
0.688
0.144
0.207
0.771
0.706
0.536
0.148
0.466
0.958
0.514
0.762
0.276
0.499
0.203
0.046
0.328
0.273
0.815
0.889
0.858
0.817
0.808
0.263
0.532
0.516
0.3
0.056
0.484
0.503
0.459
0.171
0.982
0.626
0.324
0.783
0.842
0.129
0.744
0.245
0.231
0.511
0.448
0.629
0.746
0.775
0.103
0.069
0.254
0.474
0.143
0.797
0.642
0.183
0.836
0.322
0.147
0.27
0.659
0.213
0.457
0.038
0.516
0.641
0.943
0.308
0.307
0.46
0.789
0.88
0.34
0.33
0.652
0.6
0.414
0.63
0.508
0.749
0.214
0.239
0.519
0.587
0.417
0.167
0.337
0.658
0.945
0.48
0.131
0.018
0.482
0.947
0.059
0.293
0.648
0.344
0.688
0.168
0.262
0.711
0.677
0.396
0.081
0.78
0.72
0.363
0.428
0.521
0.713
0.818
0.139
0.729
0.866
0.102
0.265
0.246
0.51
0.045
0.72
0.477
0.541
0.683
0.562
0.202
0.417
0.22
0.275
0.461
0.155
0.573
0.074
0.698
0.164
0.461
0.756
0.279
0.687
0.461
0.476
0.612
0.039
0.621
0.83
0.351
0.92
0.656
0.521
0.781
0.548
0.097
0.867
0.904
0.77
0.8
0.113
0.181
0.6
0.338
0.54
0.398
0.459
0.096
0.238
0.974
0.218
0.891
0.113
0.64
0.762
0.502
0.64
0.614
0.815
0.058
0.809
0.534
0.218
0.561
0.403
0.893
0.022
0.68
0.353
0.193
0.563
0.521
0.012
0.187
0.937
0.92
0.058
0.011
0.942
0.994
0.849
0.271
0.109
0.457
0.912
0.613
0.921
0.897
0.488
0.492
0.175
0.204
0.663
0.947
0.219
0.97
0.837
0.416
0.746
0.19
0.473
0.191
0.384
0.452
0.637
0.599
0.713
0.99
0.549
0.69
0.912
0.817
0.983
0.35
0.598
0.02
0.947
0.744
0.067
0.371
0.246
0.588
0.491
0.416
0.15
0.782
0.647
0.797
0.175
0.326
0.251
0.558
0.594
0.167
0.57
0.804
0.107
0.81
0.037
0.015
0.658
0.921
0.969
0.137
0.679
0.845
0.16
0.028
0.11
0.889
0.351
0.66
0.754
0.197
0.791
0.302
0.173
0.166
0.355
0.663
0.684
0.957
0.969
0.378
0.13
0.771
0.864
0.342
0.967
0.047
0.573
0.386
0.357
0.7
0.715
0.294
0.004
0.593
0.169
0.774
0.748
0.771
0.711
