0.389
0.085
0.141
0.536
0.008
0.68
0.539
0.957
0.188
0.022
0.346
0.23
0.455
0.308
0.094
0.833
0.507
0.596
0.745
0.872
0.667
0.913
0.323
0.148
0.034
0.749
0.383
0.169
0.547
0.983
0.922
0.495
0.036
0.175
0.837
0.202
0.8
0.692
0.761
0.332
0.429
0.921
0.498
0.111
0.544
0.145
0.621
0.436
0.028
0.584
0.279
0.914
0.724
0.854
0.807
0.776
0.855
0.034
0.993
0.664
0.381
0.801
0.132
0.529
0.046
0.576
0.373
0.51
0.103
0.986
0.433
0.338
0.384
0.77
0.469
0.787
0.069
0.46
0.055
0.249
0.631
0.749
0.157
0.375
0.708
0.202
0.561
0.907
0.077
0.441
0.766
0.85
0.035
0.446
0.521
0.282
0.092
0.191
0.881
0.831
0.172
0.582
0.993
0.653
0.933
0.732
0.999
0.677
0.111
0.336
0.479
0.002
0.691
0.965
0.906
0.147
0.564
0.742
0.854
0.366
0.598
0.762
0.599
0.76
0.909
0.828
0.361
0.497
0.108
0.621
0.14
0.34
0.762
0.759
0.195
0.082
0.308
0.835
0.112
0.123
0.232
0.957
0.503
0.024
0.829
0.03
0.525
0.071
0.474
0.134
0.012
0.832
0.927
0.752
0.399
0.159
0.658
0.808
0.175
0.83
0.836
0.047
0.048
0.219
0.628
0.423
0.223
0.382
0.769
0.889
0.112
0.362
0.621
0.886
0.596
0.184
0.933
0.295
0.802
0.487
0.899
0.183
0.583
0.43
0.908
0.846
0.287
0.161
0.152
0.816
0.864
0.302
0.65
0.693
0.938
0.164
0.148
0.856
0.88
0.61
0.116
0.963
0.766
0.321
0.263
0.127
0.085
0.044
0.448
0.189
0.174
0.525
0.145
0.286
0.05
0.484
0.746
0.701
0.349
0.535
0.244
0.829
0.813
0.946
0.301
0.352
0.073
0.463
0.478
0.546
0.158
0.178
0.433
0.613
0.892
0.678
0.829
0.789
0.052
0.027
0.858
0.413
0.775
0.882
0.197
0.427
0.357
0.852
0.275
0.204
0.5
0.786
0.018
0.702
0.799
0.742
0.129
0.258
0.281
0.336
0.028
0.302
0.276
0.582
0.554
0.863
0.066
0.821
0.254
0.268
0.431
0.224
0.962
0.263
0.96
0.018
0.627
0.934
0.797
0.773
0.741
0.525
0.241
0.98
0.197
0.815
0.03
0.191
0.112
0.912
0.073
0.066
0.146
0.597
0.63
0.914
0.387
0.142
0.671
0.022
0.227
0.907
0.458
0.8
0.896
0.246
0.662
0.414
0.514
0.973
0.213
0.35
0.202
0.69
0.293
0.215
0.159
0.796
0.783
0.324
0.29
0.015
0.811
0.714
0.701
0.826
0.8
0.699
0.868
0.526
0.982
0.124
0.682
0.591
0.788
0.236
0.545
0.533
0.74
0.097
0.147
0.484
0.081
0.228
0.169
0.801
0.579
0.154
0.758
0.734
0.228
0.512
0.97
0.488
0.485
0.756
0.33
0.797
0.824
0.991
0.671
0.817
0.226
0.718
0.002
0.205
0.946
0.481
0.274
0.273
0.462
0.193
0.658
0.539
0.493
0.851
0.496
0.004
0.865
0.677
0.236
0.122
0.308
0.015
0.853
0.825
0.513
0.593
0.017
0.749
0.337
0.749
0.966
0.202
0.375
0.142
0.097
0.333
0.426
0.569
0.525
0.972
0.659
0.39
0.667
0.165
0.211
0.783
0.632
0.92
0.034
0.775
0.352
0.926
0.85
0.832
0.997
0.188
0.699
0.772
0.182
0.831
0.328
0.205
0.18
0.054
0.156
0.926
0.369
0.661
0.574
0.759
0.983
0.987
0.739
0.795
0.713
0.389
0.544
0.393
0.097
0.992
0.505
0.385
0.029
0.858
0.979
0.235
0.948
0.478
0.614
0.581
0.735
0.021
0.972
0.334
0.469
0.859
0.638
0.0
0.074
0.05
0.358
0.274
0.269
0.205
0.831
0.117
0.738
0.02
0.895
0.495
0.506
0.521
0.398
0.698
0.573
0.146
0.737
0.097
0.213
0.682
0.5
0.701
0.9
0.555
0.945
0.655
0.828
0.434
0.479
0.754
0.738
0.865
0.095
0.683
0.81
0.131
0.764
0.593
0.648
0.341
0.387
0.224
0.56
0.472
0.434
0.743
0.24
0.144
0.393
0.977
0.032
0.321
0.174
0.917
0.502
0.717
0.516
0.177
0.766
0.766
0.426
0.491
0.372
0.013
0.464
0.258
0.266
0.461
0.83
0.964
0.147
0.332
0.404
0.975
0.718
0.94
0.944
0.229
0.335
0.933
0.728
0.224
0.5
0.445
0.759
0.931
0.548
0.228
0.901
0.178
0.175
0.617
0.203
0.355
0.364
0.246
0.798
0.049
0.654
0.966
0.466
0.167
0.144
0.249
0.563
0.788
0.041
0.898
0.053
0.782
0.739
0.213
0.701
0.884
0.42
0.176
0.934
0.28
0.633
0.404
0.192
0.234
0.506
0.562
0.809
0.71
0.458
0.778
0.551
0.786
0.463
0.342
0.984
0.751
0.545
0.847
0.146
0.595
0.184
0.731
0.744
0.906
0.129
0.559
0.787
0.21
0.288
0.536
0.603
0.513
0.144
0.978
0.142
0.046
0.941
0.948
0.682
0.797
0.099
0.107
0.687
0.227
0.526
0.721
0.464
0.058
0.795
0.935
0.593
0.128
0.938
0.284
0.395
0.326
0.028
0.628
0.076
0.223
0.054
0.532
0.747
0.41
0.575
0.252
0.377
0.238
0.238
0.493
0.114
0.479
0.681
0.468
1.0
0.259
0.369
0.521
0.347
0.379
0.37
0.77
0.954
0.332
0.877
0.302
0.57
0.584
0.943
0.994
0.972
0.111
0.827
0.979
0.216
0.826
0.589
0.941
0.742
0.077
0.634
0.564
0.797
0.01
0.53
0.11
0.231
0.849
0.794
0.135
0.937
0.744
0.819
0.085
0.249
0.833
0.134
0.949
0.647
0.072
0.776
0.04
0.78
0.67
0.336
0.878
0.803
0.794
0.763
0.919
0.383
0.72
0.617
0.879
0.661
0.13
0.529
0.363
0.856
0.397
0.392
0.863
0.412
0.951
0.611
0.262
0.976
0.586
0.955
0.86
0.893
0.253
0.869
0.501
0.235
0.673
0.031
0.454
0.965
1.0
0.383
0.308
0.671
0.54
0.407
0.254
0.869
0.655
0.636
0.978
0.753
0.11
0.376
0.42
0.274
0.927
0.066
0.477
0.764
0.369
0.608
0.273
0.785
0.997
0.047
0.197
0.702
0.698
0.718
0.368
0.984
0.795
0.203
0.237
0.121
0.367
0.611
0.729
0.005
0.268
0.799
0.51
0.871
0.872
0.881
0.046
0.874
0.103
0.519
0.66
0.274
0.026
0.782
0.849
0.052
0.631
0.459
0.048
0.503
0.39
0.179
0.287
0.971
0.255
0.745
0.305
0.959
0.657
0.093
0.379
0.451
0.105
0.521
0.367
0.5
0.215
0.039
0.914
0.791
0.774
0.399
0.23
0.756
0.746
0.304
0.243
0.117
0.013
0.081
0.585
0.761
0.824
0.692
0.765
0.526
0.877
0.641
0.411
0.409
0.277
0.919
0.283
0.838
0.212
0.221
0.225
0.543
0.941
0.996
0.572
0.734
0.982
0.151
0.555
0.841
0.348
0.476
0.222
0.833
0.332
0.071
0.396
0.726
0.928
0.463
0.816
0.264
0.963
0.449
0.398
0.102
0.521
0.554
0.302
0.596
0.994
0.595
0.997
0.505
0.18
0.917
0.991
0.503
0.364
0.255
0.183
0.927
0.78
0.634
0.196
0.103
0.119
0.744
0.717
0.546
0.681
0.106
0.198
0.933
0.89
0.735
0.9
0.369
0.062
0.418
0.421
0.907
0.233
0.292
0.56
0.187
0.778
0.422
0.549
0.612
0.962
0.996
0.675
0.578
0.138
0.723
0.05
0.511
0.034
0.35
0.503
0.506
0.419
0.954
0.806
0.19
0.789
0.626
0.091
0.15
0.842
0.236
0.532
0.515
0.615
0.133
0.982
0.749
0.991
0.667
0.174
0.574
0.348
0.286
0.165
0.655
0.821
0.436
0.869
0.006
0.572
0.759
0.994
0.589
0.039
0.163
0.849
0.987
0.937
0.389
0.401
0.762
0.903
0.611
0.749
0.573
0.73
0.282
0.206
0.868
0.95
0.214
0.009
0.317
0.353
0.428
0.138
0.949
0.953
0.558
0.89
0.345
0.932
0.022
0.324
0.766
0.321
0.693
0.571
0.249
0.397
0.019
0.558
0.987
0.809
