0.221
0.141
0.174
0.813
0.916
0.291
0.472
0.306
0.206
0.785
0.971
0.302
0.504
0.765
0.943
0.63
0.15
0.354
0.253
0.32
0.334
0.51
0.914
0.513
0.318
0.416
0.355
0.354
0.62
0.645
0.137
0.95
0.99
0.735
0.781
0.945
0.381
0.463
0.05
0.535
0.729
0.754
0.428
0.738
0.638
0.309
0.861
0.335
0.517
0.886
0.457
0.573
0.735
0.25
0.845
0.532
0.476
0.897
0.417
0.232
0.318
0.87
0.849
0.546
0.199
0.396
0.516
0.976
0.629
0.222
0.527
0.487
0.754
0.228
0.529
0.19
0.387
0.878
0.057
0.435
0.77
0.693
0.075
0.234
0.912
0.247
0.408
0.312
0.171
0.467
0.131
0.168
0.337
0.755
0.594
0.759
0.052
0.651
0.864
0.128
0.688
0.08
0.231
0.827
0.161
0.599
0.924
0.081
0.085
0.766
0.538
0.665
0.78
0.053
0.415
0.01
0.328
0.341
0.317
0.439
0.193
0.838
0.401
0.492
0.471
0.168
0.442
0.457
0.727
0.669
0.455
0.098
0.946
0.953
0.717
0.068
0.456
0.194
0.296
0.855
0.581
0.986
0.221
0.021
0.544
0.395
0.375
0.907
0.906
0.955
0.679
0.777
0.771
0.723
0.791
0.771
0.848
0.39
0.627
0.509
0.865
0.365
0.662
0.216
0.149
0.184
0.094
0.232
0.616
0.638
0.892
0.403
0.794
0.983
0.209
0.793
0.67
0.059
0.925
0.477
0.226
0.6
0.146
0.138
0.475
0.158
0.948
0.735
0.595
0.808
0.408
0.072
0.086
0.356
0.484
0.444
0.252
0.749
0.606
0.791
0.907
0.63
0.093
0.006
0.866
0.84
0.859
0.663
0.262
0.083
0.496
0.619
0.634
0.065
0.271
0.206
0.718
0.706
0.209
0.455
0.03
0.074
0.654
0.162
0.911
0.418
0.802
0.376
0.664
0.686
0.913
0.069
0.224
0.298
0.288
0.348
0.95
0.135
0.352
0.271
0.072
0.343
0.697
0.525
0.181
0.626
0.05
0.191
0.984
0.662
0.709
0.233
0.985
0.573
0.566
0.93
0.264
0.356
0.387
0.005
0.56
0.83
0.12
0.742
0.507
0.481
0.673
0.574
0.742
0.12
0.234
0.193
0.898
0.468
0.311
0.169
0.585
0.118
0.654
0.765
0.376
0.428
0.93
0.945
0.75
0.616
0.76
0.385
0.719
0.68
0.295
0.683
0.424
0.74
0.944
0.336
0.509
0.941
0.477
0.946
0.263
0.861
0.795
0.631
0.015
0.908
0
0.21
0.442
0.964
0.153
0.339
0.972
0.077
0.399
0.17
0.01
0.438
0.769
0.521
0.489
0.231
0.052
0.061
0.496
0.041
0.96
0.717
0.442
0.739
0.327
0.319
0.265
0.651
0.087
0.037
0.795
0.958
0.096
0.985
0.464
0.175
0.696
0.806
0.99
0.752
0.43
0.748
0.187
0.347
0.943
0.858
0.746
0.383
0.26
0.826
0.611
0.094
0.752
0.277
0.532
0.163
0.71
0.24
0.301
0.411
0.104
0.734
0.519
0.388
0.764
0.865
0.633
0.724
0.851
0.395
0.138
0.217
0.595
0.307
0.806
0.378
0.015
0.125
0.155
0.656
0.98
0.472
0.323
0.088
0.989
0.311
0.699
0.592
0.603
0.448
0.033
0.146
0.499
0.784
0.591
0.555
0.202
0.618
0.437
0.233
0.814
0.365
0.521
0.65
0.415
0.74
0.068
0.664
0.748
0.026
0.754
0.936
0.11
0.037
0.226
0.385
0.914
0.472
0.047
0.218
0.228
0.684
0.636
0.442
0.266
0.108
0.113
0.867
0.801
0.171
0.598
0.224
0.943
0.308
0.923
0.991
0.568
0.675
0.93
0.637
0.039
0.364
0.132
0.074
0.077
0.709
0.569
0.063
0.143
0.033
0.675
0.802
0.962
0.309
0.386
0.921
0.671
0.85
0.877
0.748
0.316
0.831
0.868
0.353
0.546
0.764
0.607
0.315
0.63
0.942
0.362
0.051
0.228
0.802
0.828
0.394
0.624
0.85
0.512
0.375
0.024
0.641
0.401
0.674
0.788
0.909
0.603
0.429
0.403
0.873
0.389
0.615
0.548
0.527
0.951
0.892
0.635
0.6
0.135
0.359
0.871
0.088
0.049
0.011
0.488
0.427
0.023
0.756
0.22
0.954
0.473
0.967
0.274
0.794
0.946
0.61
0.659
0.986
0.532
0.789
0.611
0.107
0.492
0.761
0.821
0.79
0.084
0.248
0.379
0.752
0.682
0.59
0.246
0.574
0.874
0.138
0.146
0.176
0.69
0.492
0.454
0.024
0.738
0.091
0.214
0.412
0.143
0.769
0.314
0.729
0.613
0.621
0.49
0.017
0.573
0
0.74
0.296
0.735
0.321
0.806
0.616
0.615
0.909
0.728
0.924
0.442
0.754
0.46
0.986
0.457
0.041
0.712
0.051
0.879
0.109
0.688
0.88
0.708
0.814
0.679
0.765
0.405
0.031
0.36
0.857
0.48
0.78
0.387
0.719
0.468
0.721
0.396
0.678
0.611
0.358
0.979
0.087
0.649
0.483
0.259
0.101
0.316
0.991
0.601
0.775
0.493
0.104
0.479
0.77
0.896
0.155
0.364
0.456
0.037
0.855
0.02
0.484
0.841
0.682
0.301
0.797
0.222
0.822
0.824
0.948
0.847
0.78
0.636
0.867
0.636
0.876
0.005
0.667
0.712
0.759
0.492
0.088
0.448
0.091
0.77
0.213
0.844
0.916
0.408
0.628
0.982
0.449
0.691
0.683
0.382
0.14
0.799
0.312
0.878
0.52
0.741
0.118
0.939
0.452
0.505
0.489
0.768
0.258
0.705
0.006
0.862
0.215
0.14
0.467
0.303
0.428
0.123
0.569
0.726
0.944
0.256
0.585
0.335
0.589
0.593
0.003
0.365
0.168
0.779
0.733
0.492
0.644
0.801
0.649
0.447
0.028
0.522
0.805
0.452
0.623
0.293
0.542
0.405
0.056
0.485
0.299
0.936
0.439
0.16
0.127
0.887
0.696
0.676
0.999
0.564
0.018
0.546
0.079
0.572
0.112
0.005
0.696
0.204
0.297
0.325
0.496
0.059
0.116
0.392
0.833
0.183
0.341
0.321
0.817
0.34
0.022
0.076
0.901
0.555
0.79
0.955
0.983
0.91
0.801
0.544
0.801
0.375
0.782
0.206
0.04
0.185
0.388
0.317
0.021
0.904
0.755
0.15
0.558
0.193
0.819
0.349
0.12
0.656
0.944
0.122
0.904
0.972
0.46
0.428
0.298
0.225
0.855
0.638
0.639
0.664
0.6
0.397
0.017
0.71
0.107
0.929
0.163
0.339
0.271
0.19
0.547
0.387
0.659
0.295
0.767
0.087
0.513
0.762
0.409
0.365
0.598
0.331
0.491
0.769
0.462
0.391
0.197
0.656
0.74
0.219
0.296
0.97
0.08
0.051
0.968
0.204
0.462
0.204
0.656
0.41
0.512
0.883
0.842
0.665
0.992
0.773
0.269
0.791
0.887
0.751
0.579
0.725
0.157
0.08
0.87
0.249
0.573
0.004
0.563
0.408
0.988
0.705
0.506
0.577
0.873
0.73
0.572
0.44
0.705
0.772
0.518
0.681
0.873
0.785
0.95
0.012
0.826
0.175
0.44
0.581
0.601
0.525
0.287
0.425
0.144
0.435
0.677
0.255
0.239
0.79
0.512
0.514
0.515
0.19
0.419
0.545
0.214
0.421
0.438
0.234
0.724
0.382
0.646
0.105
0.884
0.036
0.958
0.146
0.7
0.256
0.214
0.264
0.684
0.499
0.506
0.264
0.191
0.344
0.606
0.031
0.542
0.535
0.825
0.973
0.109
0.734
0.62
0.775
0.485
0.942
0.021
0.857
0.063
0.676
0.67
0.819
0.685
0.397
0.385
0.523
0.78
0.915
0.868
0.392
0.921
0.709
0.236
0.247
0.116
0.238
0.988
0.284
0.119
0.143
0.256
0.457
0.49
0.886
0.277
0.546
0.393
0.769
0.376
0.309
0.991
0.025
0.121
0.799
0.763
0.717
0.912
0.989
0.509
0.217
0.861
0.342
0.991
0.861
0.381
0.701
0.267
0.113
0.478
0.369
0.235
0.021
0.741
0.835
0.358
0.668
0.269
0.506
0.471
0.443
0.062
0.937
0.438
0.778
0.494
0.453
0.127
0.593
0.737
0.332
0.096
0.084
0.765
0.647
0.705
0.756
0.335
0.149
0.779
0.285
0.859
0.518
0.976
0.014
0.358
0.348
0.733
0.575
0.084
