0.431
0.487
0.024
0.902
0.23
0.125
0.085
0.895
0.924
0.685
0.779
0.715
0.879
0.803
0.413
0.304
0.733
0.78
0.358
0.08
0.085
0.912
0.287
0.617
0.537
0.207
0.91
0.988
0.95
0.769
0.389
0.949
0.521
0.567
0.129
0.848
0.569
0.856
0.552
0.241
0.041
0.847
0.946
0.306
0.262
0.073
0.599
0.804
0.722
0.775
0.074
0.91
0.929
0.376
0.962
0.017
0.111
0.903
0.421
0.571
0.037
0.417
0.217
0.819
0.705
0.633
0.778
0.668
0.874
0.427
0.301
0.121
0.627
0.462
0.034
0.11
0.339
0.684
0.622
0.83
0.716
0.55
0.969
0.225
0.643
0.552
0.195
0.51
0.872
0.43
0.087
0.756
0.55
0.859
0.318
0.795
0.327
0.259
0.201
0.432
0.42
0.746
0.875
0.022
0.838
0.532
0.776
0.736
0.637
0.786
0.531
0.654
0.148
0.49
0.716
0.312
0.203
0.598
0.151
0.072
0.049
0.433
0.842
0.597
0.081
0.922
0.218
0.731
0.914
0.149
0.539
0.872
0.374
0.866
0.554
0.019
0.838
0.292
0.154
0.556
0.932
0.42
0.397
0.35
0.446
0.821
0.996
0.957
0.893
0.613
0.295
0.624
0.338
0.052
0.658
0.38
0.233
0.449
0.574
0.669
0.551
0.538
0.554
0.527
0.326
0.267
0.337
0.908
0.736
0.142
0.556
0.267
0.485
0.301
0.918
0.434
0.947
0.112
0.153
0.591
0.407
0.256
0.824
0.602
0.062
0.631
0.596
0.838
0.795
0.564
0.113
0.863
0.523
0.294
0.127
0.358
0.898
0.163
0.676
0.547
0.016
0.346
0.221
0.705
0.972
0.713
0.367
0.599
0.17
0.188
0.638
0.263
0.425
0.066
0.662
0.475
0.029
0.674
0.607
0.155
0.425
0.442
0.493
0.173
0.214
0.602
0.02
0.197
0.993
0.675
0.074
0.01
0.966
0.321
0.789
0.296
0.795
0.308
0.387
0.251
0.991
0.55
0.698
0.356
0.067
0.386
0.357
0.284
0.608
0.186
0.483
0.947
0.509
0.477
0.322
0.669
0.673
0.586
0.723
0.07
0.043
0.413
0.392
0.946
0.888
0.797
0.833
0.912
0.756
0.057
0.402
0.906
0.829
0.203
0.687
0.607
0.777
0.28
0.84
0.812
0.133
0.036
0.452
0.898
0.421
0.853
0.375
0.88
0.174
0.71
0.733
0.596
0.749
0.673
0.38
0.479
0.248
0.37
0.477
0.049
0.614
0.514
0.909
0.666
0.393
0.975
0.516
0.266
0.002
0.874
0.69
0.067
0.283
0.259
0.214
0.692
0.088
0.509
0.137
0.816
0.032
0.516
0.184
0.327
0.917
0.931
0.916
0.817
0.594
0.798
0.068
0.626
0.016
0.329
0.1
0.658
0.716
0.521
0.773
0.709
0.14
0.806
0.408
0.048
0.503
0.099
0.034
0.802
0.153
0.143
0.185
0.382
0.661
0.559
0.91
0.267
0.66
0.752
0.101
0.01
0.816
0.704
0.001
0.195
0.658
0.642
0.44
0.392
0.047
0.804
0.677
0.624
0.684
0.941
0.705
0.626
0.191
0.99
0.784
0.706
0.218
0.575
0.423
0.626
0.257
0.86
0.458
0.819
0.474
0.759
0.389
0.121
0.134
0.648
0.072
0.917
0.568
0.18
0.328
0.313
0.164
0.438
0.323
0.127
0.443
0.792
0.775
0.21
0.103
0.081
0.119
0.265
0.67
0.184
0.947
0.637
0.828
0.32
0.945
0.704
0.14
0.465
0.112
0.233
0.913
0.096
0.27
0.415
0.283
0.467
0.291
0.4
0.872
0.023
0.064
0.867
0.822
0.298
0.759
0.49
0.194
0.546
0.023
0.695
0.936
0.622
0.043
0.288
0.306
0.873
0.814
0.684
0.943
0.06
0.33
0.876
0.752
0.2
0.22
0.594
0.389
0.458
0.572
0.296
0.36
0.296
0.212
0.351
0.696
0.932
0.318
0.237
0.791
0.173
0.032
0.313
0.39
0.158
0.925
0.949
0.631
0.52
0.712
0.028
0.415
0.641
0.72
0.842
0.002
0.445
0.881
0.459
0.754
0.976
0.909
0.768
0.605
0.942
0.233
0.99
0.76
0.905
0.28
0.642
0.059
0.217
0.197
0.523
0.919
0.714
0.089
0.785
0.151
0.329
0.971
0.531
0.484
0.031
0.928
0.314
0.765
0.251
0.724
0.377
0.547
0.635
0.684
0.117
0.284
0.19
0.323
0.519
0.801
0.812
0.328
0.777
0.523
0.937
0.766
0.774
0.598
0.771
0.681
0.797
0.366
0.577
0.64
0.617
0.467
0.786
0.28
0.97
0.219
0.322
0.299
0.382
0.3
0.464
0.876
0.514
0.309
0.354
0.413
0.764
0.316
0.207
1.0
0.883
0.972
0.732
0.455
0.365
0.095
0.336
0.467
0.393
0.415
0.534
0.758
0.864
0.936
0.429
0.29
0.244
0.524
0.583
0.089
0.009
0.314
0.526
0.56
0.47
0.279
0.445
0.386
0.246
0.782
0.445
0.183
0.511
0.113
0.671
0.947
0.242
0.57
0.995
0.517
0.978
0.532
0.81
0.966
0.841
0.538
0.808
0.516
0.859
0.16
0.575
0.753
0.956
0.681
0.487
0.895
0.948
0.354
0.079
0.81
0.751
0.833
0.1
0.145
0.766
0.006
0.184
0.139
0.001
0.806
0.866
0.591
0.669
0.4
0.958
0.936
0.605
0.669
0.18
0.292
0.17
0.542
0.743
0.055
0.885
0.109
0.085
0.328
0.451
0.652
0.763
0.935
0.598
0.919
0.345
0.866
0.558
0.459
0.295
0.902
0.647
0.221
0.826
0.327
0.818
0.728
0.754
0.094
0.857
0.056
0.743
0.286
0.664
0.912
0.441
0.505
0.381
0.482
0.223
0.719
0.054
0.75
0.367
0.532
0.147
0.935
0.335
0.246
0.409
0.028
0.86
0.918
0.366
0.87
0.095
0.192
0.116
0.358
0.86
0.696
0.823
0.055
0.965
0.623
0.46
0.262
0.629
0.154
0.309
0.22
0.769
0.886
0.342
0.826
0.815
0.653
0.21
0.235
0.998
0.699
0.869
0.881
0.564
0.495
0.671
0.479
0.491
0.739
0.388
0.311
0.572
0.486
0.844
0.392
0.961
0.246
0.658
0.31
0.733
0.705
0.329
0.741
0.572
0.046
0.465
0.305
0.053
0.384
0.637
0.701
0.36
0.505
0.271
0.694
0.358
0.952
0.702
0.568
0.887
0.14
0.615
0.871
0.38
0.895
0.758
0.477
0.388
0.61
0.771
0.692
0.683
0.294
0.471
0.33
0.232
0.911
0.046
0.675
0.426
0.178
0.743
0.309
0.979
0.333
0.696
0.427
0.17
0.175
0.254
0.207
0.614
0.709
0.907
0.067
0.323
0.527
0.101
0.34
0.953
0.719
0.532
0.116
0.186
0.318
0.916
0.21
0.817
0.682
0.721
0.553
0.128
0.381
0.342
0.773
0.614
0.616
0.26
0.791
0.006
0.997
0.421
0.198
0.22
0.918
0.272
0.856
0.049
0.839
0.705
0.941
0.623
0.256
0.251
0.312
0.701
0.213
0.53
0.776
0.357
0.251
0.105
0.136
0.314
0.956
0.338
0.704
0.47
0.377
0.67
0.916
0.811
0.511
0.635
0.211
0.234
0.123
0.558
0.875
0.988
0.238
0.352
0.208
0.483
0.147
0.017
0.369
0.681
0.654
0.756
0.305
0.341
0.501
0.849
0.23
0.728
0.727
0.559
0.064
0.662
0.859
0.245
0.419
0.322
0.866
0.767
0.045
0.413
0.824
0.073
0.7
0.405
0.109
0.211
0.292
0.454
0.284
0.919
0.172
0.216
0.999
0.234
0.71
0.88
0.758
0.794
0.62
0.697
0.615
0.683
0.629
0.623
0.99
0.631
0.078
0.381
0.238
0.813
0.458
0.669
0.387
0.364
0.368
0.339
0.39
0.259
0.846
0.775
0.203
0.561
0.286
0.574
0.772
0.072
0.247
0.984
0.89
0.232
0.672
0.21
0.842
0.594
0.356
0.472
0.341
0.215
0.701
0.994
0.816
0.49
0.728
0.058
0.577
0.834
0.922
0.755
0.325
0.528
0.255
0.972
0.792
0.893
0.163
0.727
0.185
0.305
0.015
0.599
0.124
0.748
0.399
0.803
0.094
0.787
0.725
0.485
0.297
0.377
0.443
0.161
0.378
0.001
0.935
0.797
0.211
0.634
0.887
0.679
0.462
0.57
0.895
0.246
0.46
0.664
