0.335
0.045
0.813
0.362
0.728
0.66
0.127
0.604
0.709
0.849
0.508
0.904
0.188
0.764
0.257
0.52
0.951
0.677
0.417
0.162
0.936
0.62
0.416
0.289
0.942
0
0.662
0.292
0.095
0.372
0.459
0.987
0.766
0.935
0.492
0.737
0.19
0.46
0.055
0.984
0.717
0.551
0.911
0.349
0.228
0.017
0.765
0.219
0.539
0.696
0.881
0.906
0.179
0.214
0.526
0.349
0.716
0.339
0.768
0.691
0.436
0.553
0.435
0.811
0.149
0.497
0.811
0.43
0.717
0.748
0.628
0.839
0.62
0.766
0.651
0.211
0.331
0.622
0.642
0.513
0.259
0.583
0.468
0.636
0.851
0.68
0.386
0.607
0.301
0.173
0.289
0.166
0.082
0.354
0.376
0.695
0.683
0.629
0.094
0.024
0.779
0.412
0.36
0.164
0.685
0.159
0.742
0.673
0.049
0.292
0.802
0.852
0.536
0.16
0.848
0.262
0.57
0.318
0.929
0.332
0.618
0.226
0.172
0.013
0.945
0.41
0.643
0.62
0.66
0.251
0.924
0.075
0.445
0.291
0.611
0.346
0.985
0.64
0.92
0.246
0.995
0.616
0.769
0.155
0.4
0.072
0.133
0.956
0.982
0.041
1.0
0.419
0.534
0.467
0.976
0.724
0.39
0.144
0.305
0.833
0.93
0.983
0.292
0.617
0.138
0.845
0.028
0.7
0.099
0.436
0.82
0.514
0.032
0.815
0.964
0.495
0.416
0.598
0.004
0.813
0.408
0.315
0.674
0.798
0.114
0.286
0.065
0.038
0.356
0.582
0.999
0.745
0.709
0.865
0.685
0.038
0.054
0.584
0.936
0.421
0.002
0.02
0.254
0.576
0.265
0.321
0.254
0.683
0.258
0.859
0.576
0.1
0.207
0.919
0.045
0.387
0.454
0.963
0.329
0.068
0.837
0.914
0.032
0.263
0.74
0.897
0.589
0.314
0.328
0.715
0.217
0.591
0.428
0.609
0.978
0.628
0.066
0.873
0.873
0.806
0.262
0.801
0.78
0.155
0.901
0.043
0.019
0.846
0.718
0.459
0.86
0.904
0.486
0.74
0.129
0.267
0.941
0.474
0.095
0.902
0.244
0.242
0.089
0.355
0.955
0.769
0.746
0.893
0.377
0.336
0.884
0.61
0.55
0.069
0.487
0.36
0.828
0.532
0.555
0.79
0.637
0.989
0.741
0.636
0.111
0.677
0.856
0.252
0.45
0.153
0.194
0.99
0.154
0.562
0.745
0.176
0.22
0.355
0.537
0.415
0.975
0.738
0.05
0.21
0.755
0.264
0.594
0.299
0.652
0.57
0.89
0.513
0.322
0.206
0.709
0.056
0.969
0.72
0.041
0.798
0.531
0.986
0.409
0.492
0.601
0.145
0.791
0.326
0.05
0.773
0.241
0.089
0.913
0.462
0.296
0.739
0.123
0.754
0.243
0.462
0.861
0.742
0.372
0.363
0.019
0.845
0.532
0.94
0.965
0.375
0.458
0.069
0.249
0.808
0.251
0.31
0.269
0.426
0.313
0.717
0.905
0.243
0.189
0.118
0.536
0.749
0.432
0.576
0.097
0.253
0.976
0.193
0.342
0.497
0.255
0.222
0.383
0.296
0.513
0.486
0.261
0.966
0.022
0.701
0.63
0.761
0.504
0.265
0.574
0.161
0.264
0.549
0.703
0.074
0.133
0.593
0.285
0.17
0.253
0.403
0.485
0.394
0.965
0.489
0.798
0.275
0.611
0.505
0.269
0.29
0.334
0.858
0.063
0.934
0.456
0.474
0.711
0.724
0.153
0.954
0.265
0.544
0.065
0.611
0.363
0.494
0.893
0.393
0.773
0.042
0.393
0.746
0.565
0.214
0.204
0.057
0.681
0.819
0.315
0.228
0.664
0.242
0.591
0.33
0.752
0.843
0.374
0.871
0.878
0.722
0.873
0.29
0.111
0.312
0.532
0.527
0.454
0.806
0.655
0.254
0.498
0.798
0.308
0.541
0.62
0.676
0.16
0.01
0.092
0.401
0.482
0.972
0.321
0.081
0.599
0.379
0.751
0.885
0.656
0.139
0.336
0.493
0.48
0.256
0.632
0.743
0.629
0.039
0.571
0.909
0.216
0.285
0.348
0.98
0.591
0.08
0.018
0.85
0.922
0.298
0.854
0.308
0.135
0.751
0.83
0.934
0.869
0.091
0.91
0.087
0.941
0.196
0.125
0.04
0.189
0.799
0.775
0.395
0.141
0.351
0.073
0.978
0.98
0.145
0.161
0.838
0.612
0.732
0.508
0.4
0.068
0.588
0.012
0.31
0.105
0.992
0.428
0.469
0.261
0.828
0.813
0.965
0.442
0.874
0.616
0.244
0.141
0.854
0.859
0.045
0.038
0.13
0.382
0.174
0.225
0.406
0.618
0.34
0.139
0.133
0.734
0.302
0.581
0.414
0.692
0.013
0.318
0.747
0.762
0.211
0.495
0.948
0.896
0.09
0.963
0.567
0.009
0.729
0.83
0.789
0.532
0.783
0.552
0.437
0.655
0.316
0.076
0.479
0.305
0.979
0.398
0.963
0.318
0.888
0.238
0.849
0.324
0.467
0.392
0.546
0.986
0.758
0.471
0.143
0.405
0.19
0.837
0.991
0.759
0.433
0.49
0.312
0.112
0.083
0.481
0.052
0.206
0.537
0.555
0.404
0.09
0.354
0.415
0.174
0.429
0.089
0.428
0.231
0.27
0.977
0.765
0.227
0.693
0.995
0.547
0.601
0.216
0.763
0.668
0.555
0.747
0.918
0.217
0.168
0.451
0.978
0.148
0.733
0.376
0.032
0.351
0.999
0.37
0.989
0.585
0.69
0.22
0.83
0.889
0.985
0.43
0.552
0.787
0.271
0.433
0.929
0.095
0.786
0.121
0.107
0.391
0.096
0.526
0.843
0.491
0.481
0.376
0.451
0.355
0.721
0.189
0.49
0.461
0.483
0.291
0.131
0.724
0.483
0.166
0.525
0.242
0.496
0.448
0.117
0.849
0.447
0.652
0.307
0.037
0.907
0.317
0.045
0.556
0.805
0.292
0.709
0.822
0.944
0.533
0.63
0.769
0.394
0.454
0.233
0.829
0.221
0.639
0.171
0.972
0.528
0.199
0.431
0.061
0.643
0.896
0.671
0.401
0.961
0.964
0.628
0.468
0.746
0.708
0.975
0.546
0.882
0.089
0.607
0.686
0.295
0.094
0.744
0.99
0.353
0.024
0.581
0.72
0.432
0.13
0.674
0.899
0.954
0.442
0.985
0.195
0.661
0.045
0.931
0.497
0.877
0.579
0.97
0.21
0.815
0.081
0.235
0.299
0.832
0.442
0.945
0.964
0.841
0.312
0.041
0.777
0.31
0.874
0.836
0.056
0.601
0.825
0.39
0.157
0.203
0.366
0.296
0.208
0.12
0.898
0.461
0.996
0.856
0.384
0.254
0.589
0.672
0.771
0.418
0.099
0.173
0.857
0.682
0.306
0.936
0.946
0.158
0.278
0.355
0.768
0.818
0.974
0.876
0.018
0.872
0.69
0.131
0.282
0.594
0.22
0.346
0.131
0.422
0.286
0.913
0.327
0.892
0.425
0.865
0.439
0.802
0.068
0.795
0.99
0.006
0.024
0.602
0.522
0.08
0.493
0.676
0.286
0.627
0.098
0.179
0.251
0.571
0.722
0.861
0.953
0.668
0.885
0.757
0.335
0.831
0.835
0.495
0.413
0.052
0.517
0.883
0.16
0.213
0.244
0.704
0.697
0.745
0.366
0.021
0.16
0.417
0.841
0.393
0.415
0.661
0.147
0.989
0.668
0.893
0.033
0.897
0.814
0.971
0.45
0.312
0.088
0.203
0.521
0.71
0.463
0.343
0.05
0.689
0.591
0.301
0.847
0.239
0.095
0.547
0.071
0.109
0.583
0.203
0.292
0.024
0.201
0.236
0.264
0.187
0.287
0.783
0.462
0.789
0.271
0.49
0.56
0.272
0.155
0.155
0.327
0.476
0.998
0.744
0.446
0.729
0.724
0.563
0.938
0.266
0.364
0.703
0.95
0.042
0.947
0.312
0.953
0.677
0.048
0.242
0.291
0.016
0.138
0.287
0.68
0.44
0.473
0.232
0.584
0.39
0.533
0.664
0.901
0.423
0.114
0.071
0.263
0.611
0.892
0.644
0.216
0.052
0.689
0.946
0.349
0.8
0.327
0.165
0.528
0.013
0.542
0.336
0.268
0.113
0.32
0.25
0.411
0.818
0.871
0.392
0.136
0.984
0.153
0.719
0.992
0.807
0.528
0.583
0.203
0.004
0.014
0.234
0.421
0.747
0.29
0.402
0.879
0.187
0.652
0.921
0.669
0.579
