0.47
0.029
0.352
0.328
0.459
0.156
0.246
0.679
0.417
0.541
0.876
0.891
0.009
0.683
0.141
0.792
0.267
0.694
0.42
0.605
0.495
0.151
0.853
0.051
0.365
0.086
0.902
0.852
0.283
0
0.487
0.535
0.038
0.42
0.974
0.291
0.502
0.724
0.188
0.169
0.942
0.004
0.019
0.154
0.738
0.76
0.443
0.869
0.274
0.263
0.753
0.381
0.166
0.862
0.192
0.057
0.862
0.779
0.012
0.379
0.648
0.969
0.824
0.509
0.301
0.124
0.026
0.84
0.952
0.198
0.093
0.267
0.453
0.987
0.049
0.155
0.641
0.776
0.33
0.695
0.106
0.834
0.582
0.069
0.338
0.886
0.178
0.029
0.153
0.376
0.46
0.407
0.226
0.226
0.668
0.423
0.496
0.31
0.692
0.551
0.577
0.892
0.978
0.975
0.343
0.37
0.469
0.284
0.788
0.13
0.1
0.764
0.693
0.997
0.519
0.509
0.68
0.667
0.469
0.147
0.931
0.046
0.802
0.059
0.213
0.505
0.862
0.064
0.672
0.623
0.754
0.825
0.113
0.424
0.618
0.496
0.089
0.026
0.576
0.193
0.898
0.39
0.198
0.752
0.524
0.236
0.96
0.512
0.27
0.992
0.852
0.665
0.924
0.426
0.903
0.936
0.6
0.83
0.249
0.043
0.771
0.964
0.575
0.947
0.232
0.226
0.202
0.753
0.434
0.645
0.834
0.803
0.877
0.26
0.844
0.811
0.785
0.334
0.316
0.458
0.008
0.427
0.738
0.76
0.34
0.192
0.0
0.445
0.818
0.482
0.935
0.829
0.204
0.302
0.91
0.998
0.064
0.814
0.247
0.399
0.966
0.804
0.366
0.099
0.689
0.906
0.469
0.922
0.965
0.159
0.896
0.16
0.77
0.788
0.64
0.368
0.993
0.912
0.166
0.809
0.26
0.076
0.655
0.143
0.406
0.016
0.481
0.307
0.007
0.661
0.514
0.655
0.682
0.944
0.21
0.629
0.067
0.15
0.216
0.393
0.846
0.931
0.293
0.628
0.362
0.227
0.933
0.724
0.558
0.912
0.465
0.778
0.927
0.755
0.964
0.959
0.836
0.746
0.39
0.19
0.072
0.498
0.594
0.224
0.741
0.798
0.153
0.287
0.273
0.591
0.611
0.807
0.741
0.036
0.7
0.36
0.865
0.73
0.449
0.181
0.202
0.555
0.037
0.177
0.141
0.651
0.844
0.509
0.229
0.752
0.292
0.652
0.745
0.343
0.421
0.287
0.737
0.804
0.584
0.492
0.682
0.527
0.874
0.96
0.717
0.117
0.135
0.003
0.345
0.676
0.113
0.391
0.235
0.817
0.723
0.71
0.069
0.956
0.142
0.948
0.39
0.443
0.108
0.096
0.059
0.229
0.998
0.054
0.977
0.77
0.457
0.179
0.39
0.513
0.884
0.432
0.364
0.262
0.01
0.938
0.466
0.373
0.417
0.877
0.827
0.054
0.336
0.701
0.125
0.233
0.792
0.019
0.273
0.074
0.231
0.929
0.776
0.462
0.269
0.414
0.663
0.672
0.012
0.588
0.322
0.519
0.78
0.642
0.415
0.683
0.272
0.239
0.246
0.463
0.286
0.637
0.711
0.906
0.429
0.683
0.134
0.257
0.709
0.426
0.603
0.316
0.195
0.572
0.291
0.409
0.438
0.945
0.554
0.483
0.984
0.428
0.277
0.543
0.649
0.087
0.184
0.291
0.047
0.929
0.7
0.277
0.304
0.191
0.082
0.448
0.795
0.789
0.673
0.346
0.151
0.183
0.482
0.529
0.758
0.324
0.245
0.053
0.04
0.607
0.459
0.503
0.95
0.367
0.005
0.367
0.742
0.923
0.594
0.991
0.498
0.41
0.892
0.477
0.89
0.904
0.213
0.652
0.73
0.523
0.083
0.037
0.372
0.87
0.796
0.143
0.592
0.592
0.041
0.991
0.148
0.723
0.833
0.793
0.989
0.675
0.432
0.393
0.042
0.736
0.745
0
0.9
0.606
0.874
0.613
0.376
0.631
0.736
0.011
0.227
0.592
0.237
0.857
0.672
0.774
0.863
0.902
0.073
0.421
0.325
0.613
0.996
0.625
0.274
0.799
0.108
0.185
0.803
0.916
0.294
0.995
0.693
0.523
0.797
0.316
0.652
0.69
0.864
0.758
0.619
0.611
0.973
0.017
0.428
0.731
0.474
0.78
0.564
0.352
0.539
0.054
0.924
0.07
0.652
0.612
0.819
0.097
0.105
0
0.787
0.446
0.585
0.649
0.969
0.968
0.963
0.285
0.289
0.455
0.365
0.521
0.599
0.423
0.071
0.376
0.915
0.978
0.964
0.334
0.882
0.527
0.49
0.695
0.418
0.915
0.868
0.124
0.634
0.13
0.263
0.194
0.911
0.073
0.036
0.79
0.587
0.552
0.716
0.825
0.669
0.997
0.908
0.364
0.364
0.781
0.716
0.07
0.811
0.077
0.566
0.68
0.581
0.256
0.372
0.61
0.434
0.344
0.213
0.506
0.974
0.224
0.287
0.403
0.49
0.604
0.475
0.259
0.952
0.226
0.385
0.318
0.803
0.509
0.988
0.41
0.667
0.256
0.088
0.402
0.367
0.14
0.39
0.595
0.921
0.65
0.59
0.686
0.945
0.987
0.353
0.022
0.715
0.68
0.631
0.08
0.489
0.393
0.692
0.286
0.665
0.05
0.261
0.452
0.656
0.034
0.435
0.136
0.185
0.586
0.151
0.612
0.445
0.948
0.966
0.14
0.33
0.406
0.391
0.826
0.203
0.974
0.154
0.843
0.75
0.606
0.927
0.485
0.533
0.437
0.501
0.559
0.772
0.738
0.14
0.047
0.549
0.654
0.433
0.921
0.573
0.004
0.749
0.289
0.531
0.533
0.779
0.002
0.094
0.743
0.331
0.441
0.404
0.576
0.111
0.396
0.556
0.013
0.137
0.459
0.332
0.983
0.774
0.589
0.696
0.16
0.96
0.043
0.948
0.864
0.286
0.911
0.702
0.044
0.341
0.563
0.029
0.272
0.713
0.462
0.25
0.803
0.345
0.125
0.686
0.928
0.496
0.803
0.798
0.32
0.614
0.858
0.436
0.844
0.396
0.484
0.789
0.304
0.316
0.308
0.598
0.506
0.554
0.27
0.665
0.331
0.835
0.046
0.556
0.8
0.918
0.466
0.422
0.933
0.124
0.083
0.841
0.099
0.378
0
0.272
0.479
0.398
0.615
0.734
0.146
0.057
0.302
0.248
0.548
0.784
0.419
0.792
0
0.065
0.581
0.639
0.66
0.684
0.668
0.679
0.578
0.038
0.27
0.424
0.869
1.0
0.223
0.949
0.321
0.024
0.135
0.655
0.943
0.2
0.89
0.637
0.927
0.126
0.057
0.12
0
0.849
0.317
0.116
0.384
0.235
0.94
0.749
0.74
0.617
0.302
0.102
0.003
0.125
0.658
0.719
0.257
0.84
0.403
0.81
0.181
0.761
0.745
0.245
0.956
0.89
0.716
0.54
0.837
0.673
0.191
0.069
0.43
0.82
0.094
0.334
0.393
0.617
0.717
0.568
0.991
0.029
0.374
0.049
0.229
0.858
0.328
0.386
0.266
0.241
0.776
0.327
0.844
0.658
0.107
0.892
0.972
0.159
0.673
0.575
0.838
0.971
0.94
0.361
0.633
0.508
0.212
0.571
0.094
0.56
0.875
0.666
0.922
0.248
0.779
0.712
0.309
0.896
0.341
0.966
0.19
0.334
0.384
0.566
0.967
0.387
0.507
0.962
0.128
0.868
0.659
0.19
0.638
0.262
0.636
0.644
0.884
0.826
0.245
0.825
0.104
0.136
0.052
0.871
0.601
0.139
0.708
0.614
0.631
0.305
0.005
0.498
0.414
0.428
0.752
0.597
0.216
0.617
0.561
0.69
0.696
0.776
0.148
0.481
0.28
0.035
0.734
0.872
0.878
0.327
0.726
0.253
0.849
0.318
0.847
0.255
0.679
0.264
0.05
0.238
0.986
0.869
0.735
0.351
0.048
0.893
0.359
0.415
0.785
0.738
0.893
0.498
0.264
0.089
0.648
0.164
0.806
0.831
0.465
0.864
0.92
0.642
0.113
0.255
0.179
0.757
0.48
0.301
0.449
0.309
0.262
0.017
0.282
0.821
0.552
0.886
0.333
0.233
0.993
0.309
0.581
0.265
0.891
0.392
0.8
0.547
0.865
0.424
0.497
0.27
0.808
0.548
0.097
0.103
0.067
0.375
0.227
0.799
0.031
0.276
0.405
0.984
0.212
0.258
0.937
0.07
0.823
0.689
0.659
0.358
0.293
0.714
0.823
0.606
0.311
