0.961
0.627
0.217
0.71
0.314
0.22
0.853
0.132
0.374
0.094
0.958
0.654
0.395
0.159
0.938
0.162
0.17
0.081
0.281
0.169
0.076
0.049
0.831
0.161
0.212
0.021
0.852
0.952
0.891
0.932
0.538
0.569
0.37
0.394
0.976
0.275
0.0
0.439
0.959
0.991
0.9
0.857
0.757
0.95
0.546
0.132
0.656
0.653
0.506
0.028
0.804
0.836
0.054
0.975
0.938
0.2
0.063
0.769
0.802
0.621
0.822
0.054
0.65
0.688
0.419
0.022
0.502
0.247
0.288
0.412
0.334
0.023
0.88
0.935
0.913
0
0.755
0.528
0.771
0.564
0.237
0.739
0.938
0.697
0.726
0.935
0.618
0.893
0.55
0.7
0.724
0.599
0.351
0.914
0.615
0.052
0.903
0.005
0.181
0.549
0.587
0.706
0.777
0.732
0.476
0.543
0.192
0.901
0.176
0.65
0.227
0.998
0.988
0.293
0.137
0.886
0.598
0.599
0.569
0.141
0.035
0.921
0.784
0.199
0.78
0.9
0.077
0.608
0.897
0.907
0.267
0.692
0.124
0.833
0.83
0.171
0.298
0.543
0.538
0.015
0.418
0.765
0.949
0.184
0.608
0.774
0.86
0.989
0.798
0.462
0.737
0.38
0.111
0.108
0.676
0.833
0.192
0.364
0.599
0.954
0.034
0.321
0.368
0.474
0.449
0.755
0.943
0.242
0.965
0.3
0.869
0.398
0.557
0.516
0.11
0.338
0.636
0.569
0.021
0.167
0.599
0.562
0.112
0.375
0.757
0.896
0.656
0.68
0.346
0.491
0.922
0.313
0.585
0.305
0.086
0.146
0.406
0.54
0.704
0.231
0.901
0.506
0.558
0.572
0.047
0.285
0.503
0.351
0.693
0.983
0.874
0.671
0.852
0.632
0.361
0.293
0.952
0.365
0.427
0.541
0.998
0.875
0.396
0.926
0.2
0.939
0.829
0.36
0.349
0.231
0.805
0.913
0.895
0.267
0.367
0.063
0.88
0.246
0.621
0.079
0.023
0.864
0.149
0.078
0.436
0.694
0.312
0.339
0.181
0.206
0.626
0.563
0.044
0.463
0.152
0.073
0.946
0.909
0.61
0.125
0.335
0.227
0.198
0.301
0.265
0.749
0.529
0.731
0.026
0.447
0.431
0.94
0.531
0.76
0.5
0.878
0.284
0.046
0.837
0.204
0.651
0.598
0.042
0.111
0.14
0.262
0.699
0.013
0.251
0.957
0.629
0.326
0.712
0.993
0.312
0.818
0.926
0.57
0.981
0.602
0.658
0.668
0.433
0.424
0.909
0.144
0.564
0.602
0
0.716
0.983
0.446
0.677
0.027
0.255
0.693
0.059
0.902
0.43
0.367
0.201
0.644
0.77
0.8
0.677
0.698
0.126
0.78
0.655
0.324
0.078
0.587
0.565
0.845
0.275
0.131
0.337
0.179
0.637
0.157
0.188
0.798
0.601
0.751
0.807
0.768
0.207
0.46
0.13
0.47
0.38
0.603
0
0.354
0.249
0.174
0.024
0.055
0.475
0.077
0.033
0.136
0.017
0.445
0.442
0.646
0.992
0.531
0.526
0.858
0.519
0.698
0.021
0.042
0.674
0.74
0.814
0.667
0.371
0.85
0.871
0.213
0.508
0.754
0.216
0.02
0.85
0.485
0.414
0.052
0.328
0.148
0.538
0.819
0.625
0.148
0.281
0.348
0.297
0.032
0.704
0.672
0.124
0.026
0.859
0.87
0.58
0.521
0.122
0.449
0.39
0.028
0.204
0.499
0.455
0.104
0.455
0.128
0.567
0.766
0.129
0.101
0.099
0.614
0.642
0.768
0.24
0.83
0.196
0.456
0.098
0.418
0.959
0.074
0.347
0.989
0.633
0.75
0.934
0.124
0.901
0.019
0.816
0.504
0.035
0.949
0.77
0.365
0.826
0.547
0.921
0.302
0.235
0.403
0.081
0.757
0.968
0.136
0.597
0.967
0.303
0.294
0.965
0.682
0.531
0.603
0.087
0.297
0.47
0.324
0.05
0.549
0.237
0.621
0.328
0.954
0.494
0.59
1.0
0.785
0.921
0.93
0.242
0.502
0.206
0.674
0.669
0.962
0.464
0.358
0.723
0.05
0.409
0.224
0.265
0.706
0.979
0.208
0.197
0.066
0.182
0.753
0.232
0.728
0
0.035
0.014
0.315
0.254
0.458
0.736
0.743
0.808
0.399
0.285
0.706
0.393
0.026
0.686
0.533
0.229
0.475
0.315
0.754
0.372
0.168
0.478
0.55
0.784
0.987
0.501
0.035
0.254
0.046
0.968
0.595
0.012
0.319
0.307
0.575
0.506
0.534
0.138
0.113
0.392
0.034
0.021
0.329
0.208
0.927
0.681
0.075
0.482
0.551
0.208
0.272
0.511
0.872
0.327
0.149
0.431
0.271
0.717
0.223
0.744
0.489
0.829
0.025
0.573
0.09
0.603
0.984
0.73
0.203
0.06
0.257
0.929
0.737
0.922
0.783
0.349
0.002
0.984
0.991
0.195
0
0.441
0.237
0.819
0.329
0.751
0.962
0.047
0.08
0.632
0.167
0.766
0.918
0.089
0.961
0.443
0.332
0.101
0.705
0.344
0.403
0.704
0.486
0.243
0.723
0.081
0.373
0.082
0.204
0.988
0.133
0.818
0.566
0.189
0.963
0.453
0.841
0.137
0.507
0.457
0.736
0.606
0.993
0.81
0.882
0.524
0.839
0.545
0.625
0.864
0.648
0.314
0.705
0.548
0.818
0.876
0.878
0.285
0.501
0.396
0.03
0.84
0.266
0.779
0.761
0.849
0.79
0.187
0.155
0.766
0.574
0.284
0.842
0.931
0.588
0.657
0.494
0.974
0.44
0.604
0.187
0.151
0.361
0.214
0.192
0.826
0.895
0.351
0.142
0.213
0.131
0.889
0.885
0.975
0.297
0.403
0.646
0.258
0.618
0.289
0.474
0.019
0.568
0.75
0.115
0.392
0.587
0.5
0.817
0.732
0.922
0.713
0.981
0.113
0.501
0.527
0.059
0.247
0.922
0.85
0.477
0.659
0.502
0.077
0.819
0.227
0.302
0.496
0.006
0.214
0.371
0.136
0.997
0.059
0.707
0.375
0.393
0.814
0.933
0.624
0.563
0.482
0.476
0.622
0.955
0.761
0.834
0.035
0.112
0.49
0.869
0.9
0.512
0.085
0.675
0.992
0.727
0.325
0.993
0.792
0.196
0.668
0.104
0.203
0.123
0.073
0.127
0.443
0.858
0.034
0.043
0.534
0.884
0.537
0.593
0.718
0.466
0.446
0.785
0.416
0.326
0.466
0.252
0.144
0.227
0.022
0.68
0.438
0.877
0.47
0.119
0.719
0.554
0.312
0.299
0.574
0.713
0.089
0.034
0.739
0.918
0.679
0.623
0.607
0.68
0.253
0.452
0.94
0.215
0.372
0.551
0.983
0.547
0.413
0.632
0.109
0.417
0.192
0.474
0.377
0.819
0.323
0.33
0.813
0.359
0.67
0.64
0.26
0.294
0.209
0.518
0.195
0
0.21
0.528
0.093
0.519
0.49
0.526
0.583
0.318
0.976
0.614
0.081
0.043
0.556
0.104
0.705
0.931
0.197
0.362
0.841
0.388
0.103
0.387
0.96
0.634
0.266
0.42
0.142
0.388
0.118
0.063
0.509
0.931
0.592
0.823
0.181
0.533
0.603
0.58
0.506
0.438
0.388
0.395
0.555
0.188
0.284
0.954
0.018
0.532
0.513
0.87
0.924
0.034
0.322
0.834
0.643
0.223
0.274
0.251
0.448
0.602
0.009
0.483
0
0.846
0.902
0.427
0.789
0.089
0.661
0.892
0.76
0.571
0.465
0.951
0.041
0.928
0.302
0.842
0.603
0.679
0.682
0.43
0.631
0.043
0.031
0.054
0.643
0.618
0.102
0.003
0.134
0.532
0.788
0.491
0.687
0.739
0.693
0.232
0.231
0.786
0.593
0.854
0.11
0.188
0.674
0.813
0.182
0.388
0.307
0.608
0.181
0.111
0
0.531
0.708
0.243
0.126
0.885
0.125
0.426
0.677
0.635
0.573
0
0.5
0.338
0.634
0.96
0.171
0.36
0.303
0.856
0.005
0.027
0.808
0.782
0.66
0.019
0.187
0.364
0.111
0.741
0.865
0.375
0.295
0.979
0.118
0.654
0.704
0.949
0.52
0.04
0.778
0.852
0.956
0.427
0.141
0.791
0.166
0.15
0.907
0.155
0.637
0.266
0.333
0.085
0.73
0.838
0.365
0.959
0.686
0.379
0.387
0.051
0.892
0.214
0.287
0.33
0.425
0.815
0.442
0.398
