0.23
0.513
0.094
0.689
0.383
0.024
0.77
0.518
0.152
0.396
0.614
0.288
0.356
0.519
0.002
0.538
0.538
0.267
0.421
0.998
0.796
0.502
0.754
0.644
0.663
0.775
0.51
0.202
0.227
0.257
0.864
0.845
0.282
0.619
0.725
0.649
0.644
0.117
0.434
0.5
0
0.111
0.156
0.931
0.185
0.626
0.059
0.085
0.277
0.717
0.224
0.846
0.074
0.119
0.033
0.696
0.261
0.957
0.486
0.899
0.921
0.078
0.385
0.217
0.879
0.776
0.065
0.108
0.636
0.165
0.302
0.521
0.062
0.615
0.767
0.753
0.066
0.946
0.3
0.579
0.43
0.809
0.671
0.368
0.071
0.594
0.642
0.04
0.885
0.172
0.837
0.179
0.608
0.942
0.249
0.839
0.809
0.994
0.632
0.969
0.534
0.801
0.724
0.701
0.762
0.248
0.831
0.041
0.83
0.15
0.913
0.02
0.712
1.0
0.708
0.576
0.866
0.239
0.577
0.185
0.658
0.27
0.444
0.012
0.508
0.813
0.858
0.583
0.286
0.552
0.434
0.462
0.906
0.732
0.723
0.011
0.21
0.737
0.346
0.347
0.064
0.608
0.929
0.263
0.067
0.095
0.727
0.431
0.322
0.983
0.006
0.499
0.95
0.758
0.625
0.614
0.78
0.808
0.198
0.97
0.132
0.581
0.549
0.747
0.93
0.444
0.051
0.487
0.875
0.513
0.649
0.074
0.568
0.339
0.33
0.234
0.336
0.25
0.994
0.302
0.149
0.928
0.81
0.425
0.774
0.402
0.706
0.821
0.518
0.939
0.626
0.673
0.889
0.869
0.701
0.255
0.902
0.637
0.194
0.437
0.27
0.316
0.139
0.558
0.191
0.569
0.43
0.127
0.352
0.394
0.263
0.288
0.38
0.373
0.576
0.367
0.07
0.428
0.503
0.568
0.363
0.248
0.881
0.783
0.43
0.195
0.983
0.197
0.139
0.473
0.665
0.398
0.55
0.54
0.655
0.939
0.414
0.042
0.786
0.92
0.106
0.251
0.789
0.911
0.017
0.573
0.73
0.646
0.279
0.352
0.087
0.1
0.407
0.374
0.317
0.345
0.541
0.8
0.896
0.414
0.647
0.736
0.851
0.375
0.057
0.732
0.663
0.269
0.712
0.769
0.249
0.02
0.922
0.877
0.065
0.0
0.334
0.929
0.891
0.901
0.231
0.627
0.624
0.544
0.147
0.703
0.703
0.182
0.698
0.471
0.784
0.658
0.783
0.372
0.801
0.433
0.151
0.693
0.56
0.153
0.369
0.711
0.369
0.653
0.442
0.568
0.453
0.588
0.624
0.641
0.789
0.935
0.629
0.622
0.883
0.057
0.077
0.656
0.894
0.262
0
0.874
0.892
0.581
0.323
0.192
0.456
0.98
0.825
0.06
0.749
0.22
0.264
0.084
0.778
0.839
0.844
0.802
0.954
0.417
0.651
0.074
0.617
0.632
0.226
0.202
0.78
0.127
0.655
0.835
0.604
0.167
0.436
0.538
0.987
0.626
0.865
0.361
0.912
0.239
0.901
0.004
0.897
0.482
0.617
0.289
0.812
0.365
0.222
0.851
0.662
0.246
0.128
0.249
0.165
0.932
0.336
0.219
0.302
0.92
0.364
0.849
0.685
0.62
0.566
0.942
0.507
0.335
0.704
0.194
0.058
0.349
0.991
0.969
0.847
0.878
0.778
0.457
0.07
0.102
0.071
0.185
0.443
0.585
0.811
0.672
0.379
0.961
0.874
0.346
0.124
0.048
0.014
0.535
0.425
0.153
0.717
0.54
0.11
0.338
0.784
0.109
0.429
0.349
0.662
0.163
0.825
0.964
0.602
0.276
0.864
0.704
0.875
0.089
0.004
0.171
0.176
0.488
0.977
0.276
0.184
0.097
0.146
0.529
0.087
0.727
0.769
0.639
0.78
0.602
0.351
0.292
0.555
0.214
0.561
0.568
0.839
0.021
0.236
0.411
0.437
0.946
0.304
0.747
0.067
0.606
0.894
0.135
0.103
0.556
0.516
0.459
0.852
0.431
0.156
0.456
0.851
0.223
0.098
0.824
0.396
0.007
0.454
0.573
0.881
0.734
0.081
0.411
0.261
0.017
0.569
0.175
0.047
0.072
0.103
0.891
0.041
0.434
0.423
0.36
0.041
0.228
0.675
0.136
0.547
0.513
0.994
0.119
0.84
0.818
0.449
0.027
0.766
0.463
0.958
0.869
0.227
0.297
0.051
0.21
0.346
0.761
0.78
0.445
0.966
0.627
0.571
0.532
0.844
0.882
0.378
0.126
0.932
0.529
0.403
0.66
0.167
0.876
0.71
0.919
0.968
0.893
0.739
0.736
0.747
0.223
0.842
0.417
0.618
0.316
0.574
0.334
0.613
0.231
0.562
0.65
0.688
0.387
0.716
0.575
0.899
0.677
0.64
0.354
0.369
0.915
0.245
0.742
0.063
0.948
0.937
0.146
0.552
0.219
0.541
0.897
0.737
0.201
0.111
0.721
0.726
0.761
0.39
0.323
0.28
0.817
0.547
0.801
0.684
0.773
0.391
0.421
0.548
0.925
0.187
0.377
0.805
0.469
0.024
0.345
0.957
0.985
0.724
0.251
0.848
0.996
0.651
0.732
0.561
0.613
0.193
0.825
0.201
0.769
0.706
0.599
0.875
0.8
0.838
0.651
0.363
0.996
0.621
0.426
0.538
0.543
0.709
0.889
0.026
0.335
0.012
0.096
0.022
0.255
0.581
0.338
0.822
0.894
0.836
0.713
0.346
0.397
0.443
0.648
0.419
0.271
0.289
0.588
0.085
0.402
0.385
0.472
0.479
0.805
0.888
0.957
0.495
0.469
0.439
0.487
0.541
0.408
0.066
0.33
0.556
0.631
0.144
0.646
0.528
0.583
0.165
0.007
0.311
0.215
0.248
0.36
0.82
0.841
0.716
0.908
0.591
0.558
0.074
0.642
0.349
0.871
0.381
0.772
0.219
0.494
0.014
0.649
0.646
0.106
0.556
0.283
0.301
0.883
0.081
0.183
0.181
0.607
0.083
0.068
0.445
0.608
0.246
0.499
0.884
0.687
0.506
0.183
0.18
0.781
0.746
0.316
0.19
0.955
0.677
0.025
0.99
0.403
0.051
0.559
0.702
0.835
0.3
0.017
0.779
0.506
0.08
0.384
0.157
0.857
0.831
0.334
0.829
0.92
0.849
0.226
0.909
0.097
0.402
0.293
0.992
0.476
0.65
0.896
0.407
0.7
0.716
0.336
0.179
0.986
0.29
0.183
0.741
0.211
0.545
0.084
0.948
0.282
0.702
0.06
0.98
0.567
0.471
0.481
0.374
0.99
0.522
0.565
0.875
0.736
0.302
0.555
0.648
0.855
0.425
0.666
0.983
0.858
0.073
0.867
0.316
0.621
0.641
0.697
0.039
0.142
0.99
0.206
0.334
0.123
0.602
0
0.588
0.485
0.003
0.555
0.207
0.85
0.082
0.346
0.11
0.8
0.831
0.118
0.985
0.223
0.624
0.979
0.386
0.277
0.184
0.332
0.503
0.39
0.404
0.767
0.777
0.68
0.269
0.812
0.449
0.956
0.584
0.94
0.425
0.552
0.303
0.547
0
0.7
0.938
0.218
0.378
0.668
0.365
0.367
0.076
0.773
0.812
0.947
0.729
0.743
0.746
0.505
0.06
0.16
0.512
0.68
0.669
0.706
0.724
0.088
0.173
0.687
0.479
0.126
0.158
0
0.226
0.336
0.886
0.12
0.387
0.525
0.109
0.609
0
0.461
0.339
0.393
0.607
0.215
0.482
0.118
0.568
0
0.039
0.731
0.154
0.121
0.744
0.428
0.047
0.324
0.802
0.373
0.641
0.938
0.003
0.457
0.55
0.174
0.176
0.001
0.994
0.995
0.108
0.354
0.883
0.245
0.412
0.488
0.216
0.55
0.399
0.075
0.881
0.866
0.41
0.663
0.814
0.131
0.985
0
0.088
0.528
0.229
0.146
0.56
0.287
0.534
0.777
0.991
0.016
0.598
0.509
0
0.905
0.81
0.391
0.945
0.426
0.027
0.782
0.68
0.887
0.642
0.043
0.963
0.362
0.733
0.984
0.009
0.204
0.723
0.63
0.761
0.216
0.823
0.977
0.49
0.035
0.532
0.372
0.419
0.869
0.396
0.545
0.451
0.335
0.693
0.816
0.612
0.525
0.544
0.933
0.869
0.866
0.57
0.209
0.991
0.673
0.65
0.891
0.784
0.08
0.638
0.193
0.688
0.301
0.453
0.888
0.737
0.818
0.858
0.633
0.995
0.251
0.825
0.882
0.934
0.33
0.089
0.656
0.003
0.206
