0.599
0.02
0.385
0.215
0.763
0.217
0.302
0.571
0.669
0.495
0.087
0.804
0.605
0.085
0.139
0.026
0.284
0.102
0.451
0.863
0.246
0.698
0.509
0.339
0.889
0.777
0.815
0.127
0.546
0.809
0.703
0.465
0.071
0.308
0.173
0.54
0.423
0.145
0.973
0.052
0.818
0.251
0.818
0.463
0.82
0.427
0.096
0.385
0.211
0.795
0.627
0.057
0.826
0.901
0.628
0.552
0.092
0.745
0.514
0.679
0.36
0.423
0.472
0.233
0.98
0.713
0.282
0.063
0.157
0.298
0.784
0.781
0.457
0.874
0.88
0.015
0.548
0.989
0.339
0.991
0.56
0.117
0.8
0.061
0.318
0.706
0.043
0.009
0.934
0.676
0.567
0.183
0.944
0.059
0.471
0.278
0.443
0.057
0.487
0.052
0.277
0.718
0.133
0.183
0.577
0.803
0.702
0.924
0.42
0.873
0.554
0.389
0.907
0.335
0.085
0.702
0.823
0.978
0.027
0.126
0.713
0.314
0.74
0.052
0.087
0.771
0.423
0.585
0.444
0.104
0.266
0.087
0.264
0.35
0.285
0.471
0.238
0.669
0.975
0.79
0.122
0.921
0.443
0.288
0.848
0.314
0.251
0.902
0.437
0.115
0.56
0.956
0.124
0
0.609
0.152
0.223
0.177
0.341
0.043
0.011
0.72
0.885
0.111
0.786
0.361
0.456
0.961
0.685
0.702
0.607
0.211
0.278
0.089
0.832
0.508
0.821
0.622
0.573
0.532
0.601
0.578
0.545
0.268
0.434
0.084
0.137
0.603
0.524
0.701
0.407
0.281
0.303
0.424
0.218
0.622
0.438
0.639
0.849
0.163
0.202
0.435
0.16
0.022
0.486
0.587
0.279
0.847
0.055
0.286
0.649
0.174
0.533
0.601
0.842
0.272
0.357
0.204
0.679
0.921
0.747
0.583
0.086
0.959
0.2
0.268
0.519
0.793
0.386
0.843
0.0
0.885
0.955
0.839
0.525
0.305
0.049
0.689
0.662
0.339
0.145
0.576
0.845
0.416
0.328
0.156
0.01
0.147
0.608
0.797
0.963
0.551
0.464
0.961
0.398
0.793
0.604
0.149
0.815
0.445
0.179
0.507
0.051
0.986
0.741
0.864
0.755
0.054
0.076
0.599
0.023
0.362
0.876
0.659
0.145
0.629
0.786
0.553
0.706
0.215
0
0.231
0.956
0.745
0.635
0.558
0.334
0.757
0.038
0.186
0.979
0.771
0.363
0.701
0.649
0.132
0.115
0.969
0.729
0.283
0.423
0.947
0.873
0.719
0.821
0.362
0.872
0.556
0.095
0.505
0.982
0.785
0.908
0.11
0.797
0.724
0.086
0.526
0.392
0.858
0.38
0.579
0.175
0.531
0.608
0.397
0.48
0.552
0.773
0.291
0.035
0.125
0.692
0.866
0.443
0.752
0.841
0.02
0.165
0.239
0.115
0.258
0.729
0.912
0.591
0.972
0.047
0.672
0.207
0.993
0.615
0.928
0.259
0.005
0.672
0.724
0.426
0.948
0.667
0.6
0.875
0.782
0.638
0.704
0.714
0.6
0.61
0.383
0.663
0.234
0.634
0.447
0.021
0.996
0.477
0.625
0.521
0.633
0.882
0.465
0.468
0.859
0.352
0.174
0.988
0.265
0.638
0.136
0.986
0.987
0.283
0.653
0.383
0.886
0.266
0.365
0.667
0.129
0.787
0.854
0.403
0.42
0.013
0.918
0.263
0.734
0.722
0.454
0.201
0.358
0.503
0.155
0.619
0.056
0.749
0.961
0.692
0.549
0.195
0.655
0.361
0.388
0.488
0.184
0.761
0.365
0.874
0.321
0.879
0.67
0.153
0.415
0.284
0.034
0.336
0.43
0.749
0.712
0.788
0.918
0.741
0.276
0.342
0.185
0.724
0.618
0.167
0.539
0.443
0.445
0.148
0.697
0.464
0.613
0.83
0
0.07
0.908
0.942
0.311
0.946
0.303
0.504
0.104
0.889
0.572
0.642
0.475
0.238
0.776
0.765
0.52
0.746
0.228
0.802
0.59
0.785
0.373
0.245
0.949
0.265
0.187
0.449
0.366
0.229
0.124
0.063
0.282
0.89
0.177
0.181
0.04
0.991
0.877
0.609
0.947
0.027
0.411
0.261
0.824
0.867
0.467
0.308
0.26
0.697
0.748
0.946
0.965
0.871
0.29
0.614
0.812
0.013
0.909
0.12
0.192
0.225
0.134
0.421
0.616
0.042
0.918
0.705
0.462
0.356
0.597
0.983
0.592
0.015
0.857
0.755
0.849
0.507
0.244
0.624
0.383
0.918
0.348
0.451
0.132
0.7
0.614
0.229
0.088
0.885
0.465
0.716
0.385
0.932
0.028
0.875
0.528
0.483
0.652
0.83
0.523
0.684
0.943
0.937
0.962
0.657
0.666
0.573
0.338
0.111
0.619
0.777
0.109
0.238
0.071
0.472
0.962
0.222
0.278
0.648
0.341
0.155
0.703
0.441
0.123
0.32
0.614
0.773
0.486
0.97
0.743
0.427
0.379
0.161
0.457
0.467
0.817
0.503
0.364
0.324
0.364
0.189
0.848
0.01
0.277
0.461
0.674
0.432
0.592
0.004
0.454
0.767
0.011
0.446
0.711
0.215
0.326
0.304
0.371
0.09
0.38
0.789
0.383
0.992
0.895
0.922
0.252
0.464
0.542
0.637
0.41
0.295
0.76
0.19
0.178
0.155
0.881
0.289
0
0.129
0.64
0.948
0.373
0.955
0.268
0.112
0.693
0.402
0.329
0.456
0.443
0.51
0.454
0.248
0.698
0.576
0.545
0.846
0.732
0.786
0.992
0.207
0.877
0.732
0.315
0.292
0.229
0.945
0.109
0.254
0.443
0.806
0.41
0.858
0.82
0.347
0.018
0.24
0.034
0.104
0.754
0.323
0.338
0.792
0.384
0.869
0.024
0.702
0.731
0.846
0.011
0.791
0.032
0.035
0.16
0.564
0.698
0.067
0.408
0.961
0.556
0.171
0.528
0.982
0.427
0.509
0.524
0.486
0.332
0.057
0.39
0.934
0.668
0.954
0.979
0.431
0.312
0.348
0.714
0.361
0.953
0.968
0.536
0.53
0.67
0.517
0.541
0.757
0.769
0.167
0.283
0.537
0.299
0.827
0.325
0.633
0.783
0.057
0.014
0.334
0.37
0.953
0.146
0.152
0.808
0.971
0.515
0.138
0.511
0.192
0.987
0.539
0.469
0
0.801
0.309
0.953
0.491
0.455
0.766
0.139
0.517
0.023
0.235
0.217
0.766
0.412
0.836
0.435
0.188
0.438
0.148
0.399
0.97
0.857
0.285
0.76
0.526
0.319
0.836
0.314
0.215
0.462
0.75
0.981
0.781
0.948
0.284
0.325
0.611
0.066
0.152
0.589
0.924
0.085
0.134
0.601
0.55
0.923
0.895
0.198
0.37
0.542
0.729
0.23
0.834
0.223
0.543
0.633
0.152
0.55
0.36
0.875
0.753
0.841
0.996
0.595
0.084
0.108
0.048
0.604
0.004
0.897
0.755
0.127
0.717
0.54
0.24
0.04
0.526
0.227
0.271
0.132
0.917
0.8
0.482
0.891
0.284
0.568
0.277
0.614
0.356
0.465
0.046
0.655
0.562
0.64
0.996
0.289
0.427
0.635
0.389
0.04
0.943
0.786
0.804
0.124
0.635
0.008
0.26
0.86
0.161
0.911
0.703
0.029
0.27
0.603
0.9
0.236
0.969
0.039
0.993
0.789
0.505
0.487
0.902
0.181
0.634
0.018
0.71
0.089
0.414
0.853
0.987
0.904
0.461
0.144
0.465
0.493
0.808
0.436
0.017
0.331
0.238
0.523
0.124
0.88
0.281
0.306
0.92
0.792
0.775
0.372
0.033
0.965
0.425
0.699
0.151
0.704
0
0.504
0.213
0.697
0.223
0.357
0.434
0.475
0.877
0.526
0.149
0.144
0.572
0.514
0.959
0.134
0.059
0.514
0.752
0.082
0.872
0.546
0.399
0.305
0.3
0.012
0.689
0.775
0.509
0.499
0.323
0.471
0.038
0.214
0.446
0.543
0.553
0.346
0.388
0.104
0.667
0.766
0.68
0.113
0.974
0.363
0.992
0.641
0.614
0.58
0.145
0.648
0.583
0.2
0.508
0.31
0.109
0.17
0.623
0.248
0.796
0.935
0.848
0.787
0.093
0.369
0.55
0.966
0.497
0.012
0.261
0.937
0.621
0.709
0.417
0.947
0.746
0.178
0.697
0.81
0.955
0.042
0.424
0.712
0.816
0.785
0.843
0.976
0.847
0.956
0.728
0.939
0.124
0.153
0.081
0.62
