0.759
0.443
0.362
0.827
0.262
0.779
0.497
0.148
0.552
0.125
0.695
0.311
0.487
0.448
0.127
0.287
0.202
0.152
0.553
0.742
0.276
0.998
0.327
0.901
0.603
0.44
0.197
0.498
0.111
0.12
0.358
0.328
0.95
0.35
0.061
0.318
0.48
0.305
0.951
0.828
0.876
0.304
0.72
0.411
0.122
0.659
0.1
0.096
0.826
0.568
0.003
0.941
0.515
0.432
0.074
0.304
0.525
0.793
0.511
0.23
0.617
0.003
0.331
0.627
0.563
0.766
0.381
0.669
0.583
0.601
0.799
0.982
0.81
0.114
0.469
0.726
0.844
0.839
0.372
0.141
0.918
0.644
0.45
0.704
0.928
0.798
0.998
0.944
0.142
0.308
0.766
0.182
0.811
0.893
0.287
0.12
0.96
0.336
0.983
0.564
0.622
0.604
0.777
0.654
0.645
0.313
0.422
0.347
0.846
0.286
0.474
0.303
0.597
0.977
0.074
0.806
0
0.452
0.304
0.246
0.91
0.673
0.01
0.866
0.619
0.973
0.028
0.272
0.902
0.411
0.452
0.29
0.858
0.171
0.904
0.404
0.809
0.281
0.912
0.019
0.816
0.322
0.847
0.654
0.178
0.152
0.512
0.707
0.673
0.63
0.528
0.014
0.624
0.293
0.96
0.9
0.976
0.422
0.472
0.233
0.994
0.558
0.892
0.949
0.079
0.171
0.291
0.905
0.146
0.081
0.578
0.005
0.247
0.57
0.254
0.273
0.935
0.32
0.191
0.118
0.711
0.223
0.53
0.106
0.01
0.888
0.895
0.908
0.151
0.889
0.937
0.748
0.416
0.47
0.7
0.46
0.041
0.208
0.925
0.349
0.764
0.237
0.603
0.428
0.252
0.97
0.064
0.322
0.817
0.251
0.962
0.127
0.974
0.083
0.394
0.921
0.728
0.135
0.134
0.933
0.015
0.177
0.332
0.359
0.435
0.886
0.646
0.41
0.686
0.375
0.457
0.531
0.967
0.549
0.765
0.546
0.181
0.047
0.558
0.392
0.192
0.357
0.867
0.031
0.03
0.469
0.22
0.357
0.324
0.048
0.536
0.872
0.728
0.211
0.792
0.568
0.242
0.168
0.805
0.655
0.908
0.326
0.213
0.267
0.072
0.37
0.623
0.833
0.027
0.63
0.795
0.425
0.12
0.354
0.848
0.993
0.718
0.758
0.082
0.523
0.161
0.433
0.588
0.926
0.187
0.058
0.308
0.525
0.766
0.089
0.896
0.449
0.644
0.187
0.737
0.648
0.2
0.405
0.533
0.702
0.562
0.581
0.266
0.731
0.187
0.243
0.076
0.676
0.171
0.621
0.588
0.602
0.622
0.029
0.16
0.463
0.979
0.196
0.649
0.533
0.83
0.773
0.683
0.479
0.369
0.345
0.058
0.305
0.495
0.98
0.804
0.321
0.942
0.423
0.725
0.26
0.476
0.839
0.086
0.973
0.015
0.74
0.325
0.317
0.497
0.604
0.341
0.197
0.972
0.953
0.87
0.411
0.053
0.144
0.744
0.772
0.982
0.187
0.219
0.459
0.38
0.987
0.194
0.523
0.852
0.041
0.369
0.259
0.486
0.418
0.948
0.352
0.87
0.662
0.834
0.433
0.523
0.505
0.256
0.994
0.705
0.346
0.062
0.062
0.981
0.195
0.449
0.998
0.606
0.642
0.501
0.569
0.171
0.216
0.315
0.155
0.355
0.666
0.869
0.947
0.061
0.539
0.162
0.3
0.802
0.474
0.86
0.476
0.345
0.878
0.317
0.672
0.001
0.799
0.933
0.806
0.254
0.864
0.596
0.272
0.218
0.137
0.486
0.556
0.74
0.298
0.046
0.445
0.515
0.317
0.558
0.596
0.764
0.949
0.385
0.419
0.376
0.918
0.204
0.147
0.145
0.505
0.996
0.019
0.503
0.981
0.398
0.73
0.06
0.733
0.463
0.765
0.917
0.64
0.123
0.789
0.941
0.999
0.825
0.806
0.374
0.908
0.186
0.969
0.392
0.242
0.48
0.871
0.688
0.999
0.954
0.61
0.883
0.867
0.532
0.972
0.784
0.743
0.026
0.875
0.882
0.574
0.387
0.97
0.627
0.036
0.223
0.943
0.115
0.432
0.709
0.475
0.917
0.86
0.789
0.879
0.243
0.523
0.078
0.966
0.357
0.099
0.573
0.945
0.114
0.728
0.68
0.968
0.057
0.066
0.809
0.707
0.095
0.241
0.918
0.12
0.151
0.848
0.315
0.772
0.957
0.767
0.084
0.136
0.358
0.027
0.758
0.996
0.038
0.071
0.505
0.089
0.12
0.804
0.775
0.736
0.499
0.882
0.131
0.486
0.369
0.467
0.095
0.996
0.781
0.504
0.91
0.85
0.554
0.949
0.76
0.791
0.813
0.275
0.763
0.045
0.949
0.578
0.465
0.643
0.364
0.001
0.384
0.243
0.799
0.089
0.729
0.316
0.536
0.521
0.738
0.913
0.362
0.618
0.781
0.125
0.672
0.3
0.394
0.706
0.837
0.423
0.281
0.196
0.822
0.895
0.607
0.399
0.567
0.011
0.448
0.707
0.927
0.861
0.01
0.449
0.243
0.363
0.539
0.952
0.595
0.303
0.653
0.33
0.813
0.079
0.414
0.335
0.242
0.184
0.326
0.551
0.5
0.389
0.582
0.692
0.07
0.426
0.355
0.772
0.215
0.35
0.671
0.685
0.081
0.871
0.872
0.044
0.403
0.498
0.581
0.162
0.011
0.671
0.326
0.25
0.684
0.533
0.33
0.37
0.735
0.09
0.198
0.122
0.934
0.284
0.876
0.518
0.16
0.078
0.907
0.583
0.576
0.234
0.035
0.215
0.184
0.15
0.3
0.209
0.011
0.206
0.749
0.252
0.439
0.708
0.943
0.603
0.405
0.48
0.06
0.065
0.424
0.111
0.112
0.545
0.044
0.692
0.439
0.897
0.307
0.549
0.818
0.357
0.526
0.001
0.196
0.292
0.343
0.733
0.529
0.809
0.756
0.068
0.949
0.823
0.167
0.141
0.364
0.553
0.01
0.284
0.073
0.794
0.911
0.705
0.053
0.78
0.216
0.144
0.153
0.147
0.397
0.679
0.495
0.092
0.882
0.285
0.533
0.969
0.616
0.491
0.794
0.987
0.928
0.113
0.794
0.799
0.818
0.102
0.835
0.48
0.82
0.061
0.225
0.921
0
0.058
0.621
0.16
0.175
0.73
0.911
0.927
0.73
0.827
0.857
0.5
0.661
0.756
0.952
0.231
0.775
0.075
0.238
0.008
0.602
0.135
0.834
0.005
0.891
0.61
0.494
0.799
0.751
0.931
0.273
0.131
0.495
0.717
0.123
0.79
0.034
0.617
0.397
0.39
0.815
0.728
0.848
0.851
0.014
0.662
0.397
0.335
0.907
0.237
0.76
0.779
0.42
0.287
0.004
0.98
0.217
0.644
0.473
0.536
0.381
0.738
0.088
0.92
0.46
0.058
0.363
0.864
0.077
0.966
0.863
0.467
0.024
0.209
0.134
0.152
0.988
0.797
0.419
0.709
0.464
0.261
0.359
0.708
0.654
0.071
0.113
0.025
0.441
0.472
0.069
0.392
0.948
0.061
0.197
0.16
0.168
0.258
0.629
0.29
0.855
0.464
0.775
0.188
0.681
0.406
0.443
0.82
0.596
0.535
0.325
0.245
0.285
0.607
0.44
0.842
0.281
0.453
0.569
0.716
0.795
0.253
0.948
0.717
0.451
0.694
0.985
0.577
0.184
0.32
0.985
0.833
0.576
0.635
0.011
0.69
0.235
0.68
0.324
0.056
0.876
0.161
0.028
0.89
0.513
0.788
0.213
0.627
0.261
0.538
0.367
0.752
0.27
0.368
0.85
0.013
0.749
0.589
0.617
0.784
0.674
0.872
0.835
0.419
0.976
0.546
0.002
0.768
0.181
0.591
0.858
0.921
0.844
0.168
0.343
0.943
0.777
0.601
0.381
0.197
0.593
0.113
0.035
0.963
0.356
0.567
0.814
0.662
0.701
0.195
0.033
0.942
0.6
0.285
0.98
0.687
0.863
0.339
0.037
0.392
0.618
0.801
0.595
0.853
0.752
0.707
0.111
0.52
0.416
0.136
0.179
0.585
0
0.837
0.577
0.454
0.61
0.757
0.825
0.913
0.286
0.75
0.362
0.237
0.034
0.772
0.292
0.109
0.051
0.257
0.387
0.903
0.157
0.718
0.033
0.946
0.469
0.425
0.797
0.304
0.908
0.915
0.897
0.227
0.772
0.226
0.602
0.895
0.419
0.655
0.648
0.681
0.851
0.476
0.532
0.287
0.583
0.797
0.085
0.438
0.626
0.662
0.04
0.056
