0.184
0.502
0.276
0.452
0.276
0.793
0.202
0.227
0.7
0.723
0.076
0.339
0.653
0.079
0.894
0.687
0.844
0.088
0.032
0.102
0.397
0.294
0.988
0.448
0.334
0.902
0.327
0.148
0.869
0.195
0.103
0.187
0.201
0.673
0.668
0.446
0.243
0.705
0.231
0.803
0.519
0.27
0.381
0.135
0.226
0.247
0.731
0.145
0.195
0.907
0.054
0.045
0.561
0.307
0.694
0.299
0.968
0.304
0.606
0.776
0.749
0.732
0.719
0.556
0.68
0.445
0.583
0.647
0.145
0.067
0.889
0.018
0.022
0.229
0.341
0.448
0.634
0.903
0.849
0.127
0.855
0.774
0.555
0.05
0.828
0.824
0.991
0.041
0.496
0.381
0.562
0.414
0.328
0.938
0.745
0.937
0.895
0.477
0.026
0.627
0.693
0.383
0.223
0.393
0.936
0.974
0.981
0.171
0.447
0.397
0.819
0.359
0.995
0.537
0.763
0.426
0.651
0.626
0.384
0.51
0.361
0.387
0.989
0.533
0.772
0.727
0.126
0.5
0.367
0.459
0.714
0.949
0.636
0.375
0.885
0.863
0.808
0.296
0.967
0.214
0.73
0.124
0.732
0.399
0.088
0.616
0.498
0.9
0.765
0.298
0.75
0.239
0.545
0.462
0.441
0.353
0.33
0.013
0.906
0.195
0.267
0.489
0.719
0.169
0.717
0.827
0.2
0.851
0.483
0.933
0.284
0.894
0.749
0.333
0.289
0.711
0.397
0.631
0.118
0.197
0.88
0.372
0.699
0.826
0.645
0.797
0.587
0.548
0.243
0.202
0.875
0.464
0.191
0.9
0.233
0.525
0.831
0.873
0.709
0.299
0.453
0.184
0.865
0.683
0.181
0.861
0.386
0.333
0.036
0.776
0.807
0.311
0.39
0.974
0.142
0.455
0.553
0.627
0.663
0.587
0.887
0.999
0.641
0.352
0.586
0.526
0.014
0.579
0.485
0.18
0.403
0.369
0.312
0.597
0.149
0.365
0.618
0.38
0.64
0.145
0.556
0.986
0.616
0.449
0.632
0.496
0.315
0.541
0.349
0.314
0.813
0.099
0.888
0.595
0.287
0.779
0.492
0.298
0.975
0.61
0.816
0.118
0.573
0.386
0.355
0.1
0.641
0.586
0.814
0.354
0.484
0.133
0.707
0.515
0.833
0.258
0.087
0.437
0.076
0.124
0.082
0.508
0.299
0.628
0.965
0.217
0.401
0.539
0.471
0.922
0.684
0.022
0.53
0.47
0.604
0.658
0.031
0.227
0.576
0.761
0.963
0.708
0.408
0.951
0.783
0.246
0.454
0.745
0.812
0.091
0.559
0.776
0.203
0.609
0.224
0.339
0.225
0.925
0.186
0.511
0.505
0.193
0.191
0.561
0.452
0.465
0.237
0.464
0.089
0.642
0.872
0.698
0.763
0.656
0.126
0.29
0.553
0.915
0.811
0.631
0.532
0.332
0.135
0.335
0.132
0.801
0.504
0.116
0.477
0.172
0.585
0.753
0.742
0.409
0.728
0.861
0.49
0.785
0.7
0.039
0.136
0.959
0.962
0.785
0.8
0.68
0.045
0.921
0.677
0.347
0.672
0.965
0.523
0.173
0.981
0.4
0.634
0.35
0.739
0.564
0.151
0.133
0.755
0.87
0.924
0.757
0.614
0.393
0.937
0.836
0.916
0.589
0.433
0.159
0.499
0.787
0.036
0.138
0.668
0.58
0.738
0.5
0.817
0.671
0.54
0.506
0.209
0.371
0.377
0.767
0.136
0.588
0.178
0.781
0.558
0.333
0.983
0.768
0.49
0.019
0.382
0.626
0.286
0.136
0.736
0.594
0.258
0.068
0.975
0.457
0.816
0.947
0.114
0.381
0.177
0.822
0.081
0.767
0.942
0.296
0.244
0.764
0.035
0.984
0.946
0.369
0.012
0.693
0.923
0.017
0.731
0.548
0.043
0.908
0.528
0.56
0.591
0.012
0.615
0.634
0.711
0.21
0.524
0.709
0.456
0.793
0.57
0.905
0.989
0.289
0.771
0.602
0.38
0.317
0.425
0.845
0.009
0.269
0.767
0.932
0.991
0.767
0.963
0.732
0.352
0.378
0.329
0.351
0.58
0.229
0.235
0.106
0.364
0.414
0.353
0.352
0.087
0.585
0.227
0.608
0.415
0.814
0.348
0.222
0.57
0.604
0.901
0.303
0.0
0.967
0.198
0.708
0.164
0.137
0.29
0.182
0.856
0.554
0.909
0.194
0.767
0.404
0.625
0
0.018
0.545
0.694
0.742
0.924
0.455
0.141
0.89
0.34
0.661
0.608
0.159
0.409
0.496
0.151
0.329
0.376
0.299
0.203
0.65
0.305
0.027
0.564
0.965
0.342
0.76
0.823
0.657
0.903
0.845
0.829
0.401
0.801
0.394
0.896
0.18
0.614
0.192
0.957
0.409
0.373
0.619
0.95
0.951
0.085
0.264
0.176
0.694
0.006
0.576
0.389
0.915
0.438
0.699
0.752
0.203
0.883
0.177
0.258
0.07
0.085
0.948
0.028
0.574
0.129
0.378
0.037
0.659
0.075
0.572
0.792
0.04
0.298
0.958
0.132
0.601
0.653
0.306
0.173
0.682
0.031
0.891
0.523
0.216
0.064
0.749
0.3
0.784
0.191
0.229
0.468
0.828
0.076
0.43
0.187
0.147
0.396
0.137
0.634
0.033
0.877
0.798
0.609
0.751
0.556
0.552
0.825
0.211
0.604
0.256
0.067
0.122
0.233
0.266
0.451
0.001
0.947
0.781
0.333
0.169
0.941
0.158
0.461
0.253
0.687
0.019
0.324
0.504
0.277
0.297
0.142
0.455
0.744
0.685
0.281
0.941
0.349
0.536
0
0.976
0.843
0.888
0.672
0.312
0.643
0.436
0.898
0.427
0.859
0.51
0.794
0.803
0.331
0.182
0.754
0.707
0.351
0.746
0.754
0.824
0.556
0.149
0.699
0.916
0.376
0.732
0.48
0.421
0.913
0.643
0.163
0.062
0.741
0.234
0.852
0.637
0.413
0.562
0.557
0.795
0.401
0.14
0.939
0.701
0.153
0.72
0.081
0.669
0.639
0.022
0.708
0.452
0.011
0.637
0.047
0.207
0.927
0.881
0.183
0.811
0.365
0.519
0.291
0.886
0.475
0.416
0.594
0.181
0.922
0.697
0.022
0.356
0.351
0.703
0.552
0.442
0.706
0.876
0.741
0.734
0.235
0.046
0.313
0.05
0.682
0.94
0.184
0.057
0.281
0.847
0.063
0.044
0.388
0.472
0.236
0.198
0.779
0.897
0.702
0.697
0.6
0.174
0.58
0.601
0.907
0.458
0.045
0.275
0.944
0.199
0.956
0.189
0.361
0.57
0.963
0.803
0.163
0.757
0.801
0.971
0.359
0.762
0.261
0.601
0.351
0.4
0.585
0.365
0.169
0.708
0.932
0.97
0.331
0.41
0.612
0.246
0.368
0.167
0.466
0.788
0.015
0.363
0.622
0.066
0.866
0.203
0.824
0.553
0.441
0.034
0.834
0.836
0.81
0.134
0.037
0.158
0.961
0.451
0.109
0.114
0.558
0.364
0.247
0.154
0.165
0.487
0.929
0.932
0.012
0.285
0.662
0.359
0.515
0.417
0.903
0.851
0.779
0.81
0.142
0.143
0.978
0.565
0.872
0.617
0.065
0.077
0.333
0.416
0.062
0.838
0.861
0.64
0.966
0.559
0.234
0.49
0.703
0.044
0.96
0.23
0.657
0.296
0.447
0.002
0.378
0.622
0.453
0.439
0.023
0.761
0.206
0.565
0.867
0.682
0.404
0.023
0.805
0.269
0.575
0.699
0.9
0.7
0.807
0.416
0.78
0.567
0.888
0.679
0.862
0.341
0.053
0.304
0.323
0.554
0.809
0.208
0.369
0.88
0.262
0.297
0.398
0.928
0.237
0.886
0.175
0.254
0.952
0.418
0.447
0.709
0.05
0.68
0.676
0.714
0.543
0.486
0.256
0.09
0.896
0.464
0.605
0.052
0.225
0.998
0.194
0.4
0.024
0.042
0.629
0.649
0.83
0.921
0.971
0.288
0.021
0.029
0.107
0.532
0.513
0.934
0.531
0.731
0.194
0.215
0.686
0.266
0.284
0.043
0.029
0.055
0.549
0.968
0.58
0.605
0.328
0.587
0.798
0.345
0.872
0.552
0.237
0.959
0.824
0.462
0.179
0.901
0.984
0.337
0.937
0.72
0.913
0.354
0.468
0.012
0.689
0.328
0.676
0.68
0.066
0.07
0.698
0.798
0.759
0.403
0.254
0.851
0.978
0.3
0.449
0.127
0.685
0.691
0.944
0.441
0.637
0.219
