0.256
0.786
0.825
0.224
0.506
0.012
0.359
0.29
0.353
0.53
0.425
0.434
0.768
0.693
0.278
0.715
0.738
0.828
0.808
0.798
0.347
0.836
0.79
0.675
0.724
0.602
0.039
0.765
0.859
0.13
0.415
0.096
0.282
0.927
0.24
0.003
0.586
0.614
0.815
0.614
0.831
0.428
0.537
0.625
0.77
0.011
0.411
0.239
0.069
0.851
0.952
0.321
0.341
0.015
0.389
0.132
0.148
0.464
0.024
0.25
0.388
0.081
0.864
0.258
0.865
0.864
0.799
0.524
0.632
0.042
0.051
0.995
0.038
0.788
0.2
0.224
0.192
0.293
0.508
0.745
0.699
0.364
0.239
0.478
0.729
0.529
0.572
0.097
0.534
0.807
0.961
0.694
0.654
0.799
0.553
0.849
0.901
0.456
0.657
0.576
0.301
0.714
0.69
0.674
0.999
0.062
0.505
0.808
0.306
0.882
0.883
0.777
0.95
0.284
0.886
0.2
0.427
0.603
0.079
0.167
0.159
0.157
0.823
0.265
0.606
0.383
0.001
0.605
0.023
0.775
0.234
0.126
0.504
0.651
0.823
0.978
0.38
0.068
0.834
0.361
0.038
0.714
0.056
0.324
0.853
0.829
0.249
0.747
0.734
0.584
0.096
0.45
0.837
0.148
0.362
0.904
0.571
0.43
0.93
0.306
0.22
0.91
0
0.604
0.627
0.596
0.072
0.419
0.075
0.633
0.667
0.929
0.165
0.202
0.216
0.209
0.895
0.696
0.119
0.388
0.624
0.562
0.632
0.432
0.46
0.268
0.555
0.6
0.366
0.772
0.621
0.505
0.652
0.665
0.63
0.851
0.743
0.53
0.8
0.381
0.072
0.056
0.816
0.373
0.86
0.441
0.308
0.884
0.368
0.618
0.326
0.573
0.99
0.935
0.566
0.905
0.162
0.324
0.379
0.557
0.734
0.084
0.934
0.712
0.268
0.7
0.973
0.338
0.448
0.969
0.273
0
0.732
0.892
0.802
0.407
0.706
0.663
0.242
0.982
0.127
0.598
0.713
0.802
0.765
0.914
0.503
0.853
0.505
0.398
0.46
0.281
0.406
0.34
0.341
0.598
0.631
0.879
0.5
0.531
0.667
0.196
0.933
0.509
0.23
0.017
0.538
0.573
0.219
0.615
0.733
0.432
0.3
0.961
0.897
0.946
0.864
0.981
0.141
0.726
0.479
0.608
0.409
0.417
0.25
0.134
0.79
0.295
0.304
0.693
0.572
0.894
0.542
0.023
0.222
0.802
0.729
0.645
0.723
0.207
0.916
0.715
0.863
0.091
0.908
0.492
0.461
0.941
0.037
0.361
0.521
0.519
0.307
0.357
0.756
0.109
0.069
0.896
0.072
0.789
0.126
0.623
0.572
0.511
0.619
0.753
0.986
0.187
0.337
0.269
0.783
0.23
0.664
0.772
0.908
0.817
0.145
0.213
0.538
0.927
0.189
0.521
0.872
0.78
0.736
0.722
0.947
0.054
0.092
0.285
0.792
0.915
0.668
0.091
0.242
0.654
0.311
0.721
0.403
0.305
0.806
0.986
0.07
0.522
0.148
0.309
0.253
0.566
0.851
0.144
0.768
0.462
0.754
0.862
0.55
0.941
0.039
0.068
0.662
0.55
0.972
0.715
0.696
0.79
0.401
0.368
0.188
0.746
0.736
0.457
0.712
0.309
0.785
0.954
0.249
0.701
0.121
0.614
0.669
0.852
0.506
0.46
0.377
0.281
0.059
0.835
0.033
0.469
0.055
0.762
0.67
0.665
0.247
0.906
0.997
0.141
0.873
0.939
0.722
0.875
0.04
0.63
0.958
0.376
0.517
0.981
0.049
0.574
0.786
0.367
0.049
0.036
0.244
0.549
0.979
0.125
0.89
0.194
0.193
0.869
0.693
0.517
0.287
0.314
0.379
0.009
0.606
0.988
0.757
0
0.629
0.355
0.289
0.1
0.068
0.969
0.774
0.393
0.468
0.551
0.661
0.997
0.284
0.588
0.645
0.896
0.459
0.816
0.433
0.932
0.449
0.582
0.586
0.916
0.276
0.592
0.04
0.746
0.29
0.086
0.441
0.543
0.313
0.731
0.172
0.21
0.587
0.23
0.743
0.921
0.337
0.701
0.33
0.219
0.204
0.413
0.637
0.948
0.964
0.76
0.426
0.823
0.41
0.633
0.807
0.689
0.994
0.532
0.94
0.221
0.495
0.609
0.922
0.043
0.664
0.278
0.544
0.76
0.787
0.253
0.808
0.372
0.524
0.459
0.941
0.096
0.977
0.911
0.796
0.498
0.306
0.304
0.779
0.7
0.979
0.047
0.943
0.585
0.497
0.761
0.957
0.808
0.369
0.84
0.356
0.997
0.219
0.618
0.479
0.077
0.755
0.734
0.416
0.713
0.457
0.468
0.993
0.372
0.38
0.835
0.107
0.44
0.778
0.583
0.324
0.209
0.542
0.05
0.723
0.72
0.464
0.827
0.094
0.939
0.215
0.635
0.594
0.257
0.187
0.326
0.049
0.517
0.213
0.197
0.501
0.261
0.979
0.265
0.282
0.226
0.035
0.384
0.426
0.528
0.274
0.58
0.299
0.914
0.548
0.501
0.818
0.355
0.173
0.2
0.857
0.953
0.664
0.884
0.597
0.416
0.564
0.324
0.86
0.178
0.543
0.227
0.353
0.204
0.674
0.329
0.31
0.878
0.183
0.47
0.658
0.394
0.933
0.069
0.541
0.715
0.439
0.062
0.544
0.267
0.975
0.699
0.315
0.283
0.19
0.746
0.475
0.809
0.281
0.546
0.345
0.494
0.059
0.142
0.76
0.615
0.485
0.924
0.481
0.074
0.324
0.095
0.16
0.368
0.28
0.619
0.533
0.978
0.401
0.458
0.933
0.107
0.215
0.018
0.379
0.35
0.817
0.209
0.211
0.121
0.561
0.775
0.973
0.786
0.933
0.446
0.061
0.35
0.12
0.948
0.915
0
0.931
0.697
0.033
0.864
0.892
0.529
0.788
0.807
0.712
0.685
0.051
0.629
0.18
0.406
0.48
0.506
0.2
0.534
0.507
0.703
0.897
0
0.627
0.312
0.653
0.529
0.245
0.181
0.344
0.165
0.529
0.273
0.272
0.332
0.249
0.649
0.948
0.929
0.646
0.512
0.525
0.377
0.781
0.911
0.64
0.239
0.471
0.795
0.508
0.922
0.106
0.656
0.909
0.831
0.131
0.908
0.355
0.774
0.785
0.253
0.274
0.668
0.566
0.892
0.004
0.585
0.461
0.994
0.135
0.476
0.212
0.614
0.835
0.048
0.54
0.956
0.672
0.349
0.318
0.734
0.886
0.038
0.424
0.098
0.815
0.224
0.254
0.296
0.344
0.557
0.963
0.901
0.859
0.037
0.813
0.562
0.688
0.605
0.259
0.431
0.034
0.188
0.061
0.046
0.624
0.448
0.41
0.524
0.432
0.079
0.194
0.937
0.474
0.376
0.77
0.009
0.387
0.002
0.872
0.117
0.444
0.004
0.753
0.791
0.345
0.487
0.245
0.409
0.511
0.068
0.951
0.489
0.622
0.855
0.425
0.491
0.812
0.994
0.278
0.602
0.201
0.166
0.472
0.264
0.015
0.259
0.418
0.876
0.883
0.506
0.514
0.072
0.147
0.503
0.661
0.207
0.21
0.826
0.261
0.411
0.056
0.15
0.996
0.267
0.433
0.986
0.283
0.657
0.523
0.873
0.948
0.529
0.878
0.818
0.295
0.908
0.431
0.55
0.268
0.733
0.394
0.33
0.561
0.732
0.972
0.747
0.235
0.943
0.274
0.115
0.599
0.81
0.015
0.664
0.2
0.122
0.307
0.096
0.869
0.643
0.773
0.793
0.979
0.156
0.059
0.213
0.291
0.404
0.282
0.935
0.508
0.372
0.533
0.21
0.523
0.786
0.438
0.109
0.617
0.392
0.032
0.903
0.142
0.15
0.159
0.173
0.962
0.888
0.901
0.835
0.363
0.478
0.102
0.532
0.635
0.57
0.416
0.514
0.019
0.814
0.039
0.965
0.742
0.621
0.188
0.568
0.437
0.922
0.478
0.165
0.808
0.224
0.571
0.423
0.603
0.323
0.036
0.557
0.259
0.081
0.859
0.121
0.316
0.299
0.378
0.104
0.469
0.629
0.074
0.058
0.606
0.553
0.736
0.723
0.455
0.239
0.298
0.319
0.156
0.805
0.112
0.35
0.765
0.259
0.747
0.87
0.228
0.686
0.443
0.864
0.746
0.795
0.721
0.34
0.943
0.393
0.027
0.802
0.363
0.667
0.382
0.792
0.172
0.808
0.642
0.775
0.58
0.591
0.547
0.139
0.003
0.423
0.408
0.746
