0.209
0.019
0.238
0.688
0.734
0.839
0.031
0.316
0.221
0.634
0.645
0.591
0.431
0.054
0.125
0.498
0.156
0.038
0.403
0.201
0.547
0.241
0.232
0.475
0.65
0.242
0.674
0.99
0.432
0.064
0.133
0.513
0.597
0.501
0.383
0.265
0.243
0.504
0.439
0.874
0.529
0.785
0.487
0.233
0.494
0.111
0.86
0.022
0.186
0.302
0.739
0.999
0.662
0.104
0.77
0.206
0.265
0.649
0.712
0.721
0.918
0.268
0.682
0.932
0.251
0.94
0.732
0.532
0.301
0.874
0.631
0.397
0.948
0.289
0.596
0.245
0.561
0.737
0.846
0.176
0.041
0.363
0.786
0.209
0.989
0.319
0.088
0.8
0.679
0.252
0.056
0.514
0.89
0.0
0.996
0.904
0.997
0.931
0.315
0.732
0.752
0.998
0.266
0.211
0.694
0.901
0.169
0.224
0.242
0.355
0.948
0.123
0.545
0.226
0.14
0.786
0.898
0.65
0.028
0.959
0.1
0.896
0.1
0.85
0.49
0.822
0.574
0.995
0.535
0.776
0.881
0.27
0.419
0.429
0.524
0.27
0.77
0.873
0.624
0.18
0.047
0.214
0.021
0.448
0.664
0.633
0.47
0.855
0.508
0.874
0.979
0.936
0.821
0.217
0.932
0.267
0.387
0.213
0.604
0.381
0.831
0.941
0.79
0.158
0.996
0.756
0.822
0.875
0.178
0.796
0.629
0.853
0.307
0.165
0.081
0.486
0.52
0.825
0.137
0.155
0.26
0.261
0.624
0.837
0.68
0.162
0.504
0.671
0.722
0.986
0.346
0.566
0.924
0.315
0.275
0.385
0.589
0.277
0.664
0.805
0.084
0.834
0.615
0.331
0.778
0.862
0.913
0.226
0.247
0.975
0.541
0.317
0.726
0.182
0.085
0.605
0.5
0.573
0.748
0.127
0.297
0.858
0.208
0.594
0.231
0.646
0.343
0.106
0.263
0.837
0.364
0.804
0.393
0.785
0.463
0.477
0.054
0.998
0.043
0.976
0.701
0.62
0.936
0.844
0.39
0.548
0.738
0.792
0.745
0.125
0.375
0.083
0.77
0.646
0.648
0.245
0.579
0.886
0.492
0.041
0.528
0.137
0.998
0.588
0.766
0.793
0.267
0.539
0.377
0.391
0.026
0.103
0.462
0.525
0.604
0.863
0.403
0.39
0.695
0.67
0.276
0.22
0.777
0.612
0.826
0.46
0.585
0.379
0.325
0.662
0.256
0.857
0.3
0.88
0.136
0.587
0.585
0.713
0.522
0.611
0.228
0.978
0.745
0.801
0.419
0.504
0.501
0.351
0.149
0.483
0.673
0.911
0.968
0.316
0.143
0.426
0.887
0.342
0.069
0.747
0.971
0.823
0.956
0.043
0.276
0.398
0.652
0.632
0.64
0.025
0.148
0.379
0.721
0.372
0.291
0.663
0.069
0.754
0.503
0.548
0.724
0.105
0.26
0.002
0.039
0.33
0.022
0.552
0.326
0.221
0.175
0.09
0.027
0.701
0.544
0.953
0.812
0.489
0.77
0.364
0.264
0.893
0.607
0.001
0.321
0.502
0.546
0.917
0.703
0.69
0.337
0.28
0.979
0.259
0.681
0.392
0.512
0.199
0.222
0.284
0.02
0.979
0.648
0.177
0.665
0.904
0.914
0.718
0.5
0.235
0.381
0.269
0.618
0.571
0.642
0.358
0.563
0.281
0.357
0.679
0.976
0.821
0.223
0.199
0.45
0.825
0.112
0.336
0.552
0.596
0.702
0.898
0.36
0.908
0.292
0.462
0.049
0.99
0.709
0.318
0.396
0.975
0.484
0.182
0.807
0.311
0.564
0.389
0.97
0.2
0.291
0.773
0.51
0.601
0.881
0.858
0.102
0.852
0.141
0.717
0.028
0.923
0.495
0.744
0.364
0.547
0.326
0.218
0.448
0.937
0.67
0.757
0.901
0.415
0.795
0.093
0.22
0.38
0.132
0.155
0.748
0.169
0.933
0.522
0.626
0.102
0.393
0.092
0.233
0.917
0.28
0.474
0.033
0.594
0.811
0.684
0.238
0.634
0.648
0.896
0.197
0.111
0.703
0.867
0.557
0.186
0.511
0.007
0.476
0.609
0.354
0.697
0.617
0.39
0.998
0.155
0.04
0.332
0.116
0.357
0.967
0.935
0.049
0.184
0.226
0.626
0.143
0.693
0.994
0.741
0.036
0.253
0.027
0.644
0.805
0.586
0.943
0.56
0.853
0.414
0.165
0.22
0.417
0.215
0.589
0.938
0.152
0.81
0.343
0.765
0.531
0.325
0.175
0.763
0.56
0.225
0.39
0.997
0.721
0.305
0.568
0.125
0.106
0.54
0.967
0.433
0.212
0.74
0.757
0.398
0.09
0.058
0.881
0.745
0.239
0.355
0.036
0.836
0.445
0.852
0.936
0.724
0.431
0.298
0.594
0.241
0.831
0.823
0.871
0.748
0.105
0.969
0.696
0.172
0.783
0.984
0.564
0.155
0.15
0.019
0.987
0.359
0.489
0.013
0.715
0.659
0.215
0.624
0.864
0.118
0.235
0.737
0.452
0.163
0.168
0.133
0.3
0.848
0.336
0.939
0.183
0.928
0.241
0.365
0.898
0.346
0.603
0.62
0.38
0.086
0.28
0.709
0.685
0.32
0.422
0.686
0.856
0.88
0.505
0.314
0.039
0.591
0.079
0.612
0.46
0.248
0.377
0.302
0.452
0.288
0.912
0.524
0.901
0.828
0.929
0.245
0.295
0.86
0.961
0.384
0.82
0.391
0.525
0.39
0.847
0.277
0.356
0.948
0.098
0.916
0.5
0.884
0.991
0.09
0.381
0.516
0.957
0.78
0.79
0.495
0.546
0.193
0.669
0.878
0.079
0.228
0.338
0.439
0.043
0.106
0.874
0.903
0.801
0.351
0.108
0.889
0.435
0.267
0.194
0.816
0.162
0.611
0.537
0.627
0.75
0.199
0.302
0.788
0.147
0.936
0.647
0.707
0.312
0.97
0.122
0.855
0.533
0.938
0.328
0.814
0.365
0.283
0.297
0.51
0.286
0.264
0.658
0.569
0.116
0.185
0.181
0.272
0.42
0.791
0.876
0.24
0.414
0.642
0.616
0.31
0.131
0.292
0.428
0.698
0.789
0.519
0.116
0.603
0.128
0.505
0.01
0.127
0.311
0.245
0.574
0.351
0.964
0.799
0.775
0.878
0.005
0.546
0.77
0.035
0.031
0.52
0.088
0.604
0.04
0.847
0.054
0.315
0.571
0.034
0.583
0.848
0.049
0.455
0.728
0.477
0.191
0.315
0.265
0.511
0.292
0.059
0.438
0.51
0.011
0.951
0.283
0.399
0.348
0.045
0.083
0.749
0.25
0.727
0.682
0.297
0.715
0.569
0.471
0.074
0.865
0.95
0.8
0.377
0.654
0.187
0.618
0.339
0.17
0.484
0.954
0.356
0.57
0.515
0.597
0.273
0.426
0.559
0.149
0.991
0.194
0.019
0.44
0.388
0.339
0.741
0.637
0.993
0.088
0.547
0.217
0.207
0.975
0.535
0.341
0.607
0.896
0.898
0.15
0.897
0.128
0.049
0.06
0.361
0.034
0.065
0.209
0.343
0.455
0.537
0.118
0.207
0.432
0.596
0.556
0.609
0.529
0.803
0.797
0.885
0.993
0.773
0.087
0.176
0.356
0.467
0.022
0.082
0.386
0.067
0.116
0.728
0.912
0.088
0.099
0.845
0.48
0.285
0.5
0.588
0.377
0.285
0.451
0.369
0.922
0.9
0.945
0.383
0.864
0.598
0.527
0.579
0.083
0.474
0.677
0.194
0.866
0.771
0.231
0.294
0.092
0.857
0.03
0.918
0.256
0.92
0.066
0.406
0.646
0.508
0.768
0.934
0.021
0.738
0.229
0.559
0.84
0.798
0.14
0.154
0.257
0.59
0.959
0.4
0.442
0.347
0.333
0.978
0.767
0.381
0.172
0.739
0.653
0.721
0.794
0.863
0.737
0.752
0.628
0.98
0.761
0.265
0.231
0.887
0.5
0.491
0.373
0.104
0.279
0.652
0.222
0.062
0.451
0.676
0.611
0.2
0.735
0.468
0.471
0.011
0.727
0.592
0.666
0.776
0.802
0.979
0.603
0.057
0.747
0.771
0.514
0.583
0.887
0.741
0.926
0.025
0.199
0.34
0.882
0.023
0.642
0.155
0.979
0.43
0.017
0.429
0.49
0.529
0.61
0.139
0.989
0.431
0.382
0.827
0.226
0.228
0.122
0.052
0.919
0.735
0.797
0.945
0.491
0.618
0.953
0.418
0.088
0.415
0.892
0.796
0.583
0.451
0.233
0.627
0.054
0.901
