0.164
0.24
0.997
0.566
0.581
0.733
0.359
0.423
0.766
0.214
0.199
0.353
0.241
0.894
0.487
0.641
0.124
0.383
0.841
0.768
0.209
0.84
0.722
0.593
0.13
0.121
0.226
0.441
0.966
0.036
0.86
0.524
0.183
0.312
0.251
0.264
0.767
0.546
0.979
0.794
0.459
0.387
0.976
0.765
0.203
0.503
0.063
0.185
0.039
0.583
0.233
0.653
0.629
0.356
0.289
0.002
0.284
0.197
0.924
0.066
0.322
0.305
0.994
0.981
0.431
0.119
0.814
0.519
0.318
0.802
0.235
0.78
0.212
0.371
0.855
0.013
0.488
0.049
0.438
0.48
0.539
0.347
0.467
0.86
0.666
0.85
0.655
0.166
0.506
0.323
0.127
0.755
0.202
0.785
0.52
0.685
0.73
0.155
0.719
0.306
0.4
0.31
0.095
0.048
0.379
0.118
0.732
0.782
0.797
0.156
0.651
0.753
0.188
0.264
0.374
0.968
0.925
0.209
0.147
0.761
0.727
0.455
0.356
0.283
0.824
0.925
0.824
0.968
0.889
0.719
0.61
0.86
0.554
0.788
0.849
0.06
0.807
0.945
0.444
0.299
0.465
0.61
0.505
0.966
0.756
0.649
0.1
0.748
0.71
0.691
0.158
0.753
0.181
0.875
0.418
0.957
0.653
0.013
0.828
0.094
0.019
0.42
0.072
0.936
0.528
0.028
0.011
0.054
0.554
0.546
0.0
0.084
0.63
0.902
0.723
0.463
0.11
0.653
1.0
0.674
0.006
0.705
0.284
0.451
0.726
0.888
0.293
0.087
0.015
0.386
0.467
0.531
0.018
0.32
0.768
0.089
0.63
0.056
0.05
0.106
0.69
0.031
0.163
0.521
0.205
0.474
0.037
0.378
0.971
0.413
0.466
0.306
0.704
0.722
0.609
0.936
0.748
0.678
0.413
0.794
0.05
0.265
0.056
0.303
0.339
0.685
0.401
0.863
0.657
0.316
0.887
0.978
0.824
0.129
0.331
0.817
0.363
0.69
0.527
0.951
0.95
0.86
0.408
0.348
0.26
0.884
0.321
0.457
0.101
0.515
0.833
0.425
0.519
0.779
0.2
0.076
0.905
0.375
0.67
0.886
0.266
0.559
0.208
0.659
0.671
0.203
0.846
0.785
0.56
0.658
0.598
0.505
0.96
0.213
0.27
0.493
0.833
0.153
0.01
0.064
0.573
0.659
0.967
0.983
0.709
0.142
0.349
0.8
0.92
0.398
0.06
0.027
0.602
0.174
0.749
0.699
0.084
0.702
0.836
0.028
0.993
0.061
0.6
0.959
0.174
0.884
0.296
0.846
0.189
0.397
0.747
0.44
0.237
0.967
0.134
0.633
0.042
0.934
0.121
0.581
0.692
0.491
0.66
0.313
0.561
0.415
0.861
0.891
0.833
0.859
0.572
0.181
0.077
0.393
0.022
0.719
0.918
0.818
0.789
0.091
0.707
0.013
0.976
0.043
0.252
0.37
0.731
0.415
0.677
0.993
0.563
0.894
0.597
0.465
0.074
0.558
0.215
0.853
0.762
0.855
0.101
0.806
0.141
0.754
0.252
0.16
0.794
0.624
0.905
0.716
0.076
0.991
0.139
0.439
0.702
0.082
0.885
0.442
0.035
0.379
0.909
0.422
0.238
0.307
0.491
0.086
0.978
0.091
0.168
0.227
0.271
0.08
0.733
0.452
0.151
0.59
0.639
0.502
0.193
0.631
0.589
0.269
0.743
0.49
0.673
0.68
0.35
0.735
0.529
0.983
0.53
0.011
0.349
0.223
0.946
0.628
0.055
0.8
0.922
0.522
0.195
0.04
0.576
0.284
0.36
0.985
0.969
0.798
0.558
0.943
0.721
0.324
0.183
0.258
0.0
0.089
0.584
0.275
0.659
0.032
0.282
0.667
0.589
0.484
0.886
0.903
0.649
0.261
0.339
0.431
0.432
0.24
0.721
0.99
0.585
0.024
0.619
0.41
0.778
0.846
0.918
0.724
0.267
0.052
0.98
0.043
0.029
0.597
0.199
0.691
0.371
0.624
0.337
0.117
0.188
0.943
0.57
0.334
0.951
0.134
0.247
0.292
0.934
0.74
0.285
0.617
0.268
0.585
0.798
0.131
0.705
0.235
0.707
0.624
0.219
0.68
0.664
0.155
0.919
0.352
0.673
0.379
0.127
0.206
0.351
0.472
0.699
0.86
0.734
0.003
0.433
0.029
0.873
0.952
0.405
0.19
0.547
0.187
0.943
0.691
0.585
0.646
0.911
0.745
0.366
0.275
0.737
0.241
0.278
0.891
0.126
0.0
0.547
0.509
0.281
0.213
0.415
0.891
0.822
0.918
0.641
0.677
0.341
0.572
0.47
0.348
0.571
0.531
0.572
0.982
0.604
0.032
0.469
0.989
0.366
0.18
0.027
0.089
0.23
0.991
0.523
0.898
0.28
0.49
0.841
0.221
0.798
0.342
0.319
0.912
0.575
0.49
0.925
0.577
0.011
0.734
0.143
0.362
0.371
0.139
0.637
0.908
0.74
0.244
0.957
0.753
0.247
0.788
0.588
0.977
0.842
0.393
0.8
0.108
0.044
0.527
0.858
0.206
0.517
0.202
0.745
0.043
0.198
0.252
0.281
0.068
0.756
0.122
0.227
0.864
0.158
0.777
0.721
0.94
0.799
0.727
0.966
0.518
0.774
0.154
0.425
0.896
0.003
0.831
0.044
0.719
0.484
0.603
0.072
0.687
0.324
0.223
0.502
0.556
0.983
0.579
0.566
0.981
0.265
0.81
0.966
0.071
0.513
0.045
0.748
0.402
0.863
0.728
0.241
0.502
0.146
0.965
0.383
0.753
0.349
0.438
0.938
0.106
0.2
0.606
0.532
0.482
0.026
0.44
0.459
0.168
0.932
0.679
0.684
0.686
0.947
0.628
0.816
0.988
0.645
0.316
0.943
0.451
0.692
0.588
0.359
0.326
0.629
0.889
0.706
0.996
0.576
0.906
0.056
0.073
0.484
0.286
0.862
0.797
0.534
0.258
0.988
0.797
0.517
0.428
0.615
0.174
0.015
0.703
0.519
0.108
0.853
0.111
0.325
0.479
0.869
0.603
0.228
0.086
0.822
0.501
0.08
0.427
0.599
0.125
0.355
0.161
0.901
0.909
0.795
0.61
0.709
0.172
0.229
0.059
0.844
0.76
0.948
0.237
0.276
0.946
0.453
0.145
0.533
0.543
0.1
0.231
0.571
0.372
0.72
0.028
0.783
0.753
0.51
0.353
0.201
0.54
0.495
0.617
0.22
0.537
0.413
0.712
0.403
0.47
0.804
0.05
0.206
0.708
0.106
0.425
0.314
0.309
0.953
0.49
0.094
0.975
0.865
0.674
0.008
0.262
0.861
0.661
0.62
0.285
0.675
0.903
0.79
0.566
0.397
0.773
0.138
0.669
0.556
0.942
0.953
0.868
0.602
0.375
0.114
0.976
0.259
0.848
0.727
0.458
0.982
0.677
0.6
0.633
0.431
0.135
0.125
0.032
0.388
0.385
0.495
0.852
0.35
0.776
0.204
0.492
0.191
0.217
0.971
0.448
0.239
0.802
0.276
0.824
0.875
0.843
0.229
0.381
0.224
0.351
0.359
0.495
0.16
0.04
0.708
0.401
0.886
0.833
0.99
0.314
0.998
0.347
0.747
0.157
0.936
0.632
0.54
0.381
0.892
0.729
0.707
0.274
0.651
0.762
0.971
0.704
0.85
0.796
0.656
0.07
0.465
0.615
0.55
0.978
0.325
0.139
0.365
0.851
0.183
0.873
0.422
0.46
0.27
0.984
0.854
0.893
0.048
0.797
0.131
0.224
0.654
0.477
0.068
0.344
0.773
0.308
0.191
0.322
0.041
0.165
0.022
0.314
0.362
0.615
0.687
0.869
0.545
0.626
0.292
0.814
0.234
0.815
0.512
0.515
0.253
0.205
0.3
0.738
0.828
0.425
0.769
0.868
0.118
0.096
0.839
0.868
0.224
0.331
0.095
0.92
0.15
0.15
0.835
0.637
0.216
0.719
0.158
0.481
0.546
0.086
0.949
0.455
0.888
0.377
0.517
0.425
0.736
0.211
0.117
0.13
0.895
0.425
0.573
0.522
0.591
0.94
0.938
0.841
0.731
0.678
0.825
0.417
0.012
0.897
0.924
0.407
0.744
0.423
0.097
0.885
0.285
0.521
0.298
0.963
0.447
0.685
0.105
0.026
0.698
0.605
0.386
0.236
0.333
0.777
0.704
0.995
0.515
0.28
1.0
0.1
0.885
0.737
0.731
0.154
0.899
0.517
0.008
0.611
0.514
0.661
0.051
0.155
0.048
0.402
0.408
0.432
0.549
0.333
0.506
0.414
