0.63
0.477
0.663
0.452
0.224
0.475
0.116
0.014
0.299
0.275
0.65
0.991
0.882
0.744
0.246
0.783
0.412
0.536
0.561
0.497
0.043
0.459
0.901
0.861
0.266
0.018
0.199
0.618
0.056
0.449
0.985
0.187
0.366
0.938
0.193
0.449
0.109
0.718
0.779
0.468
0.122
0.007
0.753
0.162
0.087
0.371
0.117
0.858
0.462
0.412
0.246
0.389
0.609
0.305
0.865
0.483
0.113
0.597
0.161
0.213
0.091
0.437
0.204
0.714
0.259
0.285
0.834
0.662
0.663
0.511
0.886
0.627
0.641
0.612
0.662
0.009
0.079
0.003
0.938
0.575
0.643
0.748
0.068
0.722
0.454
0.658
0.601
0.901
0.055
0.398
0.932
0.895
0.989
0.05
0.451
0.515
0.599
0.63
0.873
0.172
0.397
0.29
0.293
0.352
0.019
0.527
0.947
0.399
0.836
0.958
0.219
0.735
0.387
0.067
0.689
0.705
0.197
0.633
0.444
0.779
0.272
0.391
0.19
0.351
0.325
0.832
0.191
0.394
0.168
0.703
0.221
0.048
0.61
0.117
0.085
0.518
0.7
0.822
0.474
0.934
0.911
0.423
0.659
0.821
0.178
0.674
0.167
0.545
0.483
0.733
0.208
0.792
0.674
0.095
0.414
0.035
0.356
0.242
0.405
0.541
0.727
0.329
0.867
0.204
0.765
0.422
0.614
0.953
0.529
0.092
0.903
0.075
0.646
0.644
0.096
0.096
0.027
0.793
0.414
0.724
0.427
0.894
0.712
0.799
0.03
0.752
0.721
0.483
0.337
0.85
0.844
0.438
0.485
0.21
0.365
0.971
0.012
0.235
0.947
0.618
0.321
0.862
0.756
0.422
0.229
0.473
0.964
0.407
0.035
0.727
0.556
0.981
0.728
0.646
0.214
0.801
0.767
0.286
0.851
0.892
0.216
0.329
0.834
0.076
0.374
0.26
0.55
0.0
0.664
0.753
0.399
0.458
0.273
0.971
0.321
0.671
0.907
0.521
0.424
0.299
0.915
0.497
0.106
0.073
0.015
0.587
0.146
0.312
0.324
0.215
0.575
0.943
0.533
0.738
0.237
0.757
0.212
0.199
0.386
0.332
0.12
0.915
0.094
0.557
0.196
0.991
0.556
0.328
0.518
0.426
0.246
0.254
0.614
0.32
0.428
0.267
0.551
0.406
0.281
0.899
0.137
0.431
0.633
0.729
0.209
0.467
0.069
0.427
0.194
0.271
0.275
0.134
0.924
0.293
0.919
0.684
0.839
0.646
0.078
0.735
0.057
0.749
0.264
0.159
0.722
0.015
0.389
0.96
0.848
0.687
0.322
0.895
0.401
0.224
0.651
0.62
0.48
0.841
0.757
0.339
0.851
0.306
0.866
0.346
0.543
0.072
0.458
0.05
0.312
0.592
0.214
0.28
0.721
0.63
0.869
0.464
0.202
0.387
0.592
0.886
0.129
0.688
0.469
0.455
0.131
0.095
0.121
0.598
0.247
0.263
0.236
0.525
0.019
0.867
0.2
0.472
0.341
0.436
0.381
0.539
0.307
0.861
0.955
0.944
0.094
0.861
0.695
0.098
0.461
0.606
0.181
0.676
0.985
0.684
0.584
0.133
0.992
0.339
0.654
0.671
0.429
0.538
0.419
0.32
0.352
0.002
0.821
0.49
0.093
0.544
0.145
0.42
0.213
0.331
0.439
0.505
0.478
0.303
0.07
0.096
0.347
0.5
0.905
0.565
0.412
0.506
0.289
0.434
0.545
0.563
0.909
0.613
0.905
0.91
0.565
0.35
0.083
0.353
0.173
0.616
0.931
0.798
0.739
0.615
0.848
0.671
0.197
0.094
0.319
0.568
0.167
0.176
0.844
0.562
0.955
0.672
0.384
0.462
0.029
0.594
0.961
0.812
0.275
0.497
0.162
0.908
0.396
0.945
0.73
0.974
0.668
0.884
0.941
0.805
0.72
0.928
0.825
0.945
0.01
0.413
0.294
0.458
0.753
0.037
0.861
0.324
0.313
0.484
0.157
0.084
0.135
0.206
0.846
0.258
0.439
0.526
0.361
0.391
0.525
0.168
0.951
0.881
0.9
0.649
0.02
0.025
0.401
0.549
0.155
0.105
0.417
0.343
0.054
0.005
0.186
0.333
0.12
0.327
0.976
0.502
0.443
0.267
0.57
0.85
0.874
0.326
0.719
0.357
0.079
0.519
0.408
0.921
0.906
0.301
0.035
0.759
0.931
0.566
0.522
0.68
0.933
0.78
0.638
0.491
0.769
0.888
0.264
0.949
0.78
0.968
0.368
0.982
0.814
0.95
0.966
0.364
0.943
0.321
0.881
0.078
0.079
0.469
0.088
0.359
0.391
0.679
0.854
0.227
0.154
0.763
0.832
0.668
0.452
0.669
0.603
0.119
0.199
0.618
0.506
0.544
0.286
0.459
0.833
0.832
0.123
0.417
0.157
0.019
0.853
0.251
0.322
0.146
0.215
0.93
0.763
0.351
0.713
0.09
0.906
0.192
0.058
0.224
0.578
0.761
0.44
0.329
0.962
0.576
0.056
0.806
0.836
0.977
0.214
0.688
0.31
0.832
0.062
0.733
0.119
0.997
0.682
0.021
0.867
0.609
0.062
0.161
0.839
0.134
0.921
0.736
0.083
0.761
0.36
0.822
0.934
0.223
0.863
0.533
0.514
0.019
0.591
0.219
0.769
0.887
0.811
0.952
0.074
0.797
0.817
0.263
0.222
0.075
0.257
0.769
0.694
0.491
0.111
0.268
0.968
0.677
0.28
0.746
0.675
0.156
0.284
0.736
0.481
0.922
0.584
0.546
0.461
0.914
0.314
0.354
0.459
0.005
0.021
0.634
0.042
0.746
0.758
0.554
0.898
0.511
0.997
0.455
0.678
0.799
0.736
0.989
0.979
0.917
0.508
0.632
0.893
0.641
0.441
0.588
0.347
0.526
0.413
0.923
0.909
0.839
0.993
0.459
0.505
0.355
0.678
0.657
0.259
0.486
0.851
0.61
0.174
0.134
0.299
0.119
0.698
0.564
0.271
0.036
0.677
0.574
0.718
0.622
0.955
0.474
0.657
0.101
0.162
0.515
0.786
0.749
0.451
0.902
0.712
0.167
0.175
0.782
0.241
0.076
0.07
0.304
0.633
0.864
0.11
0.625
0.123
0.564
0.111
0.593
0.109
0.061
0.733
0.835
0.69
0.201
0.272
0.79
0.25
0.723
0.813
0.547
0.182
0.676
0.045
0.203
0.855
0.199
0.977
0.22
0.646
0.134
0.13
0.326
0.798
0.858
0.938
0.366
0.747
0.654
0.997
0.71
0.598
0.202
0.963
0.628
0.792
0.586
0.164
0.737
0.876
0.854
0.844
0.91
0.17
0.342
0.57
0.002
0.142
0.078
0.2
0.604
0.676
0.199
0.856
0.842
0.197
0.746
0.543
0.686
0.578
0.999
0.725
0.72
0.836
0.778
0.19
0.162
0.799
0.111
0.235
0.76
0.231
0.491
0.134
0.63
0.389
0.548
0.656
0.784
0.21
0.056
0.804
0.107
0.873
0.639
0.147
0.26
0.827
0.877
0.11
0.764
0.075
0.285
0.719
0.344
0.343
0.004
0.049
0.543
0.036
0.431
0.841
0.888
0.58
0.855
0.866
0.285
0.337
0.772
0.69
0.607
0.959
0.478
0.883
0.53
0.541
0.982
0.077
0.555
0.592
0.843
0.177
0.049
0.447
0.431
0.262
0.894
0.99
0.505
0.617
1.0
0.104
0.127
0.263
0.685
0.656
0.32
0.101
0.824
0.084
0.399
0.333
0.91
0.998
0.92
0.527
0.434
0.901
0.937
0.142
0.424
0.553
0.5
0.991
0.585
0.933
0.998
0.99
0.641
0.259
0.476
0.375
0.152
0.048
0.48
0.507
0.719
0.833
0.207
0.097
0.481
0.329
0.556
0.364
0.113
0.11
0.296
0.48
0.698
0.771
0.339
0.525
0.911
0.436
0.893
0.634
0.482
0.943
0.523
0.44
0.563
0.052
0.841
0.714
0.158
0.662
0.24
0.57
0.651
0.132
0.371
0.562
0.026
0.882
0.628
0.061
0.469
0.63
0.028
0.876
0.062
0.359
0.654
0.751
0.662
0.778
0.115
0.127
0.265
0.613
0.242
0.625
0.657
0.437
0.073
0.589
0.497
0.44
0.529
0.988
0.997
0.095
0.169
0.554
0.933
0.063
0.56
0.941
0.89
0.514
0.5
0.041
0.074
0.085
0.371
0.872
0.135
0.37
0.226
0.05
0.554
0.081
0.949
0.573
0.805
0.296
0.433
0.036
0.59
0.907
0.516
0.496
0.725
0.661
0.158
0.105
0.823
