0.58
0.862
0.699
0.057
0.885
0.803
0.739
0.514
0.411
0.299
0.884
0.553
0.997
0.459
0.426
0.001
0.639
0.176
0.606
0.439
0.244
0.324
0.402
0.549
0.209
0.646
0.263
0.148
0.699
0.15
0.237
0.366
0.37
0.956
0.296
0.385
0.828
0.898
0.776
0.997
0.605
0.068
0.1
0.504
0.883
0.056
0.09
0.524
0.853
0.745
0.893
0.462
0.272
0.632
0.649
0.292
0.918
0.449
0.066
0.708
0.506
0.486
0.481
0.241
0.354
0.221
0.295
0.258
0.783
0.907
0.04
0.236
0.637
0.959
0.591
0.736
0.774
0.898
0.898
0.598
0.442
0.221
0.379
0.905
0.721
0.952
0.859
0.398
0.781
0.091
0.188
0.017
0.947
0.967
0.461
0.863
0.899
0.873
0.354
0.418
0.794
0.106
0.289
0.76
0.791
0.538
0.924
0.52
0.207
0.871
0.001
0.752
0.084
0.095
0.935
0.961
0.444
0.69
0.203
0.801
0.906
0.076
0.998
0.719
0.868
0.195
0.574
0.626
0.027
0.861
0.154
0.013
0.06
0.252
0.854
0.285
0.786
0.347
0.414
0.8
0.176
0.713
0.612
0.085
0.277
0.186
0.009
0.426
0.225
0.098
0.265
0.592
0.369
0.181
0.445
0.971
0.025
0.899
0.512
0.909
0.2
0.251
0.562
0.991
0.024
0.902
0.971
0.944
0.596
0.462
0.47
0.494
0.663
0.459
0.57
0.17
0.732
0.025
0.462
0.495
0.743
0.971
0.733
0.885
0.87
0.28
0.126
0.779
0.382
0.575
0.008
0.872
0.805
0.922
0.218
0.573
0.981
0.973
0.548
0.294
0.314
0.842
0.549
0.251
0.061
0.122
0.058
0.611
0.426
0.624
0.91
0.063
0.252
0.074
0.262
0.453
0.289
0.076
0.457
0.011
0.038
0.886
0.028
0.534
0.544
0.735
0.685
0.235
0.776
0.898
0.687
0.219
0.44
0.225
0.919
0.047
0.937
0.767
0.168
0.546
0.239
0.672
0.974
0.27
0.736
0.644
0.899
0.321
0.66
0.404
0.091
0.627
0.122
0.853
0.724
0.557
0.796
0.826
0.326
0.402
0.179
0.349
0.757
0.646
0.936
0.724
0.153
0.928
0.843
0.329
0.118
0.082
0.592
0.725
0.952
0.287
0.423
0.478
0.784
0.615
0.217
0.342
0.032
0.017
0.222
0.247
0.048
0.816
0.323
0.287
0.272
0.238
0.941
0.856
0.235
0.488
0.563
0.761
0.92
0.316
0.429
0.444
0.832
0.172
0.415
0.456
0.477
0.762
0.439
0.357
0.933
0.682
0.683
0.881
0.377
0.547
0.779
0.589
0.489
0.224
0.653
0.179
0.756
0.131
0.225
0.107
0.248
0.954
0.658
0.169
0.857
0.387
0.736
0.588
0.978
0.707
0.693
0.443
0.163
0.12
0.316
0.051
0.49
0.61
0.079
0.131
0.221
0.184
0.238
0.32
0.674
0.216
0.996
0.378
0.796
0.941
0.773
0.785
0.11
0.996
0.228
0.816
0.519
0.256
0.12
0.952
0.262
0.729
0.495
0.415
0.314
0.141
0.907
0.421
0.322
0.356
0.68
0.085
0.316
0.65
0.967
0.786
0.535
0.514
0.122
0.149
0.208
0.201
0.788
0.564
0.612
0.809
0.228
0.877
0.776
0.215
0.968
0.937
0.48
0.358
0.909
0.045
0.154
0.744
0.571
0.371
0.044
0.092
0.711
0.478
0.564
0.235
0.345
0.193
0.03
0.261
0.852
0.517
0.537
0.207
0.946
0.692
0.094
0.739
0.163
0.627
0.562
0.6
0.025
0.694
0.169
0.582
0.413
0.598
0.593
0.507
0.368
0.949
0.645
0.949
0.101
0.206
0.091
0.125
0.615
0.524
0.959
0.295
0.916
0.881
0.714
0.904
0.924
0.556
0.76
0.671
0.269
0.675
0.639
0.415
0.195
0.279
0.107
0.575
0.905
0.922
0.998
0.334
0.82
0.88
0.874
0.001
0.9
0.128
0.494
0.816
0.932
0.048
0.314
0.375
0.405
0.119
0.816
0.197
0.555
0.754
0.176
0.377
0.11
0.0
0.575
0.612
0.959
0.316
0.972
0.725
0.033
0.855
0.99
0.196
0.082
0.735
0.837
0.935
0.439
0.966
0.668
0.338
0.593
0.003
0.174
0.934
0.743
0.79
0.387
0.472
0.591
0.423
0.861
0.044
0.484
0.433
0.493
0.615
0.448
0.691
0.217
0.794
0.391
0.606
0.118
0.799
0.461
0.162
0.12
0.409
0.102
0.994
0.454
0.48
0.342
0.021
0.061
0.644
0.542
0.626
0.367
0.394
0.051
0.302
0.6
0.738
0.421
0.096
0.036
0.601
0.211
0.779
0.376
0.596
0.209
0.957
0.524
0.185
0.262
0.98
0.338
0.728
0.201
0.219
0.051
0.248
0.562
0.366
0.078
0.916
0.75
0.193
0.439
0.932
0.284
0.45
0.582
0.44
0.83
0.189
0.333
0.248
0.476
0.48
0.043
0.718
0.926
0.7
0.423
0.8
0.787
0.033
0.318
0.822
0.97
0.197
0.293
0.388
0.762
0.737
0.016
0.127
0.37
0.582
0.275
0.116
0.61
0.571
0.202
0.167
0.137
0.223
0.926
0.863
0.488
0.275
0.842
0.488
0.648
0.634
0.823
0.813
0.321
0.039
0.727
0.382
0.091
0.986
0.308
0.604
0.581
0.259
0.786
0.395
0.786
0.195
0.172
0.481
0.418
0.509
0.207
0.775
0.492
0.032
0.112
0.319
0.212
0.192
0.124
0.478
0.198
0.195
0.934
0.003
0.338
0.038
0.882
0.735
0.593
0.836
0.19
0.75
0.527
0.425
0.175
0.487
0.29
0.833
0.003
0.765
0.639
0.568
0.353
0.765
0.194
0.533
0.06
0.72
0.632
0.193
0.577
0.769
0.073
0.959
0.883
0.037
0.04
0.762
0.637
0.439
0.944
0.279
0.722
0.552
0.337
0.239
0.755
0.493
0.26
0.103
0.404
0.163
0.203
0.558
0.509
0.974
0.386
0.971
0.369
0.014
0.963
0.907
0.241
0.045
0.592
0.566
0.582
0.13
0.661
0.49
0.786
0.449
0.18
0.734
0.757
0.86
0.69
0.227
0.472
0.707
0.536
0.332
0.712
0.1
0.837
0.535
0.81
0.957
0.455
0.16
0.91
0.251
0.097
0.17
0.422
0.102
0.4
0.248
0.177
0.251
0.018
0.298
0.064
0.816
0.766
0.091
0.462
0.723
0.083
0.846
0.819
0.377
0.972
0.054
0.904
0.812
0.551
0.597
0.223
0.702
0.404
0.926
0.421
0.973
0.095
0.06
0.951
0.069
0.065
0.064
0.738
0.278
0.668
0.707
0.11
0.19
0.801
0.117
0.811
0.341
0.346
0.808
0.467
0.681
0.837
0.724
0.975
0.576
0.76
0.831
0.729
0.571
0.962
0
0.405
0.792
0.376
0.323
0.114
0.229
0.258
0.09
0.267
0.747
0.483
0.582
0.632
0.061
0.926
0.817
0.915
0.478
0.232
0.323
0.8
0.336
0.207
0.711
0.073
0.994
0.13
0.167
0.993
0.826
0.225
0.629
0.132
0.93
0.805
0.673
0.961
0.658
0.837
0.37
0.149
0.421
0.047
0.052
0.51
0.15
0.45
0.219
0.741
0.763
0.775
0.147
0.991
0.535
0.33
0.042
0.987
0.019
0.696
0.512
0.608
0.866
0.173
0.99
0.678
0.47
0.907
0.917
0.487
0.748
0.727
0.887
0.897
0.509
0.02
0.095
0.283
0.764
0.397
0.31
0.509
0.251
0.149
0.52
0.93
0.188
0.42
0.345
0.205
0.416
0.011
0.543
0.725
0.423
0.043
0.618
0.537
0.787
0.905
0.145
0.926
0.068
0.671
0.169
0.083
0.704
0.529
0.324
0.081
0.382
0.531
0.837
0.398
0.531
0.958
0.42
0.627
0.222
0.946
0.178
0.67
0.138
0.691
0.852
0.237
0.472
0.95
0.48
0.836
0.077
0.783
0.175
0.918
0.938
0.395
0.239
0.424
0.46
0.909
0.59
0.825
0.88
0.316
0.447
0.791
0.253
0.416
0.408
0.623
0.031
0.151
0.351
0.036
0.991
0.524
0.389
0.738
0.556
0.282
0.217
0.289
0.312
0.323
0.538
0.884
0.263
0.838
0.292
0.696
0.145
0.089
0.739
0.51
0.562
0.015
0.51
0.31
0.282
0.383
0.054
0.072
0.696
0.322
0.276
0.995
0.052
0.476
0.031
0.576
0.418
