0.133
0.393
0.516
0.905
0.738
0.243
0.167
0.573
0.763
0.098
0.355
0.296
0.014
0.509
0.2
0.264
0.614
0.537
0.944
0.85
0.704
0.799
0.797
0.942
0.638
0.788
0.533
0.828
0.249
0.079
0.608
0.192
0.781
0.224
0.84
0.376
0.296
0.249
0.414
0.155
0.578
0.048
0.903
0.297
0.293
0.233
0.322
0.429
0.408
0.907
0.018
0.989
0.745
0.896
0.508
0.171
0.931
0.089
0.468
0.552
0.849
0.018
0.245
0.08
0.234
0.016
0.676
0.547
0.07
0.353
0.968
0.097
0.475
0.937
0.093
0.528
0.787
0.594
0.002
0.594
0.68
0.523
0.334
0.858
0.429
0.736
0.262
0.431
0.869
0.411
0.764
0.05
0.595
0.113
0.114
0.671
0.78
0.868
0.039
0.589
0.278
0.405
0.927
0.931
0.078
0.18
0.651
0.886
0.102
0.416
0.578
0.897
0.568
0.418
0.109
0.85
0.231
0.336
0.582
0.05
0.076
0.35
0.756
0.351
0.954
0.375
0.773
0.316
0.339
0.38
0.054
0.926
0.243
0
0.627
0.965
0.463
0.378
0.378
0.951
0.789
0.193
0.967
0.356
0.771
0.79
0.167
0.595
0.035
0.571
0.1
0.699
0.122
0.81
0.025
0.956
0.128
0.494
0.01
0.798
0.213
0.047
0.833
0.379
0.826
0.528
0.774
0.654
0.239
0.212
0.701
0.994
0.251
0.115
0.22
0.206
0.01
0.869
0.634
0.405
0.716
0.829
0.161
0.864
0.882
0.781
0.069
0.868
0.066
0.307
0.386
0.288
0.433
0.348
0.579
0.71
0.034
0.482
0.86
0.77
0.367
0.76
0.055
0.748
0.886
0.734
0.068
0.724
0.851
0.344
0.564
0.52
0.704
0.448
0.171
0.746
0.209
0.171
0.571
0.003
0.05
0.17
0.477
0.738
0.993
0.804
0.394
0.763
0.208
0.763
0.677
0.653
0.417
0.428
0.436
0.771
0.757
0.012
0.088
0.959
0.347
0.379
0.515
0.368
0.079
0.114
0.65
0.477
0.147
0.751
0.467
0.89
0.449
0.503
0.362
0.938
0.852
0.933
0.507
0.69
0.036
0.59
0.35
0.053
0.87
0.912
0.193
0.223
0.172
0.093
0.119
0.204
0.105
0.853
0.24
0.401
0.135
0.312
0.552
0.509
0.065
0.225
0.183
0.804
0.498
0.028
0.038
0.163
0.411
0.743
0.816
0.033
0.738
0.851
0.017
0.033
0.714
0.175
0.935
0.824
0.04
0.261
0.31
0.577
0.175
0.047
0.818
0.743
0.32
0.933
0.077
0.568
0.561
0.962
0.889
0.302
0.233
0.076
0.652
0.664
0.273
0.751
0.555
0.748
0.242
0.516
0.338
0.896
0.567
0.854
0.229
0.145
0.71
0.426
0.955
0.11
0.969
0.412
0.073
0.603
0.187
0.397
0.774
0.989
0.3
0.246
0.406
0.635
0.841
0.862
0.127
0.105
0.364
0.155
0.397
0.42
0.429
0.731
0.753
0.5
0.538
0.945
0.826
0.599
0.529
0.57
0.557
0.835
0.253
0.686
0.411
0.226
0.178
0.861
0.498
0.927
0.788
0.193
0.321
0.883
0.263
0.257
0.799
0.901
0.119
0.912
0.313
0.088
0.8
0.629
0.22
0.726
0.612
0.313
0.791
0.922
0.564
0.936
0.672
0.718
0.098
0.864
0.283
0.416
0.751
0.343
0.892
0.132
0.214
0.114
0.047
0.846
0.268
0.713
0.583
0.193
0.032
0.533
0.202
0.735
0.16
0.201
0.807
0.275
0.056
0.07
0.102
0.458
0.985
0.972
0.302
0.524
0.939
0.707
0.975
0.796
0.972
0.315
0.538
0.273
0.994
0.242
0.879
0.391
0.778
0.588
0.535
0.44
0.665
0.668
0.693
0.411
0.381
0.702
0.275
0.83
0.103
0.206
0.778
0.015
0.743
0.028
0.625
0.639
0.208
0.704
0.437
0.008
0.666
0.352
0.49
0.11
0.705
0.876
0.491
0.176
0.382
0.341
0.843
0.642
0.421
0.365
0.019
0.693
0.141
0.024
0.941
0.376
0.276
0.228
0.909
0.786
0.206
0.365
0.126
0.027
0.696
0.548
0.591
0.311
0.65
0.834
0.321
0.443
0.665
0.669
0.104
0.036
0.964
0.467
0.512
0.786
0.356
0.874
0.672
0.427
0.244
0.752
0.801
0.161
0.596
0.518
0.796
0.089
0.014
0.668
0.765
0.632
0.083
0.633
0.316
0.741
0.755
0.132
0.776
0.893
0.59
0.155
0.562
0.782
0.698
0.335
0.954
0.977
0.325
0.41
0.157
0.741
0.088
0.795
0.656
0.478
0.641
0.313
0.428
0.946
0.622
0.807
0.466
0.689
0.69
0.333
0.137
0.506
0.032
0.821
0.008
0.118
0.987
0.226
0.084
0.181
0.692
0.97
0.935
0.525
0.399
0.346
0.031
0.689
0.606
0.989
0.582
0.558
0.415
0.068
0.072
0.529
0.824
0.372
0.453
0.698
0.061
0.393
0.982
0.757
0.926
0.874
0.02
0.043
0.947
0.172
0.928
0.359
0.428
0.955
0.333
0.473
0.741
0.031
0.399
0.669
0.918
0.962
0.571
0.653
0.589
0.423
0.79
0.075
0.977
0.921
0.564
0.713
0.089
0.421
0.852
0.599
0.092
0.591
0.576
0.143
0.577
0.942
0.609
0.641
0.418
0.096
0.791
0.606
0.671
0.091
0.365
0.074
0.716
0.21
0.924
0.367
0.653
0.928
0.654
0.601
0.807
0.39
0.238
0.391
0.245
0.203
0.789
0.583
0.601
0.769
0.472
0.858
0.594
0.657
0.033
0.603
0.164
0.394
0.16
0.535
0.941
0.033
0.773
0.125
0.568
0.627
0.027
0.432
0.256
0.707
0.913
0.932
0.241
0.932
0.411
0.202
0.159
0.853
0.787
0.393
0.372
0.756
0.491
0.393
0.148
0.665
0.246
0.892
0.275
0.184
0.117
0.013
0.414
0.619
0.238
0.425
0.909
0.204
0.828
0.625
0.858
0.346
0.553
0.013
0.722
0.085
0.178
0.342
0.122
0.042
0.569
0.149
0.964
0.566
0.927
0.229
0.455
0.392
0.526
0.064
0.21
0.406
0.972
0.08
0.616
0.498
0.377
0.382
0.947
0.045
0.907
0.291
0.033
0.102
0.132
0.426
0.934
0.565
0.605
0.932
0.265
0.044
0.745
0.989
0.267
0.435
0.69
0.874
0.103
0.99
0.723
0.664
0.963
0.232
0.992
0.126
0.149
0.038
0.288
0.093
0.19
0.067
0.198
0.98
0.422
0.975
0.895
0.691
0.218
0.289
0.849
0.726
0.564
0.753
0.747
0.425
0.971
0.624
0.984
0.505
0.665
0.15
0.011
0.109
0.684
0.672
0.924
0.51
0.271
0.054
0.952
0.827
0.897
0.52
0.378
0.219
0.754
0.698
0.963
0.834
0.118
0.898
0.352
0.908
0.09
0.817
0.084
0.166
0.674
0.483
0.458
0.912
0.657
0.9
0.378
0.967
0.746
0.36
0.975
0.661
0.736
0.349
0.179
0.999
0.624
0.464
0.923
0.754
0.597
0.282
0.705
0.333
0.309
0.704
0.949
0.265
0.663
0.708
0.006
0.952
0.681
0.111
0.052
0.827
0.635
0.929
0.605
0.297
0.318
0.335
0.472
0.196
0.674
0.806
0.341
0.396
0.191
0.693
0.514
0.376
0.993
0.827
0.366
0.251
0.715
0.447
0.908
0.62
0.462
0.181
0.318
0.728
0.222
0.282
0.271
0.613
0.148
0.493
0.791
0.086
0.283
0.598
0.612
0.717
0.306
0.944
0.172
0.686
0.936
0.689
0.929
0.339
0.215
0.684
0.354
0.64
0.77
0.237
0.697
0.821
0.664
0.521
0.184
0.274
0.63
0.012
0.314
0.846
0.081
0.227
0.043
0.531
0.429
0.187
0.207
0.242
0.29
0.107
0.143
0.747
0.179
0.701
0.349
0.782
0.798
0.779
0.216
0.566
0.294
0.818
0.749
0.674
0.064
0.575
0.431
0.288
0.997
0.239
0.002
0.388
0.92
0.003
0.595
0.383
0.355
0.158
0.132
0.464
0.561
0.356
0.572
0.155
0.941
0.93
0.756
0.422
0.104
0.134
0.58
0.104
0.779
0.918
0.888
0.094
0.304
0.424
0.445
0.835
0.511
0.195
0.689
0.427
0.359
0.293
0.258
0.995
0.742
0.531
0.489
0.587
0.853
0.825
0.995
0.953
0.454
0.724
0.716
0.074
