0.396
0.778
0.314
0.739
0.215
0.543
0.567
0.913
0.554
0.051
0.081
0.648
0.71
0.327
0.255
0.001
0.8
0.922
0.301
0.469
0.694
0.121
0.498
0.044
0.766
0.873
0.159
0.229
0.509
0.22
0.302
0.69
0.422
0.244
0.798
0.976
0.179
0.334
0.92
0.854
0.064
0.578
0.637
0.326
0.246
0.368
0.463
0.003
0.665
0.028
0.448
0.529
0.597
0.761
0.851
0.278
0.64
0.239
0.104
0.825
0.818
0.278
0.043
0.383
0.753
0.376
0.63
0.765
0.275
0.342
0.969
0.707
0.658
0.021
0.044
0.475
0.336
0.744
0.629
0.095
0.641
0.497
0.289
0.481
0.137
0.022
0.448
0.345
0.621
0.568
0.282
0.922
0.8
0.197
0.011
0.326
0.256
0.21
0.685
0.936
0.939
0.807
0.445
0.012
0.341
0.658
0.287
0.052
0.422
0.172
0.007
0.042
0.348
0.848
0.724
0.254
0.201
0.235
0.252
0.183
0.475
0.785
0.868
0.199
0.549
0.435
0.407
0.159
0.645
0.045
0.293
0.714
0.549
0.752
0.7
0.492
0.807
0.096
0.188
0.063
0.724
0.535
0.875
0.622
0.608
0.542
0.249
0.12
0.574
0.45
0.005
0.659
0.156
0.436
0.18
0.292
0.259
0.053
0.966
0.014
0.281
0.285
0.419
0.132
0.916
0.882
0.893
0.841
0.113
0.992
0.365
0.228
0.92
0.418
0.131
0.503
0.744
0.049
0.388
0.615
0.733
0.892
0.729
0.955
0.168
0.637
0.668
0.021
0.786
0.814
0.026
0.699
0.508
0.757
0.485
0.307
0.151
0.446
0.466
0.23
0.935
0.797
0.177
0.787
0.166
0.091
0.706
0.88
0.265
0.695
0.141
0.922
0.569
0.386
0.544
0.36
0.093
0.182
0.111
0.735
0.974
0.056
0.226
0.886
0.478
0.799
0.879
0.454
0.781
0.63
0.185
0.778
0.506
0.065
0.951
0.102
0.813
0.099
0.504
0.881
0.467
0.456
0.199
0.267
0.699
0.518
0.993
0.135
0.526
0.602
0.329
0.545
0.139
0.499
0.066
0.288
0.76
0.797
0.075
0.776
0.516
0.317
0.534
0.426
0.249
0.855
0.699
0.397
0.828
0.482
0.342
0.315
0.471
0.021
0.191
0.126
0.16
0.82
0.705
0.59
0.124
0.561
0.291
0.766
0.267
0.198
0.105
0.107
0.133
0.192
0.054
0.782
0.117
0.958
0.989
0.942
0.689
0.217
0.171
0.263
0.674
0.575
0.207
0.626
0.455
0.723
0.229
0.019
0.705
0.332
0.794
0.889
0.213
0.286
0.691
0.719
0.197
0.36
0.827
0.575
0.424
0.164
0.176
0.914
0.646
0.841
0.672
0.231
0.579
0.24
0.095
0.756
0.802
0.026
0.794
0.839
0.311
0.15
0.725
0.93
0.127
0.446
0.576
0.405
0.896
0.28
0.949
0.61
0.105
0.183
0.242
0.358
0.97
0.968
0.261
0.608
0.607
0.648
0.936
0.71
0.5
0.061
0.353
0.962
0.764
0.587
0.488
0.293
0.668
0.446
0.644
0.377
0.98
0.946
0.676
0.48
0.014
0.76
0.04
0.657
0.84
0.577
0.892
0.27
0.617
0.922
0.525
0.335
1.0
0.952
0.772
0.211
0.015
0.99
0.524
0.72
0.425
0.926
0.192
0.119
0.719
0.544
0.907
0.014
0.735
0.633
0.615
0.902
0.785
0.791
0.659
0.799
0.041
0.324
0.701
0.372
0.233
0.854
0.557
0.077
0.841
0.644
0.629
0.817
0.683
0.933
0.275
0.985
0.055
0.907
0.895
0.441
0.465
0.436
0.565
0.879
0.263
0.162
0.043
0.017
0.399
0.621
0.184
0.438
0.985
0.997
0.946
0.547
0.831
0.168
0.135
0.364
0.313
0.008
0.515
0.087
0.549
0.484
0.744
0.833
0.166
0.586
0.372
0.645
0.081
0.02
0.254
0.86
0.636
0.127
0.293
0.308
0.756
0.022
0.956
0.433
0.642
0.913
0.282
0.047
0.994
0.442
0.111
0.193
0.894
0.809
0.613
0.337
0.98
0.369
0.852
0.589
0.314
0.93
0.545
0.224
0.881
0.938
0.005
0.721
0.94
0.39
0.538
0.079
0.32
0.777
0.296
0.778
0.022
0.508
0.115
0.665
0.32
0.938
0.859
0.905
0.082
0.169
0.378
0.604
0.63
0.174
0.676
0.702
0.798
0.625
0.558
0.528
0.028
0.225
0.559
0.957
0.425
0.932
0.34
0.754
0.722
0.048
0.638
0.412
0.747
0.203
0.395
0.759
0.798
0.303
0.719
0.417
0.884
0.824
0.884
0.002
0.986
0.601
0.089
0.316
0.43
0.186
0.98
0.606
0.535
0.423
0.601
0.938
0.224
0.951
0.671
0.528
0.659
0.726
0.114
0.112
0.737
0.3
0.367
0.977
0.851
0.744
0.308
0.591
0.744
0.365
0.358
0.893
0.152
0.483
0.288
0.244
0.306
0.693
0.961
0.311
0.357
0.748
0.799
0.999
0.726
0.876
0.666
0.123
0.536
0.961
0.217
0.204
0.453
0.148
0.384
0.359
0.519
0.404
0.006
0.734
0.586
0.429
0.378
0.405
0.169
0.956
0.836
0.915
0.421
0.437
0.09
0.924
0.984
0.731
0.513
0.359
0.881
0.566
0.661
0.529
0.495
0.938
0.732
0.17
0.786
0.233
0.421
0.812
0.81
0.058
0.009
0.405
0.982
0.496
0.888
0.313
0.183
0.993
0.075
0.552
0.555
0.713
0.041
0.17
0.561
0.908
0.481
0.975
0.524
0.116
0.55
0.759
0.533
0.071
0.238
0.907
0.867
0.034
0.923
0.048
0.962
0.371
0.751
0.941
0.067
0.384
0.119
0.306
0.34
0.482
0.896
0.935
0.772
0.555
0.732
0.226
0.368
0.377
0.015
0.177
0.522
0.263
0.231
0.149
0.62
0.058
0.199
0.952
0.831
0.187
0.742
0.369
0.495
0.71
0.132
0.52
0.767
0.381
0.458
0.537
0.776
0.204
0.684
0.649
0.071
0.015
0.528
0.614
0.112
0.055
0.022
0.43
0.105
0.178
0.863
0.336
0.963
0.834
0.275
0.197
0.742
0.598
0.88
0.074
0.912
0.545
0.686
0.383
0.583
0.412
0.247
0.332
0.968
0.678
0.206
0.709
0.863
0.934
0.579
0.95
0.047
0.656
0.681
0.069
0.289
0.947
0.472
0.633
0.088
0.76
0.065
0.363
0.495
0.501
0.727
0.129
0.665
0.273
0.537
0.657
0.273
0.839
0.346
0.194
0.549
0.061
0.553
0.865
0.412
0.92
0.241
0.797
0.321
0.102
0.165
0.484
0.936
0.027
0.921
0.225
0.716
0.138
0.318
0.21
0.351
0.253
0.632
0.174
0.616
0.193
0.808
0.088
0.776
0.76
0.627
0.835
0.331
0.094
0.874
0.81
0.907
0.222
0.145
0.449
0.84
0.041
0.944
0.067
0.233
0.078
0.413
0.636
0.332
0.495
0.987
0.157
0.985
0.331
0.831
0.637
0.93
0.893
0
0.908
0.199
0.695
0.219
0.262
0.099
0.159
0.432
0.92
0.948
0.754
0.146
0.453
0.073
0.872
0.749
0.565
0.369
0.553
0.967
0.903
0.938
0.117
0.792
0.224
0.805
0.394
0.666
0.009
0.423
0.766
0.771
0.025
0.986
0.776
0.162
0.842
0.041
0.231
0.128
0.073
0.153
0.985
0.153
0.729
0.518
0.092
0.429
0.051
0.535
0.872
0.263
0.562
0.13
0.077
0.813
0.965
0.639
0.401
0.686
0.624
0.017
0.436
0.51
0.365
0.306
0.846
0.909
0.315
0.592
0.646
0.433
0.456
0.369
0.564
0.402
0.855
0.079
0.032
0.218
0.164
0.551
0.797
0.012
0.967
0.905
0.962
0.33
0.446
0.465
0.116
0.467
0.785
0.87
0.517
0.539
0.639
0.027
0.167
0.668
0.471
0.44
0.444
0.158
0.409
0.179
0.631
0.912
0.28
0.843
0.149
0.73
0.725
0.903
0.951
0.89
0.12
0.252
0.869
0.292
0.723
0.893
0.925
0.79
0.028
0.256
0.485
0.594
0.855
0.956
0.515
0.052
0.37
0.766
0.321
0.456
0.659
0.287
0.294
0.991
0.622
0.807
0.834
0.929
0.831
0.581
0.699
0.891
0.26
0.582
1.0
0.915
0.168
0.327
0.236
0.756
0.724
0.157
0.334
0.134
0.967
0.027
0.71
0.682
0.225
