0.674
0.712
0.578
0.204
0.392
0.517
0.431
0.705
0.349
0.58
0.084
0.844
0.536
0.613
0.954
0.757
0.484
0.067
0.829
0.07
0.845
0.81
0.568
0.072
0.691
0.13
0.152
0.306
0.646
0.334
0.487
0.449
0.157
0.852
0.188
0.131
0.89
0.251
0.039
0.897
0.902
0.473
0.462
0.384
0.738
0.348
0.829
0.425
0.223
0.996
0.273
0.441
0.903
0.331
0.213
0.397
0.233
0.314
0.104
0.397
0.901
0.179
0.46
0.153
0.346
0.584
0.981
0.749
0.752
0.072
0.596
0.524
0.22
0.643
0.016
0.165
0.873
0.921
0.408
0.143
0.749
0.097
0.52
0.595
0.064
0.976
0.651
0.935
0.75
0.641
0.608
0.781
0.925
0.534
0.257
0.511
0.311
0.372
0.596
0.864
0.553
0.409
0.287
0.635
0.63
0.009
0.198
0
0.58
0.279
0.419
0.424
0.232
0.235
0.978
0.55
0.668
0.555
0.938
0.446
0.502
0.98
0.888
0.859
0.604
0.296
0.844
0.844
0.456
0.105
0.24
0.325
0.286
0.833
0.677
0.767
0.937
0.152
0.105
0.396
0.457
0.55
0.077
0.691
0.776
0.547
0.788
0.483
0.01
0.958
0.599
0.914
0.222
0.456
0.907
0.609
0.541
0.281
0.002
0.295
0.822
0.292
0.715
0.829
0.419
0.274
0.99
0.478
0.157
0.904
0.026
0.176
0.117
0.418
0.668
0.85
0.512
0.362
0.16
0.091
0.163
0.962
0.721
0.213
0.143
0.819
0.515
0.735
0.578
0.786
0.413
0.143
0.272
0.36
0.242
0.584
0.428
0.735
0.645
0.396
0.456
0.963
0.774
0.49
0.514
0.922
0.593
0.108
0.486
0.031
0.013
0.073
0.495
0.883
0.961
0.616
0.112
0.489
0.583
0.769
0.819
0.617
0.941
0.477
0.764
0.437
0.072
0.585
0.207
0.713
0.289
0.363
0.328
0.875
0.535
0.706
0.724
0.907
0.059
0.248
0.352
0.018
0.155
0.584
0.288
0.992
0.326
0.099
0.902
0.534
0.458
0.851
0.123
0.33
0.745
0.263
0.264
0.233
0.0
0.865
0.547
0.855
0.627
0.343
0.749
0.814
0.01
0.032
0.214
0.109
0.722
0.144
0.576
0.469
0.555
0.429
0.919
0.289
0.161
0.56
0.552
0.769
0.54
0.223
0.961
0.929
0.991
0.907
0.805
0.611
0.116
0.755
0.259
0.731
0.472
0.357
0.614
0.192
0.218
0.434
0.431
0.473
0.255
0.299
0.872
0.851
0.79
0.91
0.058
0.66
0.864
0.193
0.953
0.124
0.095
0.377
0.588
0.215
0.27
0.36
0.798
0.753
0.109
0.457
0.102
0.906
0.897
0.12
0.632
0.665
0.915
0.208
0.701
0.165
0.689
0.344
0.021
0.016
0.322
0.84
0.419
0.939
0.776
0.713
0.675
0.742
0.513
0.108
0.622
0.366
0.585
0.719
0.906
0.241
0.512
0.493
0.522
0.636
0.689
0.127
0.785
0.687
0.956
0.02
0.718
0.87
0.875
0.546
0.548
0.886
0.697
0.021
0.896
0.232
0.439
0.194
0.561
0.773
0.256
0.697
0.537
0.662
0.474
0.518
0.919
0.246
0.869
0.166
0.045
0.345
0.155
0.946
0.276
0.293
0.885
0.08
0.878
0.504
0.112
0.754
0.779
0.673
0.719
0.091
0.724
0.317
0.235
0.34
0.241
0.939
0.113
0.511
0.172
0.631
0.526
0.993
0.837
0.258
0.11
0.681
0.846
0.348
0.188
0.246
0.713
0.371
0.613
0.694
0.106
0.965
0.909
0.088
0.229
0.009
0.333
0.211
0.259
0.03
0.797
0.316
0.218
0.745
0.918
0.325
0.971
0.201
0.724
0.859
0.771
0.79
0.779
0.789
0.042
0.569
0.799
0.177
0.906
0.015
0.392
0.894
0.074
0.83
0.882
0.44
0.935
0.096
0.348
0.191
0.243
0.061
0.361
0.811
0.591
0.059
0.084
0.142
0.516
0.64
0.621
0.653
0.161
0.326
0.633
0.965
0.384
0.117
0.679
0.46
0.938
0.965
0.531
0.887
0.399
0.657
0.169
0.575
0.334
0.999
0.15
0.744
0.622
0.01
0.148
0.175
0.637
0.301
0.972
0.284
0.372
0.112
0.291
0.899
0.393
0.238
0.181
0.409
0.424
0.147
0.331
0.995
0.804
0.397
0.45
0.338
0.05
0.998
0.799
0.108
0.004
0.644
0.541
0.28
0.39
0.496
0.263
0.127
0.027
0.282
0.088
0.868
0.677
0.403
0.857
0.262
0.865
0.481
0.296
0.02
0.668
0.324
0.893
0.545
0.795
0.525
0.776
0.672
0.131
0.61
0.355
0.568
0.969
0.57
0.565
0.756
0.037
0.259
0.707
0.703
0.04
0.945
0.891
0.007
0.059
0.529
0.817
0.898
0.433
0.507
0.659
0.254
0.51
0.58
0.196
0.833
0.903
0.838
0.245
0.832
0.808
0.14
0.988
0.817
0.164
0.216
0.664
0.923
0.282
0.946
0.312
0.554
0.832
0.274
0.086
0.576
0.789
0.463
0.037
0.783
0.524
0.887
0.252
0.454
0.09
0.623
0.096
0.044
0.889
0.629
0.02
0.728
0.557
0.715
0.309
0.89
0.929
0.348
0.472
0.232
0.628
0.242
0.564
0.663
0.392
0.262
0.372
0.012
0.787
0.301
0.819
0.226
0.856
0.123
0.028
0.101
0.743
0.403
0.226
0.629
0.029
0.388
0.481
0.176
0.137
0.391
0.074
0.932
0.219
0.894
0.656
0.039
0.04
0.725
0.078
0.163
0.815
0.994
0.806
0.552
0.856
0.436
0.472
0.467
0.143
0.612
0.14
0.676
0.556
0.64
0.413
0.407
0.837
0.973
0.037
0.067
0.442
0.801
0.088
0.747
0.493
0.019
0.761
0.857
0.903
0.291
0.339
0.533
0.127
0.946
0.511
0.445
0.176
0.216
0.403
0.641
0.708
0.441
0.075
0.998
0.642
0.136
0.171
0.93
0.984
0.49
0.225
0.117
0.763
0.689
0.707
0.745
0.112
0.53
0.882
0.728
0.614
0.749
0.766
0.685
0.608
0.477
0.825
0.203
0.772
0.179
0.988
0.692
0.225
0.988
0.83
0.341
0.476
0.941
0.716
0.425
0.242
0.521
0.247
0.473
0.13
0.557
0.125
0.01
0.117
0.482
0.485
0.492
0.82
0.922
0.576
0.857
0.356
0.239
0.766
0.945
0.554
0.618
0.905
0.471
0.356
0.31
0.939
0.816
0.859
0.191
0.936
0.765
0.272
0.226
0.579
0.757
0.003
0.989
0.094
0.207
0.645
0.714
0.27
0.882
0.746
0.603
0.922
0.488
0.135
0.226
0.14
0.281
0.315
0.588
0.39
0.357
0.365
0.291
0.549
0
0.517
0.806
0.43
0.534
0.482
0.097
0.646
0.527
0.148
0.76
0.549
0.861
0.044
0.74
0.596
0.357
0.001
0.456
0.781
0.953
0.542
0.863
0.311
0.043
0.172
0.385
0.387
0.639
0.228
0.116
0.73
0.951
0.572
0.863
0.071
0.422
0.657
0.195
0.864
0.341
0.042
0.163
0.473
0.645
0.682
0.187
0.28
0.328
0.174
0.686
0.255
0.937
0.038
0.492
0.035
0.329
0.494
0.204
0.709
0.81
0.68
0.511
0.738
0.151
0.632
0.597
0.269
0.594
0.218
0.287
0.504
0.099
0.974
0.057
0.32
0.104
0.075
0.394
0.385
0.981
0.404
0.911
0.723
0.74
0.555
0.894
0.486
0.851
0.142
0.394
0.201
0.745
0.931
0.944
0.712
0.395
0.645
0.758
0.961
0.166
0.854
0.881
0.183
0.636
0.195
0.423
0.156
0.282
0.99
0.261
0.733
0.579
0.513
0.763
0.709
0.086
0.625
0.011
0.425
0.362
0.013
0.666
0.964
0.888
0.403
0.666
0.589
0.137
0.254
0.774
0.872
0.7
0.957
0.718
0.08
0.231
0.198
0.753
0.415
0.112
0.023
0.641
0.457
0.228
0.668
0.924
0.062
0.139
0.442
0.346
0.485
0.201
0.927
0.099
0.829
0.628
0.609
0.479
0.749
0.087
0.277
0.55
0.166
0.061
0.744
0.938
0.179
0.599
0.469
0.092
0.191
0.82
0.437
0.548
0.694
0.181
0.57
0.322
0.309
0.174
0.887
0.175
0.614
0.486
0.059
0.125
0.809
0.289
0.321
0.955
0.903
0.947
0.497
0.931
0.92
0.44
