0.662
0.894
0.708
0.331
0.983
0.022
0.981
0.308
0.649
0.037
0.82
0.882
0.498
0.234
0.553
0.591
0.917
0.322
0.876
0.786
0.797
0.436
0.399
0.985
0.337
0.034
0.043
0.45
0.749
0.774
0.707
0.711
0.142
0
0.259
0.511
0.05
0.982
0.252
0.736
0.192
0.819
0.997
0.52
0.042
0.506
0.092
0.103
0.619
0.812
0.076
0.496
0.622
0.911
0.814
0.42
0.948
0.038
0.632
0.796
0.87
0.633
0.468
0.233
0.462
0.15
0.544
0.089
0.323
0.209
0.514
0.819
0.474
0.064
0.948
0.559
0.771
0.153
0.379
0.59
0.561
0.457
0.206
0.938
0.962
0.899
0.105
0.975
0.121
0.875
0.588
0.222
0.007
0.324
0.708
0.529
0.953
0.696
0.826
0.98
0.092
0.047
0.65
0.155
0.161
0.612
0.556
0.343
0.565
0.632
0.04
0.251
0.696
0.894
0.149
0.818
0.837
0.553
0.352
0.276
0
0.133
0.649
0.338
0.299
0.902
0.712
0.344
0.523
0.273
0.246
0.075
0.465
0.059
0.693
0.4
0.398
0.273
0.754
0.528
0.652
0.845
0.538
0.971
0.11
0.809
0.799
0.85
0.8
0.081
0.689
0.916
0.528
0.659
0.531
0.02
0.697
0.352
0.75
0.55
0.894
0.024
0.787
0.343
0.795
0.698
0.652
0.073
0.449
0.035
0.444
0.047
0.393
0.041
0.898
0.542
0.898
0.506
0.621
0.929
0.972
0.797
0.386
0.563
0.299
0.097
0.843
0.537
0.216
0.644
0.349
0.156
0.915
0.138
0.028
0.689
0.986
0.003
0.863
0.33
0.528
0.544
0.206
0.895
0.548
0.177
0.613
0.713
0.805
0.253
0.504
0.329
0.33
0.405
0.874
0.43
0.198
0.219
0.743
0.5
0.701
0.95
0.246
0.276
0.71
0.071
0.734
0.57
0.395
0.586
0.165
0.408
0.864
0.337
0.575
0.372
0.528
0.726
0.138
0.101
0.29
0.847
0.64
0.863
0.636
0.737
0.522
0.409
0.862
0.328
0.081
0.776
0.375
0.355
0.792
0.612
0.013
0.567
0.772
0.236
0.926
0.296
0.436
0.733
0.995
0.19
0.154
0.559
0.614
0.18
0.616
0.337
0.187
0.511
0.542
0.336
0.826
0.774
0.497
0.404
0.237
0.673
0.797
0.016
0.894
0.155
0.594
0.157
0.055
0.31
0.748
0.141
0.212
0.009
0.009
0.895
0.007
0.47
0.215
0.222
0.059
0.371
0.246
0.468
0.573
0.993
0.859
0.944
0.413
0.201
0.176
0.742
0.811
0.915
0.21
0.021
0.596
0.507
0.619
0.594
0.062
0.024
0.476
0.331
0.494
0.139
0.366
0.459
0.617
0.334
0.387
0.4
0.591
0.332
0.655
0.581
0.93
0.337
0.426
0.295
0.936
0.129
0.755
0.474
0.714
0.388
0.442
0.716
0.508
0.462
0.471
0.525
0.854
0.144
0.281
0.427
0.789
0.636
0.224
0.11
0.573
0.522
0.238
0.829
0.353
0.765
0.367
0.877
0.825
0.189
0.822
0.475
0.641
0.715
0.385
0.104
0.839
0.147
0.888
0.662
0.114
0.557
0.691
0.837
0.228
0.97
0.871
0.14
0.775
0.464
0.646
0.198
0.534
0.043
0.732
0.495
0.561
0.725
0.145
0.888
0.908
0.483
0.38
0.538
0.692
0.841
0.387
0.689
0.908
0.156
0.189
0.745
0.033
0.764
0.561
0.694
0.453
0.118
0.998
0.373
0.847
0.498
0.78
0.603
0.533
0.386
0.963
0.186
0.186
0.795
0.82
0.327
0.746
0.035
0.14
0.792
0.13
0.685
0.687
0.239
0.801
0.212
0.904
0.169
0.678
0.613
0.44
0.894
0.383
0.207
0.402
0.553
0.707
0.205
0.713
0.6
0.952
0.253
0.574
0.117
0.647
0.014
0.278
0.472
0.932
0.613
0.45
0.432
0.579
0.413
0.21
0.79
0.649
0.565
0.606
0.303
0.051
0.184
0.462
0.792
0.317
0.482
0.217
0.787
0.52
0.356
0.323
0.545
0.872
0.485
0.858
0.601
0.103
0.098
0.47
0.461
0.527
0.448
0.723
0.287
0.235
0.207
0.666
0.794
0.529
0.316
0.093
0.085
0.368
0.096
0.387
0.662
0.798
0.979
0.126
0.221
0.363
0.663
0.342
0.802
0.92
0.435
0.743
0.219
0.534
0.468
0.374
0.998
0.762
0.357
0.95
0.88
0.234
0.3
0.721
0.475
0.446
0.979
0.67
0.581
0.449
0.922
0.206
0.52
0.585
0.071
0.646
0.483
0.088
0.835
0.991
0.856
0.657
0.37
0.66
0.462
0.831
0.0
0.17
0.27
0.745
0.004
0.883
0.784
0.627
0.868
0.821
0.02
0.471
0.251
0.826
0.222
0.385
0.73
0.918
0.626
0.011
0.101
0.19
0.5
0.323
0.808
0.403
0.237
0.553
0.4
0.387
0.908
0.705
0.551
0.609
0.607
0.186
0.905
0.265
0.075
0.054
0.351
0.643
0.885
0.052
0.545
0.698
0.749
0.461
0.917
0.749
0.601
0.608
0.709
0.331
0.474
0.427
0.43
0.869
0.189
0.579
0.702
0.57
0.348
0.627
0.761
0.655
0.097
0.335
0.41
0.895
0.298
0.685
0.629
0.921
0.39
0.24
0.804
0.816
0.872
0.563
0.224
0.352
0.346
0.971
0.815
0.989
0.592
0.577
0.418
0.921
0.267
0.604
0.88
0.161
0.087
0.905
0.643
0.835
0.2
0.376
0.791
0.186
0.775
0.357
0.758
0.219
0.315
0.374
0.927
0.908
0.622
0.902
0.849
0.952
0.932
0.979
0.677
0.582
0.839
0.094
0.339
0.83
0.056
0.012
0.391
0.553
0.835
0.013
0.748
0.83
0.994
0.113
0.919
0.541
0.522
0.919
0.457
0.879
0.586
0.452
0.689
0.612
0.762
0.301
0.38
0.043
0.964
0.051
0.085
0.214
0.29
0.525
0.821
0.808
0.938
0.869
0.455
0.498
0.742
0.278
0.875
0.477
0.646
0.105
0.074
0.364
0.71
0.789
0.152
0.92
0.765
0.714
0.134
0.144
0.913
0.799
0.512
0.749
0.498
0.453
0.017
0.17
0.342
0.608
0.768
0.738
0.61
0.091
0.222
0.442
0.938
0.182
0.355
0.639
0.641
0.351
0.749
0.948
0.607
0.227
0.995
0.209
0.85
0.297
0
0.111
0.241
0.039
0.962
0.301
0.627
0.646
0.381
0.251
0.771
0.974
0.775
0.372
0.867
0.129
0.604
0.338
0.572
0.989
0.984
0.928
0.765
0.81
0.516
0.432
0.763
0.213
0.934
0.024
0.084
0.863
0.788
0.971
0.378
0.332
0.737
0.959
0.323
0.606
0.63
0.946
0.053
0.986
0.802
0.4
0.602
0.06
0.094
0.282
0.295
0.724
0.153
0.525
0.044
0.954
0.898
0.537
0.442
0.713
0.174
0.57
0.596
0.614
0.95
0.728
0.784
0.475
0.613
0.824
0.252
0.151
0.202
0.731
0.821
0.288
0.387
0.05
0.636
0.665
0.532
0.472
0.359
0.941
0.069
0.655
0.905
0.226
0.837
0.495
0.019
0.438
0.806
0.477
0.634
0.366
0.142
0.213
0.929
0.24
0.109
0.534
0.777
0
0.07
0.781
0.939
0.851
0.135
0.205
0.728
0.538
0.025
0.769
0.579
0.032
0.965
0.656
0.009
0.203
0.595
0.305
0.813
0.157
0.468
0.663
0.833
0.6
0.777
0.243
0.985
0.59
0.711
0.937
0.473
0.01
0.475
0.715
0.836
0.111
0.916
0.321
0.488
0.735
0.708
0.871
0.565
0.042
0.538
0.541
0.785
0.961
0.261
0.02
0.381
0.35
0.066
0.163
0.442
0.76
0.577
0.517
0.471
0.393
0.21
0.798
0.993
0.725
0.003
0.246
0.109
0.481
0.677
0.705
0.767
0
0.914
0.567
0.137
0.698
0.861
0.881
0.224
0.364
0.253
0.867
0.608
0.187
0.32
0.067
0.266
0.441
0.079
0.737
0.121
0.308
0.784
0.053
0.773
0.205
0.275
0.598
0.912
0.55
0.895
0.815
0.201
0.687
0.813
0.177
0.602
0.641
0.47
0.305
0.389
0.193
0.473
0.372
0.17
0.139
0.233
0.933
0.158
0.196
0.284
0.205
0.134
0.018
0.395
0.898
0.453
0.979
0.311
0.826
0.729
0.995
0.358
0.32
0.754
