0.419
0.138
0.211
0.773
0.092
0.229
0.391
0.286
0.767
0.486
0.158
0.504
0.029
0.269
0.856
0.865
0.5
0.851
0.107
0.973
0.487
0.112
0.415
0.522
0.128
0.093
0.726
0.393
0.296
0.465
0.396
0.071
0.67
0.639
0.037
0.824
0.83
0.997
0.527
0.344
0.088
0.412
0.63
0.802
0.699
0.275
0.499
0.181
0.7
0.254
0.653
0.558
0.045
0.982
0.074
0.931
0.154
0.183
0.666
0.826
0.409
0.432
0.675
0.181
0.929
0.847
0.855
0.503
0.785
0.085
0.297
0.048
0.79
0.503
0.211
0.25
0.788
0.624
0.566
0.732
0.109
0.751
0.738
0.545
0.765
0.337
0.074
0.756
0.395
0.955
0.659
0.494
0.188
0.686
0.042
0.165
0.546
0.218
0.59
0.441
0.967
0.398
0.446
0.482
0.198
0.495
0.8
0.444
0.151
0.947
0.442
0.09
0.213
0.437
0.608
0.489
0.701
0.019
0.147
0.287
0.424
0.73
0.371
0.855
0.458
0.035
0.775
0.338
0.185
0.896
0.408
0.738
0.358
0.849
0.253
0.586
0.586
0.245
0.166
0.943
0
0.184
0.264
0.519
0.638
0.04
0.453
0.378
0.516
0.448
0.231
0.312
0.685
0.48
0.384
0.031
0.384
0.481
0.289
0.481
0.252
0.936
0.676
0.634
0.613
0.564
0.515
0.04
0.523
0.214
0.161
0.48
0.925
0.044
0.444
0.516
0.011
0.64
0.501
0.536
0.652
0.88
0.03
0.119
0.236
0.124
0.868
0.213
0.81
0.301
0.569
0.928
0.988
0.809
0.106
0.603
0.846
0.602
0.271
0.076
0.966
0.083
0.326
0.701
0.737
0.968
0.718
0.819
0.239
0.249
0.901
0.232
0.924
0.136
0.738
0.999
0.362
0.313
0.288
0.379
0.789
0.105
0.302
0.736
0.808
0.832
0.358
0.177
0.434
0.895
0.439
0.264
0.001
0.289
0.961
0.367
0.515
0.068
0.07
0.982
0.016
0.479
0.511
0.261
0.202
0.484
0.756
0.321
0.218
0.039
0.31
0.787
0.115
0.073
0.471
0.7
0.084
0.5
0.9
0.651
0.648
0.612
0.296
0.399
0.352
0.695
0.796
0.702
0.487
0.579
0.067
0.113
0.441
0.588
0.376
0.746
0.137
0.629
0.024
0.991
0.475
0.2
0.17
0.979
0.609
0.13
0.129
0.325
0.194
0.708
0.501
0.021
0.053
0.144
0.243
0.62
0.853
0.139
0.089
0.764
0.248
0.738
0.946
0.844
0.837
0.488
0.534
0.622
0.393
0.392
0.828
0.793
0.368
0.68
0.79
0.686
0.494
0.224
0.569
0.795
0.718
0.243
0.369
0.301
0.809
0.201
0.696
0.767
0.707
0.712
0.257
0.506
0.698
0.337
0.76
0.535
0.71
0.946
0.572
0.99
0.187
0.132
0.255
0.016
0.282
0.125
0.152
0.411
0.214
0.865
0.733
0.712
0.622
0.547
0.666
0.371
0.827
0.409
0.575
0.117
0.989
0.314
0.134
0.196
0.6
0.725
0.742
0.766
0.911
0.486
0.095
0.391
0.031
0.069
0
0.649
0.347
0.22
0.985
0.299
0.65
0.233
0.12
0.544
0.056
0.123
0.872
0.651
0.767
0.217
0.952
0.863
0.586
0.038
0.624
0.749
0.466
0.542
0.685
0.371
0.179
0.362
0.189
0.077
0.129
0.783
0.203
0.742
0.693
0.662
0.695
0.311
0.142
0.302
0.749
0.402
0.715
0.847
0.95
0.634
0.393
0.499
0.594
0.276
0.937
0.516
0.305
0.309
0.677
0.141
0.292
0.875
0.267
0.048
0.674
0.011
0.655
0.291
0.161
0.287
0.994
0.525
0.038
0.686
0
0.332
0.401
0.275
0.077
0.032
0.718
0.254
0.406
0.204
0.681
0.041
0.115
0.834
0.691
0.505
0.749
0.436
0.845
0.035
0.348
0.147
0.592
0.347
0.138
0.469
0.532
0.07
0.846
0.669
0.066
0.117
0.862
0.384
0.147
0.951
0.535
0.632
0.404
0.918
0.764
0.271
0.936
0.35
0.606
0.178
0.956
0.007
0.386
0.371
0.342
0.816
0.245
0.798
0.881
0.887
0.232
0.7
0.719
0.968
0.671
0.518
0.775
0.427
0.245
0.126
0.373
0.977
0.406
0.609
0.528
0.7
0.39
0.617
0.508
0.9
0.669
0.491
0.699
0.389
0.569
0.861
0.999
0.229
0.345
0.613
0.04
0.101
0.421
0.318
0.601
0.334
0.53
0.819
0.944
0.581
0.317
0.799
0.243
0.163
0.75
0.401
0.735
0.623
0.54
0.033
0.369
0.449
0.17
0.538
0.376
0.005
0.632
0.604
0.094
0.748
0.31
0.88
0.442
0.113
0.465
0.669
0.178
0.155
0.831
0.059
0.124
0.042
0.668
0.271
0.553
0.564
0.263
0.529
0.547
0.864
0.631
0.366
0.235
0.92
0.717
0.261
0.72
0.69
0.745
0.996
0.071
0.972
0.85
0.834
0.595
0.324
0.365
0.983
0.853
0.53
0.873
0.915
0.221
0.27
0.852
0.644
0.926
0.403
0.47
0.776
0.638
0.945
0.99
0.728
0.881
0.823
0.437
0.977
0.95
0.463
0.793
0.311
0.85
0.801
0.612
0.9
0.76
0.722
0.165
0.837
0.145
0.36
0.878
0.57
0.531
0.323
0.791
0.534
0.941
0.251
0.53
0.081
0.745
0.96
0.006
0.798
0.633
0.989
0
0.669
0.957
0.127
0.845
0.42
0.898
0.484
0.369
0.063
0.807
0.949
0.683
0.97
0.057
0.672
0.405
0.576
0.477
0.178
0.631
0.018
0.731
0.611
0.256
0.982
0.525
0.592
0.308
0.641
0.559
0.498
0.838
0.429
0.367
0.106
0.621
0.617
0.684
0.565
0.287
0.402
0.325
0.141
0.507
0.341
0.979
0.109
0.169
0.301
0.138
0.848
0.28
0.074
0.545
0.5
0.468
0.008
0.378
0.742
0.204
0.695
0.675
0.275
0.183
0.866
0.044
0.374
0.96
0.072
0.945
0.088
0.274
0.913
0.566
0.452
0.58
0.644
0.845
0.453
0.991
0.712
0.886
0.252
0.282
0.564
0.469
0.834
0.067
0.524
0.224
0.177
0.825
0.457
0.097
0.745
0.07
0.332
0.571
0.661
0.847
0.669
0.536
0.333
0.05
0.393
0.085
0.35
0.245
0.157
0.277
0.421
0.431
0.115
0.239
0.252
0.341
0.912
0.419
0.9
0.42
0.866
0.183
0.034
0.774
0.796
0.942
0.634
0.033
0.043
0.055
0.503
0.812
0.895
0.091
0.725
0.637
0.242
0.286
0.339
0.083
0.218
0.194
0.757
0.992
0.722
0.538
0.911
0.79
0.805
0.09
0.11
0.558
0.127
0.509
0.734
0.972
0.47
0.163
0.456
0.412
0.506
0.593
0.174
0.307
0.694
0.571
0.261
0.806
0.487
0.848
0.975
0.495
0.783
0.127
0.555
0.189
0.619
0.194
0.8
0.304
0.449
0.366
0.767
0.205
0.931
0.337
0.944
0.151
0.068
0.013
0.719
0.735
0.063
0.56
0.263
0.215
0.025
0.816
0.527
0.239
0.188
0.509
0.019
0.297
0.141
0.568
0.599
0.811
0.707
0.531
0.551
0.54
0.186
0.145
0.978
0.494
0.307
0.261
0.19
0.81
0.287
0.794
0.61
0.87
0.107
0.495
0.154
0.392
0.65
0.223
0.769
0.31
0.539
0.908
0.916
0.373
0.846
0.4
0.668
0.907
0.936
0.517
0.059
0.825
0.69
0.932
0.301
0.047
0.269
0.196
0.917
0.995
0.7
0.181
0.294
0.154
0.892
0.74
0.233
0.271
0.612
0.288
0.353
0.784
0.787
0.07
0.848
0.981
0.909
0.132
0.942
0.365
0.061
0.574
0.651
0.743
0.842
0.112
0.648
0.703
0.686
0.562
0.57
0.632
0.327
0.997
0.89
0.688
0.569
0.851
0.088
0.898
0.66
0
0.932
0.849
0.42
0.109
0.06
0.019
0.733
0.581
0.651
0.434
0.948
0.128
0.951
0.705
0.144
0.394
0.267
0.136
0.046
0.508
0.923
0.522
0.728
0.907
0.115
0.448
0.699
0.923
0.461
0.332
0.531
0.808
0.764
0.356
0.662
0.544
0.48
0.381
0.645
0.269
0.367
0.498
0.337
0.678
0.486
0.828
0.418
0.829
0.046
0.231
0.816
0.007
0.649
0.044
0.839
0.888
0.296
