0.302
0.657
0.713
0.593
0.546
0.009
0.8
0.433
0.205
0.26
0.028
0.732
0.035
0.861
0.135
0.9
0.037
0.178
0.633
0.949
0.584
0.751
0.233
0.796
0
0.766
0.372
0.21
0.246
0.356
0.182
0.178
0.979
0.712
0.834
0.133
0.934
0.249
0.591
0.267
0.676
0.965
0.143
0.401
0.932
0.779
0.936
0.093
0.859
0.514
0.917
0.892
0.815
0.301
0.596
0.212
0.278
0.307
0.161
0.433
0.329
0.369
0.942
0.018
0.582
0.538
0.597
0.138
0.016
0.336
0.719
0.871
0.682
0.961
0.41
0.589
0.628
0.645
0.938
0.958
0.936
0.991
0.93
0.716
0.399
0.633
0.908
0.565
0.172
0.21
0.755
0.468
0.252
0.069
0.262
0.469
0.984
0.455
0.504
0.043
0.671
0.024
0.776
0.577
0.025
0.735
0.325
0.494
0.337
0.096
0.908
0.901
0.063
0.135
0.779
0.674
0.314
0.534
0.418
0.257
0.126
0.868
0.577
0.894
0.092
0.912
0.204
0.83
0.363
0.477
0.827
0.418
0.843
0.28
0.321
0.835
0.174
0.308
0.158
0.87
0.527
0.249
0.011
0.862
0.504
0.862
0.762
0.3
0.949
0.3
0.428
0.622
0.114
0.153
0.62
0.311
0.449
0.294
0.623
0.965
0.527
0.574
1.0
0.278
0.213
0.547
0.529
0.961
0.894
0.192
0.712
0.645
0.446
0.993
0.107
0.578
0.596
0.527
0.8
0.707
0.201
0.099
0.145
0.874
0.055
0.197
0.731
0.177
0.635
0.036
0.017
0.046
0.281
0.683
0.883
0.69
0.224
0.987
0.087
0.996
0.497
0.292
0.994
0.221
0.56
0.221
0.157
0.701
0.7
0.247
0.187
0.891
0.197
0.585
0.882
0.255
0.082
0.379
0.404
0.325
0.767
0.35
0.035
0.665
0.179
0.662
0.574
0.904
0.25
0.789
0.135
0.639
0.921
0.349
0.627
0.454
0.67
0.355
0.893
0.581
0.793
0.048
0.574
0.143
0.388
0.74
0.997
0.833
0.172
0.617
0.035
0.488
0.584
0.717
0.83
0.788
0.959
0.724
0.83
0.061
0.566
0.634
0.651
0.737
0.104
0.981
0.326
0.323
0.763
0.514
0.618
0.408
0.167
0.87
0.133
0.41
0.863
0.348
0.5
0.106
0.066
0.317
0.603
0.839
0.245
0.264
0.083
0.135
0.714
0.459
0.977
0.402
0.313
0.366
0.74
0.275
0.397
0.845
0.888
0.836
0.063
0.369
0.65
0.327
0.219
0.294
0.136
0.773
0.744
0.774
0.393
0.767
0.629
0.855
0.794
0.147
0.385
0.668
0.923
0.565
0.157
0.437
0.854
0.024
0.153
0.747
0.591
0.024
0.467
0.743
0.038
0.941
0.51
0.732
0.085
0.42
0.892
0.101
0.973
0.305
0.494
0.702
0.055
0.021
0.644
0.134
0.117
0.282
0.95
0.389
0.133
0.601
0.242
0.396
0.347
0.366
0.975
0.086
0.027
0.977
0.65
0.878
0.889
0.433
0.153
0.64
0.405
0.562
0.239
0.593
0.638
0.969
0.393
0.064
0.677
0.088
0.403
0.095
0.061
0.022
0.266
0.862
0.204
0.975
0.849
0.099
0.973
0.895
0.356
0.939
0.794
0.92
0.554
0.563
0.312
0.145
0.846
0.697
0.198
0.921
0.508
0.053
0.279
0.74
0.396
0.139
0.936
0.838
0.06
0.873
0.079
0.992
0.607
0.741
0.241
0.025
0.4
0.138
0.927
0.743
0.303
0.241
0.194
0.182
0.486
0
0.531
0.034
0.191
0.774
0.166
0.654
0.293
0.513
0.452
0.117
0.767
0.192
0.902
0.664
0.879
0.414
0.146
0.38
0.315
0.143
0.946
0.805
0.694
0.309
0.23
0.227
0.189
0.619
0.345
0.505
0.782
0.126
0.662
0.179
0.136
0.064
0.732
0.912
0.089
0.729
0.628
0.661
0.909
0.463
0.38
0.966
0.897
0.222
0.922
0.429
0.515
0.006
0.559
0.875
0.877
0.988
0.733
0.429
0.948
0.376
0.213
0.423
0.967
0.128
0.766
0.33
0.791
0.791
0.625
0.523
0.797
0.876
0.267
0.091
0.737
0.273
0.172
0.595
0.944
0.598
0.59
0.898
0.021
0.813
0.135
0.273
0.547
0.29
0.904
0.396
0.417
0.708
0.094
0.519
0.197
0.493
0.773
0.997
0.299
0.912
0.194
0.541
0.434
0.23
0.012
0.278
0.956
0.197
0.052
0.258
0.814
0.295
0.722
0.613
0.593
0.88
0.02
0.8
0.142
0.942
0.463
0.947
0.862
0.605
0.043
0.001
0.113
0.244
0.985
0.115
0.562
0.284
0.308
0.978
0.372
0.183
0.771
0.754
0.459
0.45
0.69
0.766
0.329
0.916
0.768
0.665
0.327
0.767
0.63
0.04
0.043
0.476
0.525
0.147
0.55
0.631
0.282
0.052
0.018
0.023
0.7
0.36
0.181
0.752
0.85
0.295
0.302
0.387
0.424
0.133
0.541
0.407
0.425
0.234
0.631
0.692
0.452
0.259
0.748
0.118
0.067
0.243
0.855
0.934
0.299
0.289
0.124
0.098
0.211
0.327
0.687
0.229
0.915
0.285
0.516
0.594
0.256
0.476
0.128
0.584
0.332
0.023
0.981
0.461
0.262
0.929
0.953
0.073
0.045
0.05
0.274
0.668
0.561
0.147
0.284
0.078
0.191
0.307
0.007
0.341
0.938
0.477
0.875
0.682
0.055
0.359
0.175
0.308
0.696
0.25
0.782
0.648
0.252
0.517
0.022
0.827
0.729
0.643
0.366
0.926
0.811
0.092
0.23
0.806
0.961
0.399
0.7
0.345
0.354
0.63
0.11
0.341
0.65
0.415
0.72
0.33
0.496
0.645
0.957
0.095
0.911
0.96
0.127
0.513
0.569
0.446
0.547
0.502
0.026
0.902
0.924
0.976
0.739
0.805
0.051
0.538
0.403
0.373
0.609
0.107
0.594
0.147
0.844
0.679
0.317
0.94
0.747
0.389
0.68
0.707
0.081
0.352
0.382
0.21
0.651
0.112
0.249
0.478
0.634
0.567
0.455
0.132
0.003
0.571
0.782
0.026
0.802
0.196
0.786
0.209
0.034
0.985
0.272
0.063
0.347
0.94
0.426
0.627
0.06
0.674
0.796
0.076
0.917
0.519
0.862
0.928
0.988
0.006
0.751
0.154
0.493
0.441
0.128
0.907
0.054
0.881
0.422
0.949
0.617
0.029
0.349
0.858
0.096
0.867
0.641
0.138
0.186
0.171
0.034
0.591
0.482
0.231
0.966
0.488
0.105
0.981
0.42
0.612
0.614
0.183
0.8
0.536
0.247
0.574
0.805
0.097
0.175
0.96
0.821
0.386
0.247
0.938
0.556
0.635
0.002
0.973
0.172
0.235
0.193
0.052
0.483
0.618
0.131
0.099
0.769
0.416
0.263
0.745
0.704
0.845
0.468
0.507
0.72
0.342
0.836
0.859
0.635
0.165
0.813
0.474
0.51
0.374
0.518
0.626
0.656
0.331
0.926
0.144
0.189
0.699
0.094
0.073
0.969
0.245
0.719
0.842
0.139
0.886
0.955
0.959
0.48
0.516
0.946
0.824
0.772
0.19
0.965
0.822
0.181
0.437
0.769
0.288
0.92
0.231
0.882
0.326
0.401
0.592
0.969
0.868
0.459
0.881
0.785
0.84
0.34
0.121
0.863
0.102
0.146
0.393
0.6
0.793
0.781
0.707
0.69
0.636
0.652
0.573
0.324
0.832
0.169
0.324
0.048
0.282
0.758
0.815
0.501
0.847
0.805
0.439
0.253
0.146
0.498
0.359
0.307
0.547
0.235
0.359
0.975
0.853
0.688
0.067
0.511
0.887
0.28
0.768
0.52
0.342
0.698
0.081
0.951
0.028
0.205
0.224
0.401
0.041
0.809
0.342
0.943
0.609
0.67
0.733
0.998
0.477
0.801
0.071
0.697
0.216
0.168
0.764
0.661
0.92
0.894
0.728
0.214
0.47
0.853
0.941
0.533
0.458
0.808
0.852
0.611
0.574
0.282
0.994
0.578
0.202
0.515
0.896
0.077
0.147
0.952
0.261
0.823
0.863
0.842
0.534
0.591
0.845
0.271
0.488
0.643
0.45
0.244
0.25
0.251
0.383
0.654
0.483
0.877
0.134
0.404
0.589
0.499
0.206
0.65
0.674
0.114
0.555
0.86
0.322
0.575
0.742
0.021
0.838
0.458
0.511
0.31
0.213
0.793
0.087
0.992
0.473
