0.497
0.333
0.035
0.078
0.104
0.288
0.13
0.475
0.612
0.125
0.722
0.324
0.318
0.925
0.871
0.703
0.443
0.54
0.385
0.968
0.517
0.596
0.933
0.192
0.802
0.525
0.844
0.862
0.873
0.645
0.586
0.739
0.189
0.602
0.372
0.501
0.336
0.904
0.369
0.625
0.282
0.31
0.275
0.6
0.29
0.537
0.562
0.43
0.144
0.822
0.89
0.658
0.432
0.755
0.415
0.784
0.209
0.369
0.544
0.571
0.468
0.941
0.26
0.161
0.738
0.398
0.562
0.895
0.276
0.023
0.761
0.763
0.348
0.617
0.515
0.777
0.308
0.652
0.906
0.05
0.377
0.224
0.898
0.784
0.711
0.551
0.304
0.139
0.906
0.579
0.425
0.095
0.406
0.523
0.944
0.992
0.543
0.077
0.28
0.335
0.076
0.722
0.54
0.811
0.943
0.861
0.233
0.469
0.081
0.844
0.741
0.132
0.676
0.163
0.216
0.271
0.158
0.383
0.73
0.45
0.431
0.328
0.895
0.781
0.674
0.489
0.319
0.527
0.809
0.249
0.749
0
0.265
0.207
0.571
0.441
0.936
0.926
0.909
0.763
0.401
0.479
0.916
0.094
0.413
0.182
0.538
0.444
0.097
0.635
0.414
0.645
0.171
0.188
0.935
0.944
0.462
0.13
0.465
0.409
0.364
0.583
0.644
0.337
0.666
0.073
0.116
0.989
0.504
0.047
0.257
0.415
0.135
0.301
0.443
0.338
0.811
0.954
0.508
0.102
0.708
0.999
0.033
0.28
0.35
0.193
0.142
0.651
0.017
0.568
0.665
0.818
0.028
0.935
0.419
0.517
0.086
0.609
0.475
0.244
0.216
0.064
0.713
0.269
0.257
0.224
0.541
0.31
0.457
0.891
0.522
0.798
0.475
0.715
0.016
0.931
0.7
0.914
0.366
0.762
0.703
0.728
0.354
0.119
0.972
0.552
0.103
0.836
0.652
0.945
0.923
0.333
0.399
0.683
0.824
0.337
0.465
0.37
0.087
0.395
0.315
0.341
0.327
0.213
0.734
0.543
0.174
0.916
0.827
0.217
0.993
0.242
0.022
0.941
0.097
0.663
0.287
0.826
0.983
0.739
0.839
0.817
0.842
0.714
0.984
0.884
0.867
0.973
0.085
0.748
0.57
0.854
0.691
0.041
0.54
0.175
0.823
0.655
0.434
0.05
0.219
0.377
0.884
0.798
0
0
0.68
0.712
0.374
0.083
0.289
0.439
0.802
0.614
0.749
0.228
0.802
0.685
0.461
0.59
0.861
0.687
0.747
0.838
0.473
0.986
0.668
0.566
0.834
0.321
0.309
0.528
0.41
0.553
0.088
0.853
0.689
0.638
0.553
0.956
0.184
0.731
0.847
0.364
0.756
0.973
0.946
0.161
0.053
0.098
0.431
0.269
0.575
0.502
0.986
0.857
0.615
0.459
0.746
0.42
0.551
0.332
0.275
0.044
0.85
0.014
0.964
0.579
0.215
0.245
0.667
0.176
0.242
0.15
0.655
0.611
0.579
0.531
0.655
0.458
0.757
0.1
0.483
0.309
0.307
0.96
0.89
0.414
0.604
0.556
0.798
0.006
0.655
0.745
0.048
0.985
0.373
0.871
0.298
0.834
0.471
0.217
0.695
0.801
0.09
0.489
0.894
0.935
0.681
0.337
0.073
0.336
0.316
0.349
0.117
0.715
0.842
0.486
0.639
0.631
0.081
0.65
0.973
0.91
0.691
0.017
0.957
0.466
0.277
0.096
0.72
0.09
0.456
0.412
0.406
0.529
0.777
0.621
0.294
0.066
0.134
0.823
0.164
0.373
0.959
0.53
0.617
0.356
0.428
0.085
0.081
0.556
0.177
0.257
0.09
0.835
0.432
0.63
0.294
0.942
0.97
0.058
0.142
0.553
0.522
0
0.429
0.064
0.897
0.758
0.731
0.369
0.204
0.168
0.978
0.38
0.56
0.172
0.76
0.042
0.581
0.218
0.141
0.008
0.942
0.987
0.888
0.783
0.001
0.965
0.072
0.472
0.952
0.079
0.631
0.624
0.468
0.587
0.369
0.305
0.851
0.03
0.884
0.82
0.037
0.483
0.509
0.884
0.297
0.301
0.561
0.689
0.235
0.387
0.212
0.071
0.489
0.374
0.935
0.29
0.433
0.468
0.465
0.543
0.473
0.861
0.325
0.926
0.199
0.941
0.507
0.152
0.446
0.587
0.815
0.438
0.787
0.852
0.937
0.448
0.532
0.611
0.559
0.402
0.012
0.651
0.634
0.117
0.48
0.911
0.86
0.317
0.019
0.923
0.288
0.58
0.661
0.901
0.171
0.188
0.35
0.867
0.919
0.198
0.91
0.882
0.902
0.863
0.196
0.677
0.696
0.834
0.886
0.659
0.232
0.006
0.052
0.267
0.967
0.239
0.859
0.677
0.616
0.125
0.318
0.96
0.95
0.272
0.945
0.09
0.521
0.297
0.845
0.703
0.713
0.339
0.325
0.574
0.516
0.379
0.772
0.236
0.778
0.352
0.722
0.043
0.298
0.7
0.442
0.922
0.915
0.672
0.027
0.714
0.15
0.727
0.204
0.097
0.606
0.744
0.586
0.508
0.342
0.153
0.707
0.008
0.492
0.855
0.315
0.123
0.554
0.562
0.502
0.482
0.922
0.88
0.054
0.68
0.915
0.22
0.893
0.552
0.959
0.108
0.85
0.44
0.168
0.779
0.959
0.187
0.171
0.647
0.111
0.131
0.792
0.448
0.598
0.288
0.823
0.653
0.345
0.809
0.849
0.932
0.354
0.06
0.361
0.822
0.531
0.888
0.297
0.904
0.306
0.568
0.867
0.989
0.016
0.514
0.542
0.622
0.917
0.017
0.96
0.533
0.429
0.699
0.558
0.751
0.284
0.052
0.583
0.378
0.918
0.329
0.544
0.746
0.61
0.532
0.809
0.056
0.231
0.806
0.4
0.38
0.738
0.882
0.515
0.665
0.412
0.556
0.927
0.53
0.352
0.966
0.863
0.004
0.802
0.739
0.212
0.006
0.211
0.494
0.141
0.515
0.782
0.285
0.991
0.608
0.203
0.86
0.857
0.063
0.439
0.35
0.274
0.663
0.121
0.704
0.464
0.644
0.772
0.707
0.679
0.139
0.162
0.143
0.184
0.266
0.766
0.33
0.965
0.521
0.266
0.142
0.412
0.622
0.087
0.421
0.734
0.177
0.011
0.371
0.092
0.196
0.539
0.898
0.592
0.633
0.259
0.294
0.826
0.587
0.039
0.984
0.117
0.354
0.654
0.757
0.54
0.534
0.753
0.961
0.325
0.162
0.982
0.846
0.154
0.405
0.967
0.797
0.853
0.837
0.985
0.384
0.845
0.372
0.869
0.324
0.05
0.496
0.964
0.602
0.268
0.261
0.002
0.51
0.513
0.88
0.246
0.317
0.008
0.153
0.502
0.224
0.469
0.542
0.493
0.763
0.583
0.303
0.186
0.732
0.093
0.47
0.922
0.648
0.658
0.194
0.478
0.151
0.845
0.51
0.47
0.909
0.421
0.472
0.676
0.243
0.441
0.687
0.062
0.679
0.833
0.598
0.002
0.002
0.605
0.376
0.453
0.952
0.338
0.635
0.353
0.946
0.087
0.399
0.235
0.081
0.011
0.368
0.202
0.754
0.555
0.476
0.934
0.544
0.859
0.589
0.344
0.143
0.724
0.125
0.96
0.007
0.369
0.422
0.09
0.444
0.703
0.597
0.46
0.201
0.849
0.635
0.94
0.077
0.024
0.028
0.413
0.667
0.798
0.145
0.716
0.667
0
0.819
0.78
0.089
0.361
0.893
0.715
0.684
0.453
0.743
0.451
0.881
0.83
0.442
0.062
0.338
0.382
0.126
0.796
0.478
0.503
0
0.203
0.596
0.692
0.935
0.111
0.701
0.827
0.842
0.518
0.913
0.276
0.704
0.027
0
0.986
0.25
0.769
0.24
0.817
0.521
0.125
0.085
0.803
0.465
0.362
0.138
0.068
0.156
0.76
0.561
0.798
0.99
0.735
0.925
0.726
0.896
0.172
0.071
0.162
0.557
0.808
0.229
0.034
0.05
0.193
0.427
0.754
0.644
0.633
0.487
0.517
0.359
0.64
0.263
0.701
0.127
0.94
0.054
0.4
0.706
0.179
0.141
0.241
0.645
0.282
0.547
0.084
0.785
0.852
0.293
0.235
0.161
0.544
0.028
0.149
0.106
0.016
0.903
0.999
0.992
0.39
0.524
0.999
0.709
0.17
0.183
0.608
0.57
0.306
0.566
0.597
0.69
0.445
0.123
0.465
0.646
0.833
0.862
0.36
0.323
0.431
0.059
0.885
0.777
