0.932
0.861
0.591
0.244
0.141
0.064
0.305
0.206
0.786
0.841
0.689
0.271
0.761
0.764
0.824
0.147
0.5
0.951
0.394
0.642
0.083
0.468
0.668
0.768
0.696
0.271
0.583
0.089
0.351
0.039
0.265
0.386
0.048
0.163
0.594
0.368
0.865
0.252
0.096
0.787
0.247
0.725
0.643
0.398
0.332
0.548
0.403
0.459
0.23
0.223
0.872
0.287
0.023
0.098
0.516
0.036
0.85
0.196
0.373
0.944
0.001
0.171
0.253
0.54
0.18
0.434
0.974
0.475
0.854
0.761
0.879
0.565
0.993
0.984
0.028
0.258
0.633
0.27
0.575
0.692
0.475
0.366
0.08
0.842
0.417
0.383
0.368
0.301
0.189
0.864
0.863
0.023
0.737
0.855
0.268
0.857
0.978
0.381
0.41
0.47
0.733
0.494
0.789
0.854
0.568
0.15
0.879
0.925
0.02
0.239
0.181
0.611
0.229
0.446
0.058
0.14
0.445
0.025
0.447
0.215
0.884
0.407
0.396
0.842
0.526
0.809
0.512
0.101
0.267
0.687
0.816
0.952
0.28
0.683
0.507
0.623
0.735
0.83
0.144
0.548
0.927
0.058
0.291
0.494
0.236
0.875
0.477
0.048
0.063
0.192
0.397
0.31
0.46
0.869
0.069
0.362
0.131
0.41
0.711
0.903
0.788
0.165
0.368
0.866
0.465
0.285
0
0.981
0.38
0.339
0.793
0.625
0.438
0.331
0.437
0.997
0.686
0.267
0.208
0.883
0.712
0.256
0.813
0.411
0.226
0.589
0.839
0.181
0.517
0.497
0.099
0.884
0.221
0.797
0.602
0.751
0.895
0.21
0.385
0.737
0.28
0.614
0.434
0.617
0.276
0.363
0.673
0.382
0.063
0.022
0.694
0.502
0.753
0.617
0.185
0.769
0.504
0.951
0.661
0.793
0.654
0.995
0.943
0.001
0.988
0.321
0.975
0.279
0.301
0.517
0.33
0.194
0.64
0.917
0.362
0.886
0.945
0.674
0.976
0.286
0.072
0.194
0.774
0.537
0.473
0.768
0.133
0.917
0.485
0.815
0.83
0.239
0.631
0.941
0.912
0.048
0.514
0.978
0.862
0.265
0.247
0.902
0.171
0.307
0.431
0.273
0.823
0.163
0.133
0.383
0.138
0.483
0.101
0.582
0.35
0.465
0.672
0.101
0.818
0.456
0.487
0.086
0.036
0.113
0.618
0.804
0.453
0.195
0.3
0.039
0.348
0.083
0.623
0.418
0.962
0.264
0.642
0.493
0.09
0.221
0.319
0.66
0.93
0.867
0.565
0.865
0.21
0.355
0.106
0.511
0.927
0.065
0.898
0.302
0.895
0.771
0.917
0.573
0.776
0.156
0.527
0.694
0.127
0.828
0.067
0.425
0.388
0.98
0.619
0.647
0.583
0.674
0.161
0.393
0.369
0.622
0.477
0.787
0.187
0.546
0.706
0.22
0.234
0.152
0.226
0.451
0.212
0.908
0.102
0.963
0.134
0.027
0.941
0.722
0.091
0.308
0.238
0.48
0.637
0.255
0.036
0.48
0.496
0.707
0.09
0.399
0.633
0.899
0.715
0.345
0.084
0.805
0.67
0.168
0.622
0.453
0.504
0.984
0.935
0.231
0.803
0.465
0.507
0.437
0.804
0.845
0.893
0.318
0.675
0.222
0.46
0.504
0.719
0.379
0
0.8
0.667
0.905
0.047
0.362
0.683
0.951
0.309
0.608
0.815
0.435
0.543
0.383
0.041
0.551
0.499
0.493
0.003
0.44
0.258
0.391
0.541
0.231
0.8
0.892
0.793
0.389
0.394
0.178
0.129
0.327
0.45
0.532
0.557
0.261
0.618
0.398
0.223
0.03
0.209
0.836
0.685
0.253
0.783
0.47
0.904
0.665
0.242
0.697
0.501
0.637
0.733
0.782
0.798
0.512
0.627
0.769
0.005
0.243
0.725
0.182
0.052
0.608
0.181
0.223
0.226
0.593
0.862
0.2
0.473
0.86
0.922
0.449
0.239
0.115
0.958
0.185
0.31
0.454
0.895
0.008
0.094
0.512
0.741
0.505
0.222
0.81
0.951
0.037
0.085
0.359
0.958
0.628
0.121
0.507
0.674
0.335
0.644
0.049
0.109
0.613
0.284
0.025
0.779
0.934
0.075
0.419
0.594
0.037
0.466
0.71
0.0
0.679
0.648
0.758
0.807
0.305
0.948
0.3
0.266
0.309
0.112
0.02
0.986
0.433
0.846
0.566
0.702
0.635
0.771
0.045
0.179
0.164
0.913
0.933
0.208
0.053
0.336
0.408
0.934
0.769
0.184
0.078
0.976
0.956
0.615
0.602
0.059
0.194
0.271
0.448
0.682
0.698
0.811
0.04
0.378
0.043
0.419
0.957
0.183
0.661
0.06
0.274
0.245
0.445
0.112
0.001
0.006
0.855
0.185
0.279
0.448
0.197
0.18
0.964
0.56
0.42
0.09
0.956
0.068
0.729
0.591
0.132
0.044
0.4
0.691
0.362
0.387
0.855
0.371
0.072
0.128
0.945
0.98
0.707
0.84
0.269
0.51
0.577
0.132
0.998
0.199
0.322
0.201
0.41
0.504
0.626
0.611
0.409
0.851
0.371
0.186
0.038
0.177
0.257
0
0.761
0.342
0.802
0.589
0.221
0.033
0.138
0.213
0.885
0.711
0.857
0.729
0.881
0.532
0.134
0.368
0.973
0.454
0.063
0.144
0.531
0.397
0.196
0.822
0.712
0.237
0.97
0.177
0.305
0.598
0.219
0.945
0.748
0.433
0.597
0.994
0.666
0.765
0.116
0.957
0.234
0.15
0.605
0.102
0.346
0.737
0.745
0.213
0.374
0.151
0.692
0.858
0.468
0.355
0.718
0.886
0.213
0.243
0.455
0.31
0.03
0.601
0.253
0.533
0.612
0.688
0.236
0.631
0.302
0.26
0.464
0.955
0.046
0.825
0.046
0.697
0.091
0.554
0.771
0.297
0.589
0.109
0.702
0.828
0.321
0.089
0.831
0.679
0.395
0.833
0.768
0.14
0.202
0.629
0.264
0.512
0.677
0.356
0.605
0.41
0.506
0.144
0.844
0.662
0.571
0.859
0.853
0.8
0.025
0.338
0.679
0.085
0.581
0.984
0.615
0.82
0.466
0.768
0.586
0.623
0.292
0.452
0.581
0.095
0.837
0.185
0.47
0.567
0.538
0.001
0.676
0.764
0.57
0.801
0.241
0.619
0.626
0.46
0.22
0.666
0.082
0.856
0.087
0.98
0.516
0.401
0.996
0.185
0.186
0.682
0.392
0.896
0.894
0.278
0.764
0.474
0.427
0.155
0.584
0.952
0.486
0.652
0.435
0.244
0.416
0.033
0.467
0.949
0.122
0.819
0.391
0.443
0.437
0.518
0.15
0.391
0.02
0.602
0.802
0.463
0.934
0.888
0.222
0.685
0.996
0.055
0.871
0.287
0.167
0.442
0
0.442
0.324
0.153
0.942
0.054
0.489
0.763
0.996
0.104
0.449
0.284
0.829
0
0.163
0.51
0.895
0.273
0.82
0.537
0.28
0.194
0.179
0.197
0.733
0.664
0.73
0.988
0.408
0.749
0.59
0.676
0.607
0.953
0.981
0.832
0.462
0.971
0.967
0.459
0.241
0.309
0.601
0.297
0.643
0.557
0.573
0.418
0.03
0.406
0.076
0.198
0.023
0.656
0.111
0.475
0.893
0.13
0.357
0.058
0.573
0.543
0.457
0.079
0.822
0.049
0.486
0.154
0.076
0.87
0.62
0.138
0.376
0.035
0.621
0.928
0.369
0.38
0.536
0.674
0.726
0.066
0.744
0.549
0.979
0.734
0.989
0.635
0.422
0.997
0.629
0.006
0.855
0.539
0.063
0.963
0.964
0.89
0.329
0.114
0.81
0.301
0.686
0.699
0.687
0.977
0.057
0.477
0.158
0.477
0.272
0.466
0.24
0.289
0.121
0.89
0.448
0.104
0.674
0.374
0.334
0.511
0.727
0.431
0.99
0.849
0.724
0.479
0.056
0.259
0.056
0.944
0.849
0.564
0.786
0.345
0.787
0.105
0.702
0.854
0.456
0.854
0.365
0.503
0.735
0.672
0.943
0.001
0.563
0.804
0.401
0.672
0.198
0.335
0.509
0.104
0.812
0.405
0.15
0.095
0.703
0.795
0.18
0.682
0.484
0.312
0.162
0.385
0.136
0.834
0.458
0.514
0.004
0.704
0.142
0.709
0.927
0.31
0.487
0.426
0.607
0.56
0.741
0.412
0.704
0.83
0.432
0.665
0.635
0.685
0.636
0.341
0.783
0.756
0.513
0.428
0.46
0.592
0.785
