0.525
0.076
0.1
0.382
0.068
0.206
0.49
0.176
0.871
0.802
0.891
0.745
0.31
0.221
0.703
0.592
0.3
0.41
0.475
0.791
0.406
0.143
0.912
0.237
0.082
0.061
0.729
0.907
0.49
0.911
0.05
0.158
0.743
0.938
0.941
0.657
0.056
0.102
0.181
0.195
0.301
0.157
0.516
0.479
0.32
0.615
0.819
0.662
0.766
0.832
0.858
0.549
0.953
0.198
0.819
0.479
0.721
0.733
0.74
0.016
0.586
0.94
0.362
0.903
0.989
0.539
0.227
0.005
0.993
0.675
0.524
0.277
0.98
0.588
0.25
0.545
0.303
0.675
0.34
0.813
0.355
0.423
0.287
0.863
0.226
0.281
0.203
0.699
0.928
0.29
0.13
0.21
0.514
0.104
0.64
0.342
0.872
0.598
0.256
0.937
0.548
0.207
0.002
0.257
0.676
0.148
0.886
0.575
0.839
0.866
0.763
0.125
0.008
0.11
0.511
0.225
0.836
0.357
0.829
0.26
0.887
0.439
0.79
0.192
0.011
0.284
0.142
0.736
0.215
0.748
0.664
0.472
0.145
0.615
0.93
0.059
0.364
0.746
0.355
0.534
0.42
0.653
0.134
0.703
0.744
0.001
0.99
0.661
0.285
0.826
0.951
0.401
0.582
0.054
0.292
0.68
0.815
0.656
0.701
0.507
0.861
0.638
0.004
0.169
0.389
0.047
0.722
0.266
0.035
0.878
0.894
0.047
0.496
0.951
0.917
0.654
0.178
0.939
0.441
0.031
0.759
0.426
0.012
0.538
0.122
0.832
0.578
0.439
0.846
0.75
0.531
0.966
0.99
0.881
0.327
0.618
0.745
0.529
0.738
0.85
0.848
0.902
0.195
0.903
0.976
0.557
0.202
0.704
0.066
0.191
0.272
0.675
0.52
0.934
0.894
0.275
0.172
0.49
0.719
0.512
0.076
0.475
0.045
0.236
0.079
0.041
0.334
0.47
0.735
0.646
0.44
0.772
0.168
0.099
0.725
0.751
0.585
0.945
0.103
0.738
0.101
0.86
0.701
0.321
0.471
0.507
0.011
0.951
0.85
0.318
0.025
0.699
0.565
0.922
0.518
0.696
0.87
0.444
0.892
0.079
0.215
0.633
0.718
0.505
0.916
0.344
0.328
0.253
0.05
0.65
0.956
0.981
0.034
0.706
0.843
0.682
0.034
0.995
0.584
0.086
0.259
0.66
0.214
0.289
0.798
0.733
0.536
0.627
0.549
0.978
0.934
0.855
0.445
0.183
0.572
0.789
0.769
0.814
0.636
0.779
0.034
0.474
0.505
0.362
0.608
0.52
0.771
0.437
0.843
0.248
0.184
0.37
0.698
0.957
0.565
0.336
0.283
0.514
0.948
0.216
0.1
0.474
0.269
0.548
0.009
0.332
0.244
0.595
0.606
0.648
0.107
0.387
0.704
0.052
0.899
0.715
0.734
0.075
0.377
0.514
0.305
0.251
0.375
0.226
0.828
0.875
0.263
0.946
0.736
0.517
0.584
0.07
0.667
0.542
0.997
0.65
0.708
0.816
0.982
0.486
0.936
0.424
0.244
0.945
0.431
0.676
0.593
0.602
0.607
0.851
0.35
0.596
0.652
0.692
0.423
0.477
0.65
0.749
0.485
0.021
0.34
0.987
0.724
0.053
0.213
0.045
0.528
0.421
0.782
0.566
0.458
0.141
0.451
0.101
0.436
0.054
0.769
0.279
0.272
0.594
0.552
0.157
0.293
0.37
0.822
0.399
0.297
0.322
0.864
0.598
0.572
0.756
0.892
0.902
0.172
0.257
0.315
0.371
0.688
0.083
0.72
0.367
0.165
0.107
0.983
0.995
0.703
0.263
0.661
0.869
0.975
0.61
0.6
0.799
0.195
0.163
0.386
0.496
0.473
0.762
0.681
0.444
0.512
0.662
0.323
0.611
0.942
0.214
0.228
0.997
0.9
0.157
0.395
0.4
0.409
0.749
0.854
0.505
0.799
0.193
0.586
0.73
0.552
0.224
0.255
0.859
0.871
0.295
0.637
0.766
0.785
0.809
0.112
0.548
0.171
0.805
0.545
0.528
0.608
0.371
0.622
0.241
0.571
0.719
0.768
0.73
0.917
0.979
0.609
0.461
0.522
0.32
0.283
0.975
0.905
0.712
0.684
0.899
0.74
0.959
0.951
0.932
0.187
0.937
0.105
0.964
0.244
0.746
0.44
0.912
0.337
0.363
0.961
0.57
0.964
0.612
0.36
0.558
0.841
0.065
0.05
0.077
0.459
0.196
0.939
0.585
0.179
0.117
0.381
0.504
0.361
0.661
0.659
0.813
0.602
0.554
0.963
0.534
0.897
0.156
0.324
0.947
0.054
0.134
0.375
0.085
0.653
0.645
0.627
0.872
0.378
0.04
0.082
0.415
0.193
0.161
0.304
0.699
0.837
0.24
0.173
0.755
0.389
0.02
0.909
0.804
0.951
0.502
0.809
0.341
0.107
0.67
0.927
0.865
0.445
0.856
0.78
0.591
0.277
0.24
0.918
0.299
0.742
0.805
0.01
0.597
0.159
0.308
0.384
0.579
0.439
0.729
0.565
0.088
0.955
0.271
0.217
0.993
0.004
0.898
0.791
0.317
0.57
0.248
0.009
0.34
0.291
0.116
0.314
0.305
0.128
0.631
0.363
0.564
0.145
0.887
0.619
0.014
0.008
0.193
0.148
0.999
0.238
0.959
0.548
0.602
0.535
0.325
0.558
0.578
0.928
0.472
0.99
0.4
0.433
0.156
0.159
0.822
0.019
0.803
0.068
0.926
0.844
0.651
0.894
0.352
0.371
0.339
0.268
0.872
0.497
0.421
0.34
0.121
0.163
0.071
0.874
0.125
0.283
0.035
0.187
0.405
0.996
0.148
0.496
0.708
0.926
0.597
0.39
0.46
0.306
0.7
0.346
0.756
0.714
0.86
0.039
0.993
0.602
0.172
0.956
0.432
0.893
0.93
0.388
0.637
0.987
0.593
0.301
0.08
0.264
0.786
0.243
0.001
0.318
0.205
0.442
0.866
0.489
0.786
0.788
0.889
0.997
0.446
0.792
0.723
0.792
0.374
0.55
0.744
0.425
0.084
0.937
0.185
0.111
0.064
0.594
0.096
0.886
0.276
0.794
0.555
0.397
0.658
0.499
0.069
0.752
0.615
0.248
0.682
0.255
0.516
0.01
0.123
0.083
0.888
0.794
0.91
0.772
0.132
0.678
0.598
0.103
0.982
0.547
0.619
0.714
0.518
0.551
0.219
0.641
0.671
0.796
0.379
0.078
0.757
0.259
0.789
0.531
0.523
0.245
0.335
0.734
0.094
0.775
0.155
0.209
0.009
0.615
0.303
0.205
0.956
0.082
0.45
0.353
0.514
0.072
0.129
0.297
0.996
0.065
0.091
0.698
0.802
0.984
0.55
0.737
0.932
0.56
0.952
0.135
0.036
0.78
0.976
0.497
0.327
0.998
0.302
0.798
0.633
0.883
0.183
0.912
0.678
0.735
0.018
0.854
0.624
0.243
0.577
0.414
0.541
0.077
0.485
0.659
0.271
0.478
0.016
0.575
0.855
0.532
0.254
0.816
0.746
0.965
0.217
0.636
0.344
0.686
0.171
0.29
0.779
0.318
0.458
0.81
0.524
0.962
0.217
0.794
0.45
0.533
0.499
0.96
0.978
0.66
0.363
0.054
0.723
0.193
0.06
0.813
0.415
0.205
0.809
0.671
0.01
0.141
0.85
0.61
0.069
0.645
0.669
0.52
0.365
0.401
0.613
0.843
0.074
0.477
0.383
0.033
0.757
0.189
0.522
0.268
0.44
0.088
0.329
0.467
0.296
0.321
0.354
0.809
0.509
0.698
0.485
0.293
0.163
0.469
0.931
0.347
0.564
0.055
0.772
0.838
0.983
0.139
0.258
0.558
0.672
0.006
0.028
0.847
0.756
0.998
0.562
0.025
0.829
0.312
0.055
0.742
0.449
0.11
0.12
0.569
0.482
0.048
0.77
0.82
0.976
0.832
0.503
0.016
0.241
0.231
0.429
0.31
0.51
0.582
0.946
0.117
0.865
0.938
0.359
0.554
0.386
0.025
0.024
0.197
0.365
0.712
0.056
0.971
0.935
0.069
0.726
0.146
0.073
0.039
0.29
0.61
0.953
0.335
0.426
0.699
0.72
0.382
0.271
0.764
0.408
0.207
0.509
0.504
0.916
0.906
0.4
0.675
0.673
0.314
0.171
0.016
0.15
0.332
0.114
0.017
0.701
0.207
0.944
0.435
0.732
0.75
0.377
0.965
0.888
0.29
0.972
0.633
0.363
0.31
0.422
0.284
0.273
0.739
0.63
0.678
0.65
0.684
0.862
0.554
0.707
