0.216
0.887
0.826
0
0.032
0.147
0.339
0.536
0.302
0.377
0.824
0.819
0.375
0.96
0.611
0.034
0.913
0.412
0.946
0.113
0.243
0.361
0.535
0.428
0.623
0.824
0.911
0.67
0.688
0.953
0.316
0.018
0.056
0.584
0.775
0.753
0.68
0.08
0.772
0.641
0.879
0.825
0.726
0.473
0.417
0.259
0.893
0.288
0.213
0.324
0.621
0.567
0.314
0.726
0.281
0.137
0.911
0.563
0.614
0.328
0.067
0.457
0.594
0.885
0.662
0.408
0.386
0.469
0.727
0.322
0.524
0.666
0.46
0.33
0.989
0.772
0.415
0.438
0.661
0.786
0
0.351
0.572
0.786
0.329
0.84
0.473
0.673
0.065
0.666
0.138
0.193
0.668
0.131
0.093
0.968
0.671
0.317
0.947
0.046
0.062
0.768
0.701
1.0
0.231
0.923
0.223
0.396
0.058
0.401
0.305
0.533
0.914
0.09
0.298
0.742
0.899
0.043
0.506
0.705
0.434
0.658
0.559
0.072
0.053
0.934
0.101
0.029
0.372
0.057
0.215
0.354
0.868
0.852
0.443
0.418
0.374
0.534
0.968
0.715
0.528
0.663
0.796
0.248
0.125
0.794
0.449
0.084
0.028
0.459
0.754
0.73
0.039
0.105
0.447
0.548
0.209
0.073
0.042
0.543
0.277
0.067
0.252
0.367
0.958
0.879
0.192
0.233
0.852
0.424
0.42
0.923
0.063
0.631
0.33
0.853
0.354
0.909
0.193
0.744
0.87
0.562
0.511
0.994
0.223
0.626
0.298
0.094
0.048
0.193
0.583
0.43
0.815
0.232
0.031
0.03
0.865
0.779
0.636
0.469
0.023
0.037
0.931
0.62
0.629
0.265
0.58
0.993
0.482
0.987
0.591
0.179
0.899
0.616
0.57
0.445
0.393
0.28
0.461
0.784
0.001
0.621
0.077
0.908
0
0.794
0.254
0.239
0.298
0.083
0.543
0.969
0.44
0.092
0.531
0.593
0.021
0.729
0.934
0.925
0.15
0.704
0.009
0.089
0.702
0.373
0.427
0.297
0.755
0.363
0.434
0.083
0.497
0.324
0.598
0.63
0.536
0.285
0.822
0.64
0.285
0.641
0.703
0.005
0.089
0.096
0.488
0.182
0.104
0.917
0.028
0.261
0.631
0.268
0.163
0.828
0.989
0.306
0.404
0.097
0.626
0.321
0.274
0
0
0.4
0.928
0.242
0.844
0.159
0.81
0.008
0.731
0.523
0.55
0.832
0.278
0.92
0.68
0.242
0.51
0.113
0.065
0.109
0.045
0.834
0.537
0.765
0.042
0.417
0.227
0.138
0.152
0.033
0.054
0.054
0.956
0.915
0.468
0.673
0.038
0.689
0.212
0.201
0.702
0.369
0.98
0.755
0.403
0.479
0.666
0.799
0.92
0.341
0.178
0.18
0.402
0.265
0.444
0.652
0.709
0.344
0.35
0.944
0.709
0.097
0.479
0.666
0.651
0.723
0.877
0.386
0.316
0.419
0.117
0.327
0.29
0.845
0.214
0.927
0.986
0.634
0.819
0.106
0.956
0.231
0.384
0.503
0.124
0.42
0.926
0.471
0.579
0.206
0.893
0.237
0.884
0.959
0.068
0.192
0.568
0.714
0.912
0.494
0.337
0.184
0.319
0.392
0.033
0.762
0.8
0.567
0.352
0.534
0.152
0.417
0.171
0.24
0.133
0.851
0.57
0.238
0.801
0.019
0.661
0.399
0.943
0.324
0.707
0.06
0.054
0.379
0.189
0.89
0.544
0.356
0.738
0.894
0.67
0.123
0.936
0.851
0.648
0.083
0.202
0.235
0.112
0.945
0.714
0.149
0.694
0.344
0.618
0.113
0.856
0.352
0.243
0.393
0.303
0.982
0.886
0.028
0.753
0.862
0.196
0.312
0.84
0.789
0.802
0.413
0.541
0
0.283
0.999
0.402
0.53
0.258
0.648
0.236
0.433
0.122
0.843
0.837
0.708
0.463
0.01
0.66
0.105
0.784
0.625
0.5
0.793
0.454
0.636
0.756
0.989
0.995
0.561
0.232
0.407
0.522
0.218
0.84
0.836
0.09
0.966
0.433
0.095
0.937
0.35
0.002
0.814
0.959
0.519
0.361
0.239
0.582
0.536
0.809
0.602
0.78
0.075
0.576
0.518
0.924
0.842
0.961
0.436
0.574
0.519
0.98
0.024
0.202
0.644
0.848
0.495
0.476
0.12
0.187
0.999
0.497
0.116
0.085
0.05
0.662
0.383
0.061
0.071
0.635
0.807
0.958
0.76
0.787
0.886
0.928
0.911
0.549
0.246
0.822
0.5
0.71
0.019
0.44
0.811
0.2
0.894
0.366
0.44
0.676
0.284
0.296
0.656
0.377
0.211
0.293
0.655
0.391
0.307
0.92
0.475
0.509
0.44
0.808
0.877
0.012
0.901
0.046
0.445
0.907
0.476
0.781
0.589
0.448
0.742
0.519
0.975
0.182
0.679
0.581
0.807
0.125
0.598
0.258
0.459
0.181
0.714
0.334
0.094
0.381
0.824
0.207
0.321
0.36
0.365
0.309
0.785
0.14
0.675
0.189
0.186
0.161
0.435
0.28
0.527
0.917
0.499
0.783
0.185
0.468
0.197
0.772
0.854
0.352
0.233
0.466
0.705
0.725
0.086
0.247
0.528
0.479
0.636
0.516
0.01
0.482
0.277
0.691
0.668
0.75
0.079
0.015
0.126
0.094
0.776
0.985
0.169
0.833
0.814
0.23
0.414
0.87
0.602
0.993
0.066
0.501
0.042
0.799
0.331
0.21
0.972
0.073
0.327
0.41
0.484
0.363
0.082
0.425
0.848
0.939
0.784
0.504
0.963
0.011
0.103
0.343
0.004
0.512
0.218
0.012
0.897
0.284
0.204
0.172
0.275
0.668
0.726
0.008
0.669
0.648
0.998
0.631
0.216
0.16
0.891
0.066
0.075
0.574
0.41
0.504
0.138
0.939
0.178
0.918
0.435
0.604
0.221
0.53
0.511
0.201
0.319
0.074
0.106
0.206
0.861
0.049
0.092
0.66
0.917
0.164
0.618
0.107
0.031
0.238
0.975
0.204
0.984
0.742
0.291
0.453
0.8
0.178
0.898
0.56
0.586
0.655
0.03
0.49
0.329
0.805
0.008
0.426
0.89
0.346
0.866
0.529
0.6
0.273
0.198
0.811
0.341
0.67
0.849
0.702
0.471
0.336
0.094
0.852
0.99
0.876
0.291
0.709
0.636
0.087
0.903
0.043
0.625
0.865
0.562
0.679
0.063
0.381
0.402
0.222
0.015
0.094
0.694
0.029
0.465
0.302
0.282
0.063
0.785
0.666
0.423
0.489
0.083
0.935
0.42
0.723
0.597
0.832
0.017
0.813
0.519
0.573
0.299
0.469
0.832
0.148
0.782
0.453
0.646
0.981
0.429
0.865
0.231
0.413
0.675
0.147
0.575
0.747
0.737
0.17
0.844
0.903
0.338
0.086
0.909
0.711
0.182
0.318
0.449
0.472
0.08
0.772
0.804
0.536
0.601
0.519
0.324
0.284
0.68
0.791
0.564
0.116
0.711
0.175
0.783
0.669
0.218
0.924
0.68
0.417
0.688
0.971
0.974
0.436
0.66
0.171
0.558
0.874
0.762
0.813
0.574
0.079
0.602
0.306
0.193
0.93
0.223
0.572
0.43
0.195
0.697
0.648
0.331
0.739
0.129
0.006
0.963
0.324
0.005
0.274
0.497
0.601
0.071
0.242
0.932
0.724
0.476
0.581
0.107
0.516
0.006
0.698
0.967
0.681
0.066
0.087
0.192
0.869
0.791
0.19
0.893
0.883
0.741
0.536
0.539
0.113
0.991
0.976
0.747
0.086
0.951
0.41
0.554
0.021
0.211
0.277
0.474
0.539
0.949
0.07
0.021
0.455
0.54
0.921
0.81
0.296
0.061
0.738
0.949
0.661
0.437
0.612
0.616
0.083
0.769
0.621
0.013
0.581
0.444
0.295
0.857
0
0.457
0.774
0.704
0.056
0.549
0.151
0.356
0.149
0.755
0.613
0.966
0.058
0.864
0.972
0.05
0.381
0.876
0.688
0.623
0.478
0.838
0.165
0.788
0.77
0.68
0.792
0.478
0.832
0.729
0.228
0.397
0.279
0.055
0.576
0.467
0.514
0.184
0.876
0.782
0.791
0.272
0.15
0.732
0.909
0.427
0.653
0.267
0.716
0.966
0.506
0.05
0.38
0.707
0.984
0.332
0.189
0.607
0.354
0.53
0.541
0.446
0.106
0.656
0.466
0.996
0.295
0.819
0.804
0.23
0.559
0.361
0.639
0.988
0.976
0.551
