0.077
0.12
0.868
0.236
0.766
0.073
0.184
0.586
0.59
0.501
0.698
0.494
0.302
0.513
0.72
0.881
0.429
0.263
0.32
0.355
0.813
0.629
0.827
0.97
0.266
0.812
0.64
0.042
0.508
0.602
0.697
0.8
0.891
0.985
0.104
0.516
0.6
0.369
0.741
0.969
0.318
0.183
0.205
0.185
0.695
0.153
0.923
0.218
0.811
0.714
0
0.325
0.089
0.766
0.206
0.053
0.481
0.922
0.482
0.119
0.339
0.629
0.684
0.514
0.406
0.037
0.763
0.366
0.915
0.522
0.331
0.957
0.222
0.433
0.093
0.143
0.318
0.265
0.87
0.262
0.533
0.1
0.603
0.011
0.734
0.958
0.716
0.528
0.875
0.787
0.296
0.424
0.222
0.936
0.647
0.012
0.951
0.873
0.108
0.392
0.927
0.204
0.482
0.558
0.018
0.747
0.019
0.999
0.283
0.686
0.984
0.136
0.21
0.283
0.428
0.072
0.26
0.877
0.213
0.135
0.242
0.426
0.38
0.774
0.623
0.408
0.054
0.389
0.097
0.276
0.362
0.184
0.18
0.417
0.25
0.907
0.472
0.098
0.548
0.567
0.252
0.364
0
0.797
0.896
0.728
0.561
0.892
0.154
0.433
0.039
0.263
0.407
0.967
0.522
0.054
0.506
0.243
0.981
0.735
0.491
0.749
0.444
0.458
0.415
0.437
0.246
0.415
0.928
0.397
0.396
0.397
0.35
0.956
0.092
0.562
0.614
0.233
0.581
0.674
0.854
0.665
0.67
0.275
0.744
0.22
0.849
0.263
0.602
0.709
0.237
0.138
0.152
0.519
0.602
0.416
0.569
0.755
0.962
0.384
0.705
0.832
0.547
0.06
0.786
0.45
0.061
0.468
0.867
0.013
0.618
0.412
0.797
0.893
0.315
0.955
0.473
0.742
0.07
0.965
0.711
0.722
0.079
0.986
0.102
0.259
0.215
0.631
0.752
0.754
0.702
0.67
0.16
0.461
0.295
0.425
0.697
0.066
0.278
0.659
0.364
0.111
0.916
0.496
0.657
0.968
0.954
0.747
0.161
0.612
0.386
0.817
0.495
0.54
0.834
0.328
0.592
0.203
0.084
0.815
0.606
0.447
0.072
0.491
0.771
0.04
0.077
0.367
0.472
0.882
0.253
0.3
0.745
0.135
0.202
0.958
0.276
0.523
0.744
0.591
0.044
0.35
0.149
0.608
0.662
0.147
0.805
0
0.187
0.713
0.321
0.336
0.906
0.628
0.847
0.775
0.658
0.003
0.84
0.284
0.599
0.622
0
0.309
0.954
0.06
0.935
0.781
0.798
0.313
0.87
0.044
0.135
0.661
0.171
0.173
0.616
0.076
0.874
0.111
0.833
0.26
0.66
0.67
0.554
0.355
0.976
0.075
0.041
0.436
0.32
0.186
0.153
0.705
0.259
0.243
0.039
0.327
0.417
0.749
0.911
0.404
0.939
0.969
0.378
0.934
0.967
0.544
0.404
0.599
0.296
0.059
0.838
0.673
0.536
0.788
0.219
0.378
0.038
0.193
0.312
0.646
0.02
0.495
0.871
0.807
0.535
0.51
0.515
0.492
0.127
0.398
0.807
0.858
0.565
0.178
0.576
0.11
0.18
0.802
0.489
0.31
0.522
0.306
0.88
0.807
0.16
0.981
0.496
0.425
0.164
0.462
0.747
0.751
0.867
0.884
0.258
0.921
0.84
0.508
0.322
0.946
0.755
0.864
0.185
0.962
0.346
0.151
0.716
0.606
0.578
0.65
0.436
0.354
0.069
0.12
0.903
0.845
0.511
0.279
0.045
0.934
0.64
0.148
0.591
0.937
0.233
0.414
0.832
0.721
0.321
0.669
0.266
0.633
0.862
0.941
0.348
0.627
0.654
0.429
0.946
0.027
0.686
0.844
0.312
0.624
0.406
0.422
0.525
0.982
0.579
0.578
0.095
0.63
0.324
0.487
0.886
0.997
0.007
0.025
0.662
0.761
0.084
0.104
0.065
0.336
0.251
0.276
0.385
0.887
0.053
0.757
0.6
0.566
0.384
0.838
0.083
0.28
0.242
0.447
0.981
0.086
0.328
0.64
0.702
0.343
0.973
0.533
0.362
0.443
0.366
0.194
0.461
0.681
0.983
0.464
0.001
0.786
0.834
0.066
0.54
0.628
0.976
0.866
0.839
0.905
0.695
0.585
0.803
0.995
0.356
0.195
0.03
0.902
0.995
0.678
0.813
0.847
0.499
0.776
0.23
0.672
0.371
0.589
0.238
0.839
0.775
0.537
0.366
0.194
0.976
0.144
0.151
0.3
0.957
0.498
0.422
0.88
0.755
0.517
0.001
0.48
0.114
0.299
0.575
0.579
0.585
0.081
0.907
0.245
0.692
0.327
0.586
0.588
0.626
0.452
0.491
0.373
0.261
0.527
0.884
0.627
0.856
0.103
0.883
0.509
0.092
0.077
0.065
0.012
0.337
0.078
0.964
0.413
0.439
0.251
0.003
0.549
0.35
0.479
0.507
0.525
0.556
0.776
0.057
0.084
0.844
0.912
0.548
0.701
0.068
0.84
0.662
0.711
0.023
0.429
0.479
0.698
0.657
0.889
0.915
0.505
0.057
0.642
0.649
0.312
0.725
0.059
0.437
0.883
0.145
0.205
0.58
0.642
0.98
0.972
0.065
0.613
0.177
0.26
0.587
0.974
0.907
0.83
0.831
0.88
0.092
0.733
0.341
0.061
0.47
0.841
0.817
0.804
0.635
0.832
0.958
0.864
0.148
0.744
0.532
0.449
0.754
0.115
0.359
0.252
0.102
0.225
0.736
0.398
0.118
0.094
0.471
0.999
0.446
0.22
0.034
0.92
0.524
0.441
0.013
0.433
0.896
0.912
0.781
0.94
0.262
0.483
0.758
0.944
0.389
0.13
0.032
0.61
0.863
0.151
0.094
0.963
0.168
0.308
0.799
0.125
0.922
0.681
0.832
0.882
0.502
0.03
0.798
0.462
0.626
0.058
0.923
0.834
0.925
0.788
0.435
0.594
0.026
0.009
0.531
0.742
0.567
0.396
0.406
0.973
0.959
0.049
0.474
0.968
0.861
0.982
0.292
0.064
0.128
0.724
0.755
0.617
0.159
0.241
0.379
0.849
0.878
0.61
0.145
0.889
0.579
0.233
0.038
0.279
0.319
0.829
0.019
0.439
0.082
0.674
0.388
0.985
0.229
0.225
0.544
0.883
0.047
0.475
0.9
0.53
0.992
0.44
0.485
0.391
0.021
0.447
0.239
0.406
0.876
0.734
0.079
0.078
0.973
0.764
0.318
0.917
0.885
0.583
0.868
0.274
0.085
0.403
0.316
0.588
0.275
0.187
0.026
0.548
0.125
0.242
0.993
0.225
0.731
0.147
0.755
0.491
0.577
0.484
0.131
0.304
0.93
0.079
0.56
0.771
0.773
0.95
0.514
0.077
0.732
0.499
0.516
0.687
0.12
0.477
0.597
0.713
0.117
0
0.09
0.706
0.993
0.237
0.197
0.769
0.478
0.648
0.271
0.398
0.106
0.494
0.241
0.786
0.143
0.265
0.314
0.199
0.024
0.953
0.845
0.565
0.576
0.407
0.41
0.66
0.913
0.924
0.073
0.12
0.572
0.397
0.014
0.284
0.42
0.758
0.271
0.786
0.094
0.003
0.539
0.134
0.755
0.163
0.703
0.388
0.922
0.422
0.851
0.603
0.605
0.551
0.704
0.673
0.722
0.464
0.96
0.911
0.536
0.846
0.793
0.015
0.251
0.116
0.454
0.886
0.364
0.873
0.132
0.369
0.981
0.162
0.884
0.737
0.244
0.982
0.039
0.822
0.147
0.825
0.943
0.403
0.427
0.861
0.605
0.73
0.793
0.441
0.761
0.661
0.602
0.907
0.397
0.973
0.007
0.662
0.175
0.309
0.431
0.593
0.07
0.489
0.341
0.328
0.244
0.406
0.938
0.837
0.954
0.571
0.716
0.349
0.427
0.313
0.595
0.729
0.843
0.019
0.039
0.599
0.896
0.42
0.034
0.49
0.887
0.809
0.14
0.645
0.509
0.14
0.309
0.071
0.19
0.679
0.539
0.608
0.239
0.184
0.904
0.339
0.198
0.751
0.737
0.23
0.531
0.636
0.199
0.273
0.339
0.597
0.226
0.908
0.754
0.896
0.684
0.32
0.283
0.141
0.731
0.778
0.155
0.738
0.346
0.631
0.489
0.827
0.371
0.311
0.437
0.836
0.92
0.097
0.161
0.872
0.807
0.633
0.11
0.468
0.185
0.646
0.238
0.146
0.58
0.234
0.518
0.315
0.964
0.576
0.075
0.524
0.658
0.926
0.452
0.228
0.817
0.499
