0.739
0.471
0.372
0.729
0.22
0.348
0.428
0.546
0.363
0.982
0.209
0.664
0.669
0.439
0.858
0.535
0.273
0.941
0.614
0.451
0.709
0.213
0.89
0.539
0.289
0.793
0.258
0.583
0.66
0.234
0.724
0.007
0.113
0.426
0.797
0.636
0.305
0.386
0.6
0.777
0.969
0.312
0.353
0.491
0.043
0.308
0.233
0.529
0.544
0.767
0.312
0.71
0.902
0.033
0.492
0.861
0.584
0.145
0.018
0.715
0.864
0.281
0.658
0.862
0.583
0.223
0.16
0.353
0.646
0.181
0.505
0.166
0.921
0.977
0.117
0.096
0.659
0.501
0.916
0.65
0.551
0.517
0.422
0.635
0.187
0.145
0.024
0.227
0.479
0.101
0.513
0.311
0.241
0.2
0.058
0.823
0.695
0.121
0.162
0.736
0.119
0.027
0.053
0.493
0.019
0.835
0.601
0.494
0.218
0.613
0.833
0.195
0.669
0.504
0.48
0.756
0.147
0.975
0.03
0.003
0.896
0.129
0.233
0.906
0.537
0.427
0.118
0.613
0.226
0.967
0.904
0.475
0.094
0.567
0.736
0.674
0.313
0.599
0.419
0.545
0.904
0.574
0.318
0.079
0.378
0.309
0.969
0.872
0.219
0.431
0.254
0.727
0.268
0.862
0.956
0.489
0.889
0.077
0.608
0.048
0.326
0.849
0.823
0.981
0.939
0.788
0.049
0.959
0.198
0.945
0.681
0.942
0.256
0.33
0.539
0.278
0.361
0.035
0.251
0.256
0.278
0.897
0.55
0.767
0.788
0.041
0.352
0.314
0.4
0.563
0.259
0.721
0.488
0.963
0.022
0.562
0.374
0.599
0.361
0.874
0.388
0.555
0.196
0.041
0.763
0.485
0.282
0.482
0.646
0.713
0.743
0.625
0.975
0.698
0.662
0.436
0.506
0.243
0.053
0.865
0.347
0.823
0.974
0.02
0.454
0.504
0.11
0.282
0.301
0.006
0.976
0.563
0.986
0.449
0.203
0.366
0.679
0.356
0.225
0.86
0.979
0.596
0.545
0.877
0.415
0.325
0.081
0.037
0.946
0.953
0.006
0.875
0.907
0.405
0.046
0.651
0.594
0.409
0.866
0.993
0.004
0.519
0.776
0.438
0.901
0.819
0.732
0.78
0.757
0.452
0.532
0.273
0.713
0.951
0.319
0.783
0.743
0.192
0.187
0.341
0.665
0.262
0.594
0.529
0.85
0.197
0.253
0.241
0.032
0.875
0.46
0.251
0.835
0.038
0.161
0.94
0.691
0.19
0.04
0.792
0.258
0.154
0.593
0.781
0.745
0.804
0.128
0.4
0.333
0.284
0.981
0.682
0.904
0.331
0.303
0.625
0.284
0.682
0.256
0.526
0.064
0.526
0.105
0.768
0.679
0.829
0.099
0.234
0.809
0.173
0.978
0.667
0.254
0.627
0.415
0.795
0.912
0.178
0.351
0.223
0.495
0.67
0.662
0.278
0.444
0.307
0.539
0.335
0.543
0.796
0.775
0.813
0.341
0.272
0.821
0.5
0.43
0.996
0.582
0.356
0.049
0.504
0.652
0.985
0.283
0.427
0.869
0.991
0.717
0.958
0.573
0.237
0.507
0.839
0.964
0.848
0.749
0.99
0.676
0.393
0.088
0.421
0.478
0.77
0.894
0.889
0.138
0.086
0.578
0.297
0.743
0.554
0.208
0.642
0.303
0.188
0.021
0.694
0.285
0.586
0.667
0.558
0.137
0.313
0.327
0.19
0.174
0.956
0.067
0.57
0.533
0.072
0.186
0.322
0.113
0.248
0.385
0.77
0.333
0.118
0.759
0.718
0.701
0.395
0.464
0.154
0.854
0.413
0.915
0.656
0.649
0.177
0.77
0.571
0.391
0.539
0.036
0.58
0.832
0.606
0.599
0.025
0.545
0.157
0.277
0.181
0.868
0.472
0.035
0.756
0.973
0.886
0.44
0.643
0.58
0.609
0.534
0.106
0.46
0.551
0.329
0.628
0.01
0.287
0.779
0.014
0.066
0.93
0.037
0.344
0.401
0.035
0.301
0.043
0.755
0.735
0.023
0.841
0.327
0.18
0.966
0.309
0.455
0.828
0.299
0.683
0.592
0.421
0.628
0.947
0.316
0.055
0.69
0.449
0.077
0.689
0.739
0.226
0.689
0.352
0.702
0.26
0.021
0.249
0.295
0.986
0.817
0.51
0.694
0.224
0.735
0.401
0.115
0.336
0.298
0.009
0.947
0.919
0.036
0.01
0.617
0.793
0.99
0.904
0.863
0.616
0.727
0.091
0.734
0.07
0.085
0.065
0.416
0.648
0.615
0.591
0.477
0.53
0.879
0.398
0.606
0.841
0.894
0.686
0.625
0.901
0.346
0.597
0.78
0.952
0.986
0.165
0.977
0.303
0.215
0.672
0.555
0.025
0.389
0.027
0.799
0.396
0.029
0.675
0.301
0.345
0.362
0.032
0.693
0.104
0.351
0.853
0.135
0.608
0.323
0.912
0.087
0.914
0.093
0.463
0.038
0.85
0.889
0.309
0.099
0.882
0.089
0.257
0.384
0.484
0.078
0.693
0.228
0.612
0.245
0.75
0.312
0.73
0.846
0.95
0.914
0.565
0.07
0.251
0.174
0.395
0.892
0.147
0.327
0.242
0.816
0.942
0.342
0.923
0.815
0.871
0.685
0.911
0.126
0.388
0.892
0.091
0.475
0.889
0.729
0.373
0.882
0.333
0.215
0.516
0.725
0.984
0.941
0.641
0.002
0.166
0.055
0.005
0.222
0.297
0.666
0.124
0.436
0.632
0.734
0.145
0.496
0.349
0.037
0.825
0.179
0.365
0.76
0.336
0.009
0.562
0.554
0.649
0.722
0.776
0.832
0.386
0.288
0.37
0.839
0.511
0.675
0.919
0.795
0.173
0.941
0.798
0.159
0.164
0.517
0.428
0.253
0.403
0.251
0.304
0.063
0.287
0.38
0.45
0.434
0.709
0.42
0.92
0.177
0.895
0.503
0.465
0.486
0.546
0.102
0.988
0.988
0.54
0.664
0.457
0.721
0.629
0.632
0.506
0.94
0.324
0.235
0.379
0.462
0.811
0.889
0.588
0.848
0.214
0.448
0.518
0.907
0.821
0.652
0.515
0.97
0.552
0.731
0.6
0.634
0.266
0.342
0.298
0.235
0.471
0.271
0.213
0.708
0.698
0.588
0.6
0.332
0.261
0.877
0.55
0.093
0.026
0.268
0.146
0.901
0.562
0.196
0.489
0.169
0.066
0.119
0.186
0.472
0.847
0.42
0.356
0.609
0.105
0.467
0.172
0.676
0.156
0.169
0.287
0.964
0.374
0.004
0.239
0.923
0.678
0.448
0.999
0.12
0.492
0.136
0.42
0.731
0.446
0.139
0.195
0.167
0.067
0.383
0.477
0.571
0.347
0.214
0.563
0.585
0.37
0.892
0.537
0.554
0.171
0.029
0.655
0.156
0.171
0.189
0.558
0.53
0.618
0.878
0.921
0.037
0.34
0.617
0.615
0.442
0.647
0.254
0.539
0.66
0.59
0.534
0.18
0.42
0.401
0.885
0.919
0.829
0.045
0.217
0.975
0.569
0.079
0.054
0.102
0.178
0.515
0.428
0.751
0.064
0.599
0.529
0.092
0.692
0.085
0.039
0.68
0.582
0.631
0.526
0.054
0.209
0.179
0.775
0.151
0.452
0.617
0.301
0.992
0.444
0.5
0.556
0.249
0.815
0.233
0.934
0.646
0.616
0.29
0.216
0.747
0.965
0.279
0.813
0.474
0.587
0.78
0.109
0.494
0.406
0.44
0.601
0.254
0.764
0.397
0.311
0.606
0.722
0.006
0.775
0.752
0.406
0.558
0.367
0.211
0.532
0.836
0.263
0.103
0.889
0.055
0.746
0.606
0.251
0.664
0.804
0.409
0.114
0.966
0.134
0.738
0.437
0.644
0.382
0.792
0.116
0.338
0.074
0.017
0.645
0.719
0.97
0.156
0.576
0.318
0.387
0.878
0.233
0.296
0.467
0.58
0.629
0.829
0.81
0.21
0.554
0.775
0.531
0.029
0.153
0.309
0.184
0.685
0.574
0.695
0.854
0.074
0.38
0.696
0.067
0.708
0.621
0.482
0.083
0.162
0.146
0.638
0.233
0.252
0.98
0.406
0.526
0.79
0.181
0.698
0.533
0.622
0.07
0.295
0.347
0.531
0.107
0.448
0.62
0.332
0.057
0.948
0.737
0.398
0.785
0.699
0.506
0.798
0.783
0.189
0.515
0.589
0.383
0.493
0.896
0.589
0.88
0.845
0.978
0.019
0.216
0.15
0.342
0.943
0.188
0.387
0.45
0.403
0.417
0.919
0.202
0.936
