0.079
0.199
0.838
0.633
0.761
0.232
0.952
0.842
0.696
0.524
0.271
0.138
0.538
0.276
0.823
0.042
0.089
0.432
0.602
0.617
0.761
0.882
0.556
0.205
0.964
0.73
0.938
0.704
0.351
0.524
0.31
0.461
0.971
0.588
0.307
0.408
0.046
0.175
0.385
0.556
0.087
0.319
0.511
0.138
0.023
0.947
0.087
0.46
0.85
0.611
0.722
0.162
0.015
0.183
0.644
0.741
0.35
0.815
0.183
0.608
0.951
0.198
0.893
0.068
0.103
0.203
0.855
0.253
0.14
0.284
0.652
0.592
0.173
0.622
0.833
0.849
0.914
0.42
0.154
0.827
0.875
0.146
0.706
0.989
0.257
0.108
0.226
0.477
0.339
0.363
0.412
0.726
0.189
0.601
0.39
0
0.348
0.93
0.635
0.32
0.638
0.866
0.118
0.997
0.359
0.406
0.696
0.941
0.634
0.781
0.474
0.407
0.153
0.454
0.916
0.495
0.982
0.431
0.162
0.743
0.49
0.492
0.219
0.559
0.787
0.648
0.229
0.108
0.487
0.715
0.207
0.928
0.956
0.419
0.885
0.212
0.957
0.921
0.75
0.629
0.635
0.214
0.89
0.206
0.655
0.352
0.536
0.135
0.233
0.771
0.084
0.7
0.183
0.859
0.946
0.298
0.756
0.554
0.788
0.671
0.013
0.836
0.395
0.154
0.191
0.164
0.108
0.489
0.219
0.661
0.321
0.838
0.669
0.722
0.201
0.124
0.912
0.572
0.456
0.827
0.557
0.692
0.389
0.299
0.079
0.08
0.923
0.952
0.605
0.391
0.854
0.515
0.849
0.562
0.19
0.825
0.47
0.59
0.114
0.21
0.835
0.779
0.366
0.76
0.628
0.263
0.55
0.101
0.943
0.544
0.211
0.425
0.785
0.731
0.024
0.745
0.623
0.698
0.86
0.091
0.301
0.037
0.773
0.008
0.45
0.703
0.691
0.774
0.882
0.654
0.817
0.547
0.019
0.35
0.825
0.782
0.169
0.571
0.863
0.039
0.118
0.748
0.279
0.635
0.891
0.796
0.015
0.151
0.195
0.126
0.29
0.189
0.635
0.016
0.904
0.543
0.473
0.864
0.679
0.359
0.572
0.319
0.081
0.9
0.613
0.958
0.067
0.154
0.872
0.957
0.27
0.338
0.251
0.033
0.21
0.795
0.631
0.59
0
0.977
0.036
0.154
0.229
0.23
0.355
0.236
0.857
0.085
0.729
0.419
0.977
0.754
0.912
0.953
0.558
0.367
0.192
0.933
0.149
0.353
0.181
0.994
0.108
0.14
0.919
0.942
0.477
0.081
0.662
0.804
0.915
0.049
0.692
0.898
0.176
0.936
0.755
0.781
0.983
0.034
0.302
0.245
0.519
0.13
0.685
0.697
0.32
0.506
0.32
0.627
0.375
0.458
0.587
0.569
0.83
0.564
0.803
0.927
0.173
0.687
0.52
0.253
0.853
0.467
0.369
0.879
0.958
0.874
0.744
0.692
0.76
0.772
0.173
0.234
0.662
0.783
0.003
0.098
0.965
0.853
0.536
0.763
0.77
0.412
0.311
0.506
0.399
0.747
0.138
0.965
0.96
0.061
0.354
0.188
0.011
0.154
0.879
0.059
0.827
0.075
0.923
0.766
0.363
0.93
0.583
0.557
0.901
0.516
0.229
0.329
0.284
0.506
0.718
0.945
0.471
0.417
0.844
0.857
0.332
0
0.651
0.855
0.009
0.4
0.478
0.222
0.121
0.174
0.597
0.431
0.019
0.362
0.678
0.468
0.903
0.647
0.693
0.19
0.627
0.966
0.451
0.59
0.853
0.183
0.062
0.799
0.621
0.27
0.509
0.552
0.574
0.657
0.136
0.026
0.576
0.703
0.552
0.628
0.032
0.458
0.82
0.038
0.007
0.043
0.422
0.156
0.301
0.769
0.043
0.103
0.124
0.426
0.915
0.751
0.204
0.676
0.829
0.666
0.837
0.388
0.64
0.739
0.475
0.45
0.313
0.147
0.56
0.597
0.976
0.529
0.934
0.475
0.151
0.474
0.316
0.029
0.913
0.201
0.952
0.061
0.17
0.113
0.633
0.125
0.105
0.733
0.48
0.143
0.908
0.901
0.347
0.14
0.812
0.78
0.605
0.19
0.891
0.538
0.783
0.32
0.202
0.845
0.825
0.762
0.834
0.152
0.464
0.786
0.201
0.567
0.022
0.341
0.132
0.491
0.779
0.986
0.402
0.43
0.95
0.61
0.974
0.008
0.979
0.733
0.395
0.315
0.661
0.667
0.0
0.319
0.692
0.512
0.968
0.934
0.915
0.895
0.645
0.4
0.514
0.805
0.111
0.074
0.167
0.516
0.453
0.719
0.054
0.387
0.415
0.92
0.784
0.625
0.123
0.909
0.15
0.56
0.923
0.232
0.936
0.048
0.225
0.742
0.105
0.772
0.272
0.652
0.884
0.702
0.226
0.475
0.617
0.504
0.632
0.04
0.081
0.247
0.503
0.282
0.391
0.189
0.792
0.577
0.172
0.994
0.988
0.969
0.483
0.511
0.363
0.997
0.257
0.076
0.038
0.019
0.839
0.888
0.933
0.83
0.999
0.512
0.798
0.41
0.661
0.085
0.995
0.787
0.368
0.911
0.097
0.251
0.252
0.255
0.251
0.733
0.166
0.4
0.31
0.208
0.724
0.915
0.766
0.94
0.146
0.14
0.38
0.114
0.465
0.422
0.062
0.263
0.624
0.062
0.905
0.494
0.186
0.052
0.12
0.736
0.591
0.795
0.226
0.266
0.855
0.082
0.199
0.982
0.311
0.704
0.86
0.766
0.94
0.228
0.531
0.175
0.397
0.625
0.709
0.037
0.186
0.771
0.204
0.802
0.041
0.486
0.371
0.482
0.671
0.569
0.182
0.627
0.863
0.183
0.283
0.057
0.365
0.984
0.016
0.299
0.666
0.482
0.495
0.965
0.984
0.95
0.551
0.385
0.104
0.377
0.789
0.932
0.314
0.022
0.496
0.708
0.062
0.993
0.932
0.82
0.68
0.352
0.859
0.333
0.859
0.535
0.817
0.957
0.212
0
0.416
0.011
0.723
0.474
0.937
0.911
0.632
0.062
0.002
0.609
0.015
0.46
0.921
0.279
0.066
0.317
0.146
0.951
0.176
0.4
0.116
0.336
0.396
0.691
0.499
0.893
0.179
0.055
0.221
0.394
0.373
0.013
0.182
0.437
0.899
0.151
0.778
0.62
0.432
0.244
0.155
0.319
0.729
0.419
0.584
0.551
0.687
0.484
0.338
0.564
0.769
0.865
0.237
0.634
0.302
0.259
0.077
0.115
0.749
0.166
0.928
0.394
0.111
0.314
0.573
0.525
0.512
0.519
0.673
0.824
0.149
0.536
0.528
0.701
0.878
0.949
0.451
0.573
0.441
0.135
0.323
0.946
0.343
0.184
0.617
0.743
0.898
0.027
0.288
0.506
0.441
0.049
0
0.349
0.91
0.695
0.56
0.88
0
0.765
0.884
0.083
0.02
0.336
0.574
0.14
0.846
0.173
0.011
0.467
0.772
0.726
0.652
0.381
0.445
0.027
0.057
0.765
0.74
0.802
0.071
0.474
0.569
0.818
0.239
0.518
0.336
0.432
0.598
0.405
0.837
0.626
0.389
0.428
0.357
0.547
0.336
0.829
0.137
0.129
0.921
0.848
0.242
0.41
0.299
0.954
0.765
0.537
0.301
0.068
0.494
0.418
0.519
0.197
0.432
0.326
0.544
0.828
0.766
0.238
0.796
0.619
0.903
0.597
0.471
0.189
0.818
0.984
0.351
0.428
0.743
0.544
0.782
0.629
0.039
0.937
0.972
0.23
0.933
0.887
0.308
0.234
0.636
0.033
0.517
0.978
0.329
0.374
0.87
0.952
0.164
0.25
0.306
0.537
0.162
0.789
0.651
0.151
0.567
0.943
0.162
0.892
0.22
0.727
0.445
0.289
0.941
0.784
0
0.178
0.22
0.447
0.804
0.827
0.863
0.137
0.08
0.37
0.317
0.968
0.785
0.165
0.183
0.3
0.741
0.297
0.306
0.626
0.161
0.785
0.359
0.509
0.558
0.949
0.258
0.933
0.288
0.218
0.257
0.416
0.698
0.942
0.411
0.796
0.075
0.288
0.516
0.528
0.95
0.458
0.708
0.474
0.004
0.75
0.463
0.946
0.179
0.404
0.685
0.476
0.935
0.557
0.301
0.736
0.53
0.08
0.694
0.872
0.14
0.408
0.196
0.832
0.912
0.963
0.937
0.011
0.186
0.925
0.365
0.684
0.368
0.197
0.357
1.0
0.567
0.334
0.558
0.903
0.062
0.765
0.798
0.277
