0.888
0.175
0.065
0.319
0.59
0.821
0.159
0.834
0.283
0.649
0.204
0.966
0.296
0.108
0.865
0.201
0.853
0.682
0.801
0.52
0.245
0.85
0.114
0.289
0.031
0.463
0.618
0.467
0.819
0.958
0.418
0.206
0.089
0.968
0.815
0.811
0.162
0.315
0.542
0.217
0.967
0.386
0.426
0.041
0.195
0.804
0.887
0.429
0.741
0.023
0.114
0.359
0.351
0.116
0.082
0.92
0.474
0.745
0.826
0.962
0.726
0.296
0.183
0.134
0.425
0.677
0.193
0.195
0.232
0.535
0.595
0.766
0.883
0.955
0.772
0.976
0.355
0.559
0.535
0.162
0.804
0.946
0.052
0.852
0.743
0.188
0.949
0.167
0.45
0.697
0.443
0.139
0.456
0.873
0.434
0.332
0.2
0.367
0.257
0.355
0.168
0.163
0.145
0.684
0.476
0.824
0.584
0.019
0.016
0.712
0.289
0.509
0.857
0.396
0.567
0.708
0.337
0.111
0.986
0.161
0.152
0.788
0.02
0.503
0.199
0.889
0.813
0.622
0.942
0.437
0.457
0.008
0.371
0.91
0.065
0.542
0.896
0.654
0.144
0.87
0.483
0.739
0.934
0.435
0.669
0.11
0.038
0.174
0.982
0.797
0.737
0.314
0.395
0.842
0.805
0.245
0.435
0.967
0.327
0.081
0.996
0.399
0.714
0.458
0.062
0.904
0.284
0.545
0.318
0.652
0.958
0.92
0.59
0.971
0.423
0.859
0.44
0.78
0.57
0.977
0.348
0.108
0.493
0.566
0.309
0.697
0.847
0.339
0.477
0.592
0.262
0.596
0.391
0.107
0.479
0.062
0.091
0.474
0.277
0.863
0.445
0.47
0.828
0.579
0.921
0.281
0.549
0.909
0.642
0.362
0.285
0.944
0.585
0.272
0.434
0.11
0.414
0.367
0.608
0.847
0.071
0.079
0.63
0.926
0.729
0.288
0.9
0.534
0.572
0.675
0.835
0.777
0.22
0.521
0.373
0.662
0.205
0.624
0.06
0.046
0.175
0.165
0.626
0.643
0.957
0.55
0.091
0.189
0.852
0.107
0.12
0.379
0.895
0.771
0.931
0.04
0.277
0.832
0.377
0.433
0.18
0.022
0.202
0.883
0.598
0.331
0.803
0.204
0.446
0.214
0.275
0.976
0.205
0.361
0.891
0.864
0.391
0.943
0.048
0.899
0.124
0.079
0.177
0.746
0.026
0.541
0.849
0.701
0.146
0.81
0.019
0.677
0.768
0.643
0.375
0.366
0.455
0.105
0.89
0.236
0.469
0.083
0.656
0.892
0.16
0.843
0.259
0.203
0.429
0.081
0.035
0.468
0.515
0.016
0.599
0.513
0.913
0.231
0.536
0.342
0.958
0.286
0.405
0.993
0
0.001
0.432
0.993
0.548
0.686
0.939
0.587
0.872
0.712
0.89
0.286
0.484
0.145
0.407
0.063
0.533
0.858
0.119
0.657
0.066
0.946
0.977
0.94
0.767
0.957
0.663
0.764
0.501
0.383
0.051
0.429
0.608
0.641
0.159
0.988
0.325
0.008
0.316
0.877
0.792
0.968
0.513
0.469
0.16
0.124
0.659
0.715
0.745
0.549
0.098
0.255
0.296
0.904
0.251
0.816
0.556
0.347
0.119
0.34
0.1
0.119
0.612
0.047
0.716
0.121
0.691
0.611
0.23
0.792
0.184
0.999
0.608
0.278
0.234
0.112
0.055
0.561
0.423
0.836
0.825
0.207
0.126
0.053
0.171
0.759
0.189
0.56
0.541
0.429
0.112
0.085
0.247
0.139
0.279
0.256
0.015
0.324
0.213
0.93
0.298
0.418
0.751
0.893
0.048
0.061
0.236
0.024
0.796
0.43
0.772
0.756
0.591
0.044
0.075
0.592
0.797
0.298
0.962
0.578
0.925
0.226
0.667
0.235
0.61
0.487
0.373
0.672
0.678
0.793
0.675
0.55
0.672
0.493
0.094
0.276
0.394
0.647
0.677
0.617
0.864
0.377
0.119
0.053
0.26
0.379
0.864
0.018
0.277
0.9
0.579
0.842
0.013
0.168
0.232
0.365
0.438
0.921
0.909
0.792
0.12
0.671
0.842
0.644
0.064
0.158
0.647
0.328
0.23
0.008
0.077
0.342
0.175
0.82
0.673
0.976
0.534
0.412
0.002
0.289
0.527
0.589
0.629
0.15
0.571
0.588
0.701
0.678
0.701
0.132
0.168
0.92
0.916
0.329
0.382
0.363
0.38
0.439
0.475
0.687
0.123
0.665
0.611
0.52
0.477
0.836
0.625
0.65
0.98
0.567
0.648
0.584
0.256
0.992
0.552
0.567
0.89
0.632
0.604
0.966
0.757
0.796
0.662
0.506
0.479
0.661
0.965
0.214
0.724
0.022
0.426
0.19
0.363
0.636
0.091
0.525
0.875
0.422
0.133
0.213
0.972
0.388
0.329
0.81
0.85
0.23
0.816
0.981
0.796
0.076
0.192
0.198
0.791
0.707
0
0.954
0.133
0.042
0.446
0.652
0.168
0.793
0.049
0.306
0.846
0.793
0.795
0.008
0.815
0.42
0.01
0.546
0.085
0
0.348
0.678
0.836
0.696
0.395
0.828
0.271
0.045
0.914
0.043
0.466
0.685
0.7
0.838
0.178
0.63
0.676
0.795
0.955
0.9
0.202
0.919
0.094
0.381
0.141
0.263
0.727
0.882
0.153
0.198
0.048
0.39
0.586
0.709
0.108
0.284
0.601
0.748
0.291
0.212
0.449
0.27
0.728
0.219
0.859
0.14
0.593
0.133
0.843
0.882
0.833
0.39
0.743
0.896
0.446
0.974
0.138
0.509
0.7
0.912
0.127
0.859
0.999
0.172
0.016
0.976
0.918
0.338
0.123
0.027
0.347
0.946
0.44
0.746
0.063
0.84
0.451
0.426
0.191
0.822
0.56
0.726
0.812
0.692
0.829
0.128
0.434
0.841
0.102
0.268
0.294
0.265
0.078
0.094
0.999
0.894
0
0.797
0.402
0.572
0.929
0.267
0.091
0.368
0.502
0.944
0.241
0.674
0.011
0.024
0.562
0.149
0.379
0.02
0.609
0.959
0.096
0.493
0.382
0.507
0.811
0.693
0.212
0.291
0.248
0.912
0.22
0.068
0.055
0.468
0.703
0.277
0.894
0.696
0.157
0.934
0.338
0.251
0.055
0.455
0.023
0.835
0.747
0.278
0.116
0.138
0.41
0.638
0.339
0.872
0.849
0.662
0.47
0.477
0.705
0.844
0.41
0.23
0.98
0.516
0.943
0.902
0.186
0.036
0.374
0.209
0.152
0.204
0.098
0.07
0.69
0.143
0.536
0.181
0.174
0.915
0.92
0.75
0.973
0.362
0.76
0.947
0.737
0.406
0.146
0.047
0.614
0.522
0.271
0.946
0.774
0.747
0.468
0.126
0.138
0.72
0.852
0.597
0.982
0.855
0.847
0.869
0.69
0.104
0.831
0.784
0.166
0
0.843
0.978
0.602
0.124
0.245
0.56
0.526
0.803
0.61
0.156
0.127
0.201
0.577
0.523
0.576
0.472
0.621
0.871
0.205
0.415
0.418
0.125
0.624
0.962
0.644
0.281
0.294
0.173
0.488
0.509
0.199
0.753
0.334
0.732
0.24
0.096
0.432
0.794
0.855
0.393
0.977
0.113
0.542
0.073
0.829
0.267
0.588
0.105
0.89
0.918
0.694
0.571
0.39
0.501
0.458
0.592
0.035
0
0.21
0.342
0.194
0.88
0.376
0.756
0.954
0.035
0.194
0.052
0.359
0.863
0.431
0.294
0.644
0.933
0.609
0.064
0.146
0.411
0.086
0.331
0.162
0.115
0.744
0.925
0.834
0.837
0.731
0.681
0.711
0.192
0.668
0.565
0.999
0.023
0.272
0.053
0.337
0.553
0.801
0.504
0.917
0.336
0.807
0.68
0.7
0.612
0.586
0.267
0.339
0.287
0.517
0.538
0.552
0.826
0.314
0.24
0.668
0.378
0.306
0.039
0.843
0.155
0.995
0.496
0.309
0.935
0.069
0.29
0.883
0.084
0.163
0.339
0.373
0.81
0.164
0.167
0.97
0.879
0.642
0.007
0.898
0.84
0.51
0.198
0.77
0.824
0.673
0.86
0.242
0.288
0.821
0.665
0.006
0.083
0.43
0.699
0.301
0.224
0.634
0.279
0.227
0.024
0.344
0.613
0.651
0.323
0.244
0.033
0.837
0.908
0.084
0.925
0.914
0.67
0.183
0.381
0.886
0.709
0.862
0.229
0.259
0.846
0.504
0.914
0.584
0.054
0.017
0.648
0.681
0.247
0.949
0.421
0.556
0.526
