0.196
0.251
0.151
0.58
0.568
0.328
0.634
0.753
0.512
0.574
0.942
0.284
0.425
0.784
0.055
0.711
0.81
0.507
0.958
0.064
0.116
0.23
0.017
0.885
0.577
0.156
0.844
0.694
0.769
0.63
0.366
0.04
0.312
0.92
0.298
0.189
0.658
0.656
0.117
0.196
0.201
0.865
0.683
0.597
0.402
0.286
0.396
0.239
0.041
0.915
0.309
0.488
0.489
0.135
0.454
0.632
0.167
0.777
0.721
0.049
0.303
0.867
0.489
0.546
0.26
0.297
0.558
0.477
0.776
0.865
0.73
0.343
0.055
0.239
0.556
0.958
0.295
0.395
0.831
0.502
0.871
0.587
0.211
0.655
0.624
0.701
0.862
0.383
0.151
0.1
0.16
0.832
0.855
0.253
0.985
0.251
0.481
0.875
0.828
0.051
0.573
0.17
0.871
0.187
0.645
0.262
0.759
0.259
0.88
0.449
0.648
0.517
0.419
0.326
0.905
0.634
0.629
0.047
0.074
0.354
0.485
0.121
0.154
0.39
0.296
0.809
0.951
0.678
0.734
0.089
0.243
0.635
0.466
0.297
0.792
0.728
0.294
0.726
0.497
0.484
0.168
0.359
0.204
0.379
0.33
0.995
0.217
0.173
0.043
0.61
0.995
0.882
0.645
0.255
0.562
0.84
0.082
0.298
0.36
0.98
0.989
0.462
0.855
0.792
0.987
0.669
0.909
0.928
0.791
0.24
0.281
0.075
0.594
0.75
0.97
0.424
0.403
0.316
0.584
0.447
0.4
0.7
0.26
0.856
0.771
0.107
0.593
0.362
0.939
0.321
0.339
0.359
0.129
0.742
0.255
0.705
0.382
0.686
0.805
0.278
0.484
0.14
0.688
0.15
0.645
0.864
0.9
0.089
0.667
0.316
0.917
0.096
0.037
0.626
0.068
0.798
0.258
0.465
0.704
0.517
0.723
0.926
0.458
0.188
0.89
0.468
0.454
0.237
0.917
0.8
0.977
0.011
0.197
0.387
0.863
0.887
0.78
0.303
0.977
0.353
0.681
0.728
0.163
0.379
0.143
0.467
0.974
0.461
0.707
0.538
0.732
0.984
0.205
0.886
0.808
0.901
0.637
0.186
0.986
0.718
0.471
0.855
0.885
0.277
0.678
0.531
0.209
0.206
0.393
0.813
0.206
0.642
0.31
0.296
0.599
0.685
0.244
0.031
0.102
0.487
0.679
0.376
0.108
0.87
0.489
0.261
0.601
0.196
0.411
0.336
0.446
0.55
0.618
0.619
0.19
0.033
0.51
0.018
0.808
0.523
0.473
0.134
0.043
0.298
0.681
0.341
0.303
0.251
0.077
0.625
0.945
0.93
0.149
0.674
0.187
0.446
0.839
0.277
0.121
0.721
0.251
0.116
0.325
0.134
0.862
0.017
0.406
0.821
0.034
0.206
0.888
0.017
0.331
0.824
0.451
0.38
0.113
0.846
0.41
0.731
0.701
0.841
0.557
0.224
0.788
0.394
0.487
0.043
0.783
0.115
0.013
0.233
0.701
0.541
0.474
0.195
0.376
0.255
0.827
0.981
0.223
0.17
0.445
0.748
0.974
0.829
0.121
0.636
0.201
0.481
0.043
0.247
0.328
0.663
0.859
0.559
0.284
0.547
0.563
0.204
0.303
0.322
0.543
0.967
0.252
0.634
0.859
0.29
0.105
0.055
0.977
0.455
0.286
0.537
0.437
0.993
0.706
0.405
0.389
0.651
0.848
0.103
0.82
0.26
0.574
0.927
0.277
0.557
0.311
0.542
0.514
0.134
0.058
0.746
0.172
0.532
0.494
0.369
0.35
0.076
0.266
0.409
0.613
0.956
0.146
0.927
0.424
0.529
0.22
0.933
0.597
0.903
0.993
0.8
0.351
0.523
0.065
0.286
0.746
0.413
0.497
0.411
0.732
0.504
0.913
0.522
0.943
0.785
0.326
0.31
0.128
0.214
0.963
0.061
0.684
0.899
0.212
0.686
0.602
0.181
0.606
0.555
0.924
0.047
0.601
0.476
0.896
0.37
0.861
0.943
0.784
0.984
0.514
0.054
0.908
0.761
0.951
0.419
0.857
0.175
0.412
0.885
0.937
0.952
0.762
0.738
0.671
0.8
0.01
0.334
0.522
0.894
0.842
0.279
0.401
0.437
0.957
0.821
0.241
0.076
0.057
0.385
0.199
0.518
0.223
0.363
0.741
0.09
0.06
0.19
0.568
0.23
0.131
0.724
0.546
0.503
0.399
0.902
0.76
0.506
0.141
0.96
0.525
0.263
0.052
0.212
0.886
0.932
0.988
0.477
0.099
0.179
0.477
0.413
0.599
0.256
0.018
0.986
0.702
0.98
0.45
0.887
0.622
0.625
0.414
0.747
0.75
0.167
0.388
0.52
0.477
0.429
0.161
0.207
0.407
0.549
0.738
0.129
0.448
0.7
0.965
0.972
0.921
0.99
0.468
0.655
0.621
0.168
0.738
0.766
0.902
0.023
0.02
0.623
0.342
0.955
0.083
0.508
0.248
0.038
0.743
0.114
0.69
0.945
0.992
0.15
0.777
0.643
0.899
0.621
0.217
0.62
0.612
0.993
0.236
0.915
0.158
0.597
0.484
0.278
0.751
0.329
0.973
0.161
0.772
0.205
0.315
0.861
0.303
0.168
0.466
0.769
0.077
0.247
0.962
0.663
0.283
0.534
0.86
0.761
0.866
0.488
0.483
0.199
0.539
0.11
0.693
0.203
0.325
0.894
0.699
0.178
0.005
0.934
0.901
0.666
0.552
0.428
0.16
0.644
0.478
0.483
0.602
0.17
0.247
0.894
0.769
0.185
0.797
0.051
0.629
0.571
0.48
0.832
0.24
0.541
0.712
0.858
0.854
0.661
0.139
0.831
0.949
0.437
0.559
0.653
0.427
0.44
0.901
0.384
0.692
0.973
0.729
0.456
0.7
0.726
0.145
0.097
0.359
0.495
0.187
0.717
0.87
0.627
0.484
0.945
0.847
0.124
0.912
0.146
0.762
0.408
0.45
0.937
0.832
0.87
0.126
0.054
0.206
0.012
0.807
0.917
0.885
0.147
0.278
0.075
0.043
0.207
0.54
0.815
0.319
0.729
0.487
0.779
0.411
0.746
0.882
0.682
0.058
0.211
0.725
0.608
0.162
0.791
0.926
0.927
0.936
0.459
0.204
0.418
0.717
0.853
0.691
0.253
0.391
0.425
0.596
0.05
0.107
0.925
0.692
0.636
0.171
0.376
0.939
0.662
0.614
0.739
0.078
0.841
0.565
0.839
0.425
0.398
0.116
0.408
0.09
0.929
0.688
0.439
0.848
0.8
0.008
0.288
0.77
0.01
0.933
0.854
0.477
0.37
0.846
0.637
0.466
0.911
0.761
0.872
0.154
0.806
0.634
0.063
0.139
0.116
0.621
0.16
0.833
0.506
0.95
0.117
0.749
0.986
0.09
0.307
0.146
0.308
0.562
0.524
0.581
0.979
0.252
0.565
0.895
0.69
0.327
0.836
0.588
0.311
0.406
0.003
0.19
0.352
0.564
0.441
0.459
0.235
0.772
0.997
0.512
0.66
0.8
0.306
0.802
0.727
0.326
0.324
0.948
0.066
0.869
0.282
0.864
0.356
0.407
0.598
0.3
0.992
0.364
0.899
0.398
0.855
0.534
0.554
0.479
0.151
0.238
0.94
0.668
0.168
0.509
0.268
0.613
0.043
0.815
0.739
0.515
0.121
0.192
0.516
0.804
0.458
0.138
0.191
0.868
0.455
0.664
0.289
0.278
0.719
0.076
0.837
0.292
0.202
0.426
0.262
0.87
0.066
0.505
0.024
0.997
0.685
0.604
0.139
0.471
0.303
0.046
0.037
0.647
0.855
0.111
0.613
0.761
0.128
0.615
0.849
0.421
0.649
0.472
0.231
0.271
0.051
0.502
0.999
0.731
0.635
0.602
0.67
0.423
0.086
0.97
0.254
0.66
0.144
0.989
0.368
0.04
0.182
0.682
0.285
0.87
0.208
0.685
0.356
0.568
0.775
0.764
0.114
0.792
0.392
0.339
0.561
0.234
0.476
0.144
0.836
0.285
0.391
0.196
0.636
0.785
0.976
0.222
0.239
0.395
0.53
0.38
0.11
0.734
0.774
0.445
0.311
0.327
0.496
0.436
0.402
0.134
0.915
0.183
0.004
1.0
0.021
0.684
0.606
0.72
0.33
0.108
0.567
0.982
0.457
0.187
0.814
0.916
0.908
0.859
0.58
0.445
0.751
0.809
0.177
0.24
0.496
0.815
0.721
0.06
0.096
0.664
0.241
0.857
0.341
0.136
0.058
0.807
0.127
0.045
0.415
0.981
0.13
0.778
0.778
0.6
0.535
0.169
0.63
