0.231
0.838
0.255
0.167
0.374
0.184
0.1
0.409
0.894
0.745
0.988
0.168
0.262
0.792
0.671
0.698
1.0
0.03
0.409
0.153
0.902
0.919
0.724
0.13
0.407
0.945
0.264
0.832
0.64
0.491
0.903
0.133
0.784
0.464
0.992
0.215
0.509
0.719
0.35
0.626
0.959
0.788
0.304
0.745
0.836
0.79
0.896
0.719
0.923
0.889
0.929
0.283
0.155
0.996
0.227
0.808
0.955
0.474
0.156
0.507
0.781
0.137
0.005
0.829
0.522
0.785
0.981
0.105
0.903
0.511
0.083
0.201
0.479
0.797
0.913
0.364
0.803
0.918
0.011
0.739
0.151
0.941
0.674
0.069
0.934
0.89
0.091
0.624
0.393
0.271
0.171
0.837
0.473
0.165
0.337
0.169
0.637
0.221
0.757
0
0.432
0.691
0.724
0.225
0.151
0.643
0.302
0.457
0.327
0.493
0.151
0.523
0.267
0.271
0.732
0.604
0.581
0.812
0.618
0.546
0.666
0.747
0.612
0.494
0.674
0.513
0.84
0.967
0.125
0.684
0.982
0.274
0.682
0.706
0.658
0.657
0.93
0.501
0.439
0.715
0.048
0.737
0.938
0.043
0.55
0.872
0.733
0.979
0.667
0.606
0.89
0.607
0.859
0.73
0.85
0.729
0.539
0.923
0.858
0.853
0.869
0.062
0.709
0.241
0.726
0.519
0.311
0.691
0.684
0.399
0.924
0.917
0.448
0.443
0.347
0.703
0.953
0.38
0.864
0.856
0.372
0.389
0.953
0.475
0.421
0.395
0.435
0.707
0.56
0.962
0.539
0.987
0.101
0.187
0.708
0.54
0.059
0.489
0.109
0.005
0.13
0.261
0.23
0.763
0.103
0.758
0.718
0.472
0.1
0.559
0.357
0.32
0.492
0.097
0.48
0.598
0.313
0.965
0.145
0.804
0.312
0.221
0.566
0.88
0.375
0.064
0
0.41
0.032
0.555
0.68
0.022
0.96
0.913
0.589
0.317
0.778
0.238
0.568
0.49
0.474
0.981
0.685
0.405
0.831
0.052
0.67
0.058
0.696
0.011
0.432
0.893
0.554
0.293
0.044
0.809
0.339
0.796
0.4
0.076
0.851
0.295
0.472
0.845
0.957
0.71
0.741
0.151
0.332
0.356
0.028
0.457
0.104
0.29
0.49
0.504
0.357
0.871
0.279
0.539
0.044
0.924
0.459
0.736
0.556
0.389
0.092
0.414
0.913
0.303
0.696
0.318
0.746
0.677
0.107
0.341
0.587
0.874
0.253
0.486
0.952
0.91
0.431
0.36
0.197
0.322
0.249
0.038
0.733
0.807
0.68
0.421
0.819
0.345
0.563
0.806
0.468
0.575
0.012
0.582
0.829
0.627
0.335
0.597
0.842
0.42
0.512
0.034
0.566
0.982
0.036
0.833
0.543
0.809
0.257
0.006
0.714
0.235
0.517
0.615
0.319
0.783
0.945
0.439
0.601
0.334
0.945
0.821
0.329
0.52
0.681
0.232
0.693
0.837
0.292
0.319
0.969
0.197
0.069
0.053
0.433
0.737
0.331
0.571
0.048
0.911
0
0.65
0.378
0.674
0.83
0.661
0.83
0.932
0.707
0.884
0.656
0.487
0.856
0.914
0.766
0.272
0.235
0.355
0.25
0.286
0.502
0.575
0.441
0.275
0.744
0.537
0.945
0.022
0.693
0.005
0.051
0.626
0.638
0.131
0.009
0.29
0.62
0.895
0.306
0.279
0.311
0.321
0.42
0.459
0.369
0.31
0.813
0.079
0.081
0.949
0.201
0.232
0.136
0.787
0.63
0.695
0.1
0.831
0.542
0.803
0.413
0.196
0.064
0.697
0.938
0.846
0.292
0.465
0.014
0.132
0.415
0.453
0.677
0.89
0.402
0.268
0.288
0.279
0.31
0.494
0.719
0.428
0.789
0.649
0.072
0.016
0.423
0.404
0.782
0.405
0.828
0.536
0.629
0.152
0.884
0.749
0.928
0.094
0.089
0.38
0.394
0.78
0.671
0.343
0.664
0.035
0.008
0.23
0.27
0.72
0.613
0.782
0.052
0.668
0.232
0.215
0.309
0.186
0.976
0.998
0
0.591
0.647
0.877
0.724
0.886
0.793
0.715
0.061
0.815
0.354
0.421
0.655
0.268
0.354
0.324
0.952
0.18
0.048
0.26
0.154
0.91
0.826
0.972
0.754
0.416
0.159
0.837
0.167
0.835
0.791
0.692
0.289
0.292
0.49
0.116
0.546
0.925
0.282
0.835
0.467
0.204
0.547
0.797
0.934
0.444
0.256
0.668
0.51
0.877
0.891
0.954
0.469
0.934
0.761
0.497
0.431
0.926
0.096
0.129
0.305
0.557
0.627
0.65
0.051
0.819
0.226
0.095
0.793
0.854
0.889
0.843
0.965
0.557
0.877
0.877
0.814
0.807
0.294
0.648
0.564
0.395
0.541
0.964
0.097
0.456
0.79
0.271
0.525
0.823
0.779
0.025
0.488
0.758
0.287
0.358
0.188
0.758
0.621
0.047
0.35
0.788
0.033
0.059
0.226
0.875
0.119
0.317
0.299
0.361
0.162
0.443
0.956
0.18
0.115
0.391
0.009
0.94
0.842
0.661
0.705
0.315
0.928
0
0.04
0.595
0.451
0.271
0.59
0.95
0.021
0.68
0.44
0.665
0.639
0.152
0.01
0.036
0.331
0.579
0.721
0.462
0.382
0.502
0.936
0.896
0.65
0.622
0.575
0.595
0.222
0.004
0.733
0.324
0.081
0.28
0.742
0.807
0.674
0.275
0.373
0.264
0.384
0.778
0.193
0.649
0.935
0.379
0.41
0.195
0.535
0.975
0.66
0.966
0.858
0.552
0.737
0.897
0.167
0.299
0.424
0.844
0.961
0.496
0.964
0.317
0.214
0.362
0.545
0.515
0.31
0.724
0.283
0.827
0.924
0.053
0.185
0.952
0.156
0.612
0.178
0.387
0.831
0.208
0.603
0.322
0.132
0.507
0.479
0.597
0.073
0.708
0.378
0.605
0.248
0.188
0.379
0.101
0.048
0.94
0.616
0.079
0.665
0.93
0.413
0.582
0.648
0.687
0.903
0.738
0.748
0.153
0.858
0.087
0.165
0.41
0.083
0.672
0.537
0.951
0.898
0.661
0.411
0.126
0.308
0.729
0.556
0.095
0.805
0.309
0.029
0.523
0.63
0.995
0.737
0.658
0.005
0.446
0.618
0.699
0.369
0.686
0.746
0.957
0.765
0.538
0.413
0.73
0.473
0.543
0.915
0.969
0.267
0.837
0.992
0.979
0.399
0.283
0.384
0.253
0.526
0.375
0.826
0.76
0.89
0.749
0.371
0.739
0.158
0.03
0.512
0.743
0.526
0.08
0.46
0.37
0.98
0.911
0.45
0.474
0.359
0.034
0.17
0.997
0.702
0.89
0.646
0.604
0.832
0.332
0.965
0.149
0.085
0.127
0.497
0.983
0.528
0.155
0.842
0.117
0.087
0.71
0.46
0.546
0.673
0.755
0.892
0.825
0.914
0.209
0.853
0.347
0.359
0.559
0.301
0.861
0.946
0.313
0.929
0.139
0.115
0.623
0.711
0.284
0.177
0.419
0.871
0.758
0.221
0.246
0.362
0.072
0.029
0.227
0.018
0.871
0.187
0.703
0.032
0.591
0.418
0.876
0.614
0.038
0.928
0.457
0.836
0.902
0.124
0.632
0.398
0.527
0.141
0.769
0.884
0.62
0.293
0.213
0.967
0.902
0.657
0.208
0.002
0.339
0.725
0.998
0.49
0.097
0.961
0.114
0.45
0.662
0.158
0.344
0.499
0.708
0.292
0.279
0.309
0.716
0.075
0.699
0.242
0.524
0.349
0.792
0.66
0.638
0.777
0.184
0.641
0.689
0.114
0.347
0.86
0.696
0.88
0.635
0.674
0.595
0.246
0.982
0.851
0.871
0.821
0.508
0.85
0.659
0.65
0.194
0.627
0.17
0.281
0.294
0.971
0.201
0.626
0.538
0.999
0.206
0.299
0.111
0.381
0.769
0.721
0.993
0.705
0.963
0.326
0.628
0.468
0.049
0.705
0.729
0.202
0.425
0.668
0.569
0.143
0.809
0.446
0.637
0.825
0.315
0.93
0.965
0.737
0.87
0.832
0.637
0.602
0.405
0.64
0.153
0.901
0.292
0.867
0.275
0.385
0.446
0.457
0.134
0.463
0.722
0.59
0.212
0.425
0.644
0.676
0.557
0.304
0.01
0.204
0.837
0.974
0.672
0.895
0.154
0.081
0.627
0.451
0.975
0.938
0.24
0.118
0.514
0.652
0.067
0.581
0.081
0.58
0.732
0.336
0.643
