0.747
0.149
0
0.896
0.735
0.94
0.105
0.843
0.729
0.43
0.065
0.094
0.182
0.781
0.779
0.786
0.126
0.441
0.08
0.492
0.371
0.415
0.956
0.736
0.125
0.012
0.111
0.726
0.377
0.838
0.901
0.117
0.091
0.443
0.179
0.164
0.549
0.673
0.744
0.375
0.115
0.621
0.166
0.186
0.389
0.03
0.472
0.291
0.331
0.759
0.168
0.713
0.33
0.33
0.632
0.183
0.623
0.643
0.528
0.252
0.354
0.171
0.958
0.528
0.74
0.03
0.387
0.598
0.25
0.016
0.581
0.938
0.596
0.964
0.205
0.517
0.514
0.258
0.443
0.322
0.935
0.543
0.799
0.097
0.888
0.672
0.77
0.97
0.415
0.01
0.871
0.541
0.315
0.833
0.437
0.041
0.215
0.847
0.845
0.877
0.699
0.603
0.915
0.24
0.766
0.579
0.982
0.089
0.052
0.273
0.875
0.215
0.839
0.388
0.737
0.585
0.482
0.476
0.643
0.803
0.08
0.272
0.918
0.617
0.774
0.682
0.757
0.446
0.471
0.062
0.393
0.58
0.39
0.741
0.932
0.571
0.023
0.383
0.924
0.76
0.856
0.177
0.496
0.696
0.975
0.543
0.958
0.438
0.635
0.33
0.308
0.729
0.306
0.45
0.311
0.714
0.752
0.586
0.67
0.553
0.736
0.84
0.256
0.99
0.873
0.832
0.158
0.638
0.56
0.462
0.32
0.758
0.28
0.243
0.703
0.156
0.568
0.225
0.668
0.216
0.95
0.126
0.85
0.098
0.264
0.658
0.44
0.912
0.024
0.396
0.91
0.715
0.19
0.444
0.316
0.409
0.543
0.377
0.97
0.794
0.301
0.543
0.873
0.898
0.015
0.118
0.137
0.161
0.452
0.173
0.504
0.171
0.079
0.945
0.111
0.71
0.145
0.161
0.275
0.171
0.012
0.102
0.671
0.896
0.46
0.644
0.301
0.796
0.654
0.681
0.365
0.749
0.75
0.104
0.106
0.163
0.103
0.761
0.48
0.465
0.452
0.996
0.86
0.683
0.358
0.565
0.768
0.697
0.001
0.627
0.036
0.309
0.965
0.445
0.551
0.769
0.63
0.422
0.317
0.799
0.489
0.372
0.022
0.806
0.181
0.989
0.978
0.448
0.401
0.182
0.639
0.138
0.265
0.074
0.484
0.037
0.554
0.16
0.106
0.243
0.756
0.782
0.156
0.778
0.306
0.187
0.138
0.811
0.363
0.205
0.71
0.522
0.037
0.281
0.633
0.036
0.967
0.987
0.431
0.236
0.76
0.79
0.019
0.387
0.327
0.116
0.19
0.098
0.469
0.568
0.371
0.555
0.59
0.087
0.766
0.699
0.723
0.639
0.673
0.771
0.134
0.397
0.809
0.962
0.316
0.39
0.849
0.832
0.047
0.368
0.265
0.083
0
0.242
0.733
0.463
0.245
0.434
0.787
0.285
0.712
0.58
0.925
0.847
0.435
0.654
0.535
0.695
0.555
0.472
0.918
0.518
0.646
0.927
0.4
0.546
0.035
0.988
0.462
0.384
0.133
0.15
0.347
0.788
0.091
0.84
0.626
0.379
0.946
0.471
0.78
0.768
0.295
0.115
0.507
0.928
0.499
0.41
0.214
0.947
0.394
0.277
0.224
0.816
0.089
0.344
0.388
0.461
0.302
0.702
0.076
0.64
0.958
0.685
0.302
0.53
0.069
0.553
0.785
0.283
0.765
0.81
0.173
0.879
0.45
0.317
0.787
0.434
0.503
0.639
0.321
0.843
0.703
0.636
0.82
0.237
0.264
0.196
0.852
0.732
0.836
0.229
0.41
0.483
0.254
0.439
0.283
0.262
0.921
0.567
0.261
0.041
0.335
0.092
0.248
0.107
0.412
0.86
0.207
0.653
0.012
0.586
0
0.027
0.115
0.552
0.944
0.29
0.774
0.995
0.465
0.114
0.082
0.19
0.102
0.063
0.35
0.276
0.787
0.809
0.551
0.329
0.692
0.692
0.182
0.541
0.883
0.668
0.656
0.938
0.54
0.61
0.906
0.299
0.557
0.628
0.926
0.051
0.987
0.95
0.468
0.087
0.344
0.821
0.395
0.008
0.333
0.602
0.756
0.946
0.985
0.772
0.503
0.447
0.675
0.295
0.157
0.281
0.138
0.636
0.895
0.899
0.626
0.408
0.512
0.615
0.591
0.053
0.574
0.631
0.506
0.43
0.246
0.817
0.675
0.115
0.968
0.794
0.613
0.26
0.641
0.309
0.92
0.886
0.538
0.434
0.2
0.55
0.303
0.708
0.826
0.546
0.172
0.594
0.301
0.132
0.196
0.646
0.828
0.865
0.875
0.44
0.111
0.981
0.517
0.325
0.118
0.729
0.91
0.796
0.179
0.829
0.407
0.302
0.601
0.316
0.187
0.044
0.831
0.629
0.521
0.263
0.052
0.518
0.238
0.764
0.782
0.481
0.253
0.94
0.446
0.523
0.138
0.259
0.62
0.037
0.868
0.949
0.718
0.272
0.815
0.2
0.08
0.665
0.783
0.409
0.353
0.747
0.166
0.811
0.819
0.661
0.119
0.311
0.309
0.401
0.082
0.068
0.58
0.508
0.722
0.351
0.041
0.353
0.232
0.852
0.254
0.385
0.949
0.928
0.814
0.123
0.076
0.751
0.612
0.1
0.514
0.2
0.227
0.452
0.865
0.293
0.631
0.574
0.998
0.476
0.069
0.185
0.755
0.319
0.375
0.933
0.267
0.467
0.458
0.118
0.045
0.529
0.352
0.683
0.141
0.402
0.922
0.942
0.375
0.612
0.182
0.838
0.706
0.683
0.609
0.395
0.979
0.814
0.999
0.269
0.155
0.387
0.034
0.334
0.362
0.085
0.903
0.179
0.098
0.848
0.66
0.417
0.584
0.679
0.486
0.837
0.604
0.316
0.945
0.657
0.229
0.768
0.67
0.657
0.584
0.456
0.918
0.783
0.407
0.796
0.098
0.624
0.231
0.77
0.166
0.718
0.904
0.102
0.759
0.567
0.945
0.969
0.332
0.648
0.645
0.19
0.407
0.717
0.97
0.082
0.088
0.243
0.516
0.922
0.553
0.904
0.93
0.093
0.987
0.512
0.733
0.931
0.253
0.974
0.487
0.223
0.963
0.053
0.676
0.496
0.963
0.095
0.22
0.414
0.719
0.272
0.737
0.628
0.44
0.637
0.122
0.564
0.799
0.708
0.395
0.569
0.275
0.65
0.068
0.36
0.869
0.674
0.31
0.461
0.55
0.635
0.835
0.947
0.309
0.955
0.252
0.211
0.07
0.544
0.902
0.024
0.561
0.921
0.875
0.376
0.022
0.726
0.801
0.536
0.572
0.469
0.097
0.023
0.081
0.523
0.54
0.293
0.062
0.749
0.447
0.13
0.865
0.848
0.813
0.029
0.039
0.764
0.367
0.309
0.888
0.343
0.867
0.504
0.631
0.961
0.757
0.806
0.103
0.973
0.551
0.788
0.095
0.718
0.454
0.315
0.679
0.46
0.546
0.766
0.751
0.898
0.186
0.747
0.359
0.07
0.535
0.306
0.382
0.422
0.038
0.261
0.758
0.741
0.865
0.193
0.769
0.301
0.62
0.035
0.045
0.548
0.669
0.563
0.415
0.985
0.483
0.783
0.25
0.662
0.643
0.815
0.559
0.16
0.417
0.458
0.712
0.9
0.84
0.909
0.163
0.525
0.413
0.347
0.388
0.212
0.377
0.713
0.008
0.923
0.15
0.58
0.392
0.263
0.701
0.317
0.443
0.311
0.161
0.22
0.035
0.477
0.3
0.285
0.484
0.383
0.481
0.756
0.609
0.488
0.451
0.542
0.012
0.994
0.087
0.948
0.47
0.811
0.181
0.607
0.175
0.734
0.645
0.038
0.235
0.085
0.869
0.849
0.953
0.149
0.21
0.885
0.431
0.962
0.04
0.827
0.599
0.058
0.301
0.275
0.666
0.027
0.263
0.928
0.154
0.537
0.572
0.04
0.558
0.291
0.8
0.534
0.011
0.209
0.32
0.73
0.539
0.874
0.463
0.584
0.047
0.89
0.834
0.811
0.201
0.249
0.032
0.988
0.646
0.331
0.543
0.933
0.971
0.887
0.015
0.584
0.631
0.761
0.148
0.871
0.999
0.913
0.624
0.999
0.097
0.99
0.187
0.186
0.67
0.506
0.479
0.942
0.644
0.848
0.152
0.359
0.418
0.82
0.995
0.265
0.043
0.891
0.346
0.523
0.885
0.683
0.847
0.033
0.513
0.749
0.267
0.047
0.83
0.198
0.3
0.427
0.291
0.207
0.556
0.36
0.973
0.995
0.275
0.95
0.413
0.691
0.337
0.496
0.356
0.439
