0.911
0.716
0.273
0.219
0.718
0.254
0.977
0.268
0.56
0.838
0.447
0.999
0.018
0.008
0.817
0.501
0.576
0.203
0.134
0.573
0.354
0.368
0.238
0.205
0.197
0.155
0.026
0.582
0.242
0.608
0.819
0.472
0.74
0.902
0.248
0.61
0.83
0.942
0.83
0.765
0.814
0.181
0.929
0.976
0.473
0.642
0.282
0.805
0.649
0.434
0.276
0.76
0.116
0.313
0.214
0.776
0.56
0.904
0.248
0.483
0.291
0.622
0.23
0.243
0.19
0.748
0.631
0.257
0.556
0.526
0.257
0.161
0.883
0.852
0.077
0.957
0.73
0.447
0.22
0.259
0.735
0.73
0.189
0.44
0.861
0.887
0.915
0.276
0.038
0.149
0.85
0.467
0.041
0.181
0.463
0.241
0.819
0.181
0.273
0.918
0.954
0.462
0.995
0.911
0.332
0.929
0.826
0.249
0.167
0.526
0.227
0.806
0.231
0.907
0.062
0.755
0.425
0.162
0.083
0.279
0.646
0.1
0.332
0.062
0.599
0.456
0.082
0.594
0.388
0.892
0.09
0.42
0.289
0.035
0.49
0.328
0.309
0.324
0.079
0.293
0.533
0.591
0.929
0.021
0.406
0.716
0
0.536
0.975
0.79
0.179
0.114
0.656
0.492
0.925
0.745
0.578
0.049
0.697
0.184
0.168
0.911
0.024
0.034
0.428
0.97
0.509
0.918
0.572
0.224
0.043
0.564
0.095
0.182
0.718
0.256
0.47
0.636
0.893
0.995
0.023
0
0.752
0.53
0.956
0.4
0.337
0.8
0.13
0.733
0.36
0.557
0.557
0.107
0.721
0.68
0.195
0.82
0.88
0.375
0.505
0.884
0.185
0.22
0.052
0.842
0.976
0.248
0.819
0.351
0
0.898
0.057
0.343
0.289
0.484
0.922
0.329
0.014
0.382
0.912
0.445
0.296
0.407
0.153
0.498
0.628
0.545
0.416
0.084
0.788
0.507
0.924
0.365
0.448
0.652
0.91
0.82
0.393
0.42
0.931
0.22
0.77
0.523
0.173
0.934
0.209
0.031
0.644
0.556
0.385
0.18
0.883
0.646
0.614
0.717
0.665
0.976
0
0.784
0.624
0.95
0.698
0.865
0.28
0.746
0.114
0.836
0.537
0.401
0.206
0.255
0.842
0.531
0.64
0.135
0.265
0.602
0.894
0.329
0.507
0.874
0.545
0.046
0.027
0.075
0.838
0.613
0.518
0.053
0.821
0.359
0.471
0.926
0.497
0.189
0.72
0.071
0.583
0.023
0.297
0.333
0.788
0.495
0.795
0.982
0.707
0.366
0.375
0.714
0.234
0.271
0.912
0.628
0.657
0.4
0.586
0.982
0.868
0.452
0.082
0.202
0.346
0.32
0.816
0.326
0.155
0.327
0.473
0.032
0.337
0.918
0.973
0.345
0.972
0.858
0.243
0.496
0.492
0.237
0.367
0.995
0.075
0.078
0.057
0.139
0.735
0.799
0.729
0.995
0.382
0.893
0.638
0.275
0.099
0.085
0.764
0.743
0.632
0.025
0.5
0.613
0.875
0.058
0.774
0.919
0.688
0.017
0.76
0.623
0.868
0.525
0.26
0.444
0.135
0.931
0.075
0.874
0.862
0.472
0.261
0.708
0.773
0.045
0.675
0.05
0.077
0.171
0.297
0.315
0.157
0.142
0
0.471
0.627
0.761
0.256
0.742
0.64
0.031
0.883
0.475
0.872
0.136
0.023
0.113
0.781
0.429
0.808
0.416
0.664
0.907
0.766
0.862
0.254
0.89
0.847
0.21
0.21
0.499
0.585
0.257
0.837
0.821
0.472
0.728
0.368
0.265
0.007
0.13
0.946
0.656
0.394
0.264
0.334
0.634
0.55
0.908
0.969
0.214
0.429
0.563
0.214
0.915
0.714
0.289
0.845
0.174
0.399
0.296
0.012
0.456
0.016
0.715
0.731
0.532
0.977
0.714
0.188
0.582
0.936
0.601
0.398
0.047
0.46
0.208
0.743
0.087
0.084
0.757
0.27
0.262
0.739
0.157
0.235
0.441
0.491
0.335
0.9
0.642
0.887
0.114
0.296
0.289
0.162
0.243
0.291
0.929
0.995
0.795
0.268
0.371
0.952
0.528
0.701
0.044
0.152
0.969
0.377
0.885
0.126
0.234
0.684
0.826
0.505
0.154
0.048
0.121
0.888
0.27
0.559
0.778
0.959
0.998
0.868
0.725
0.924
0.298
0.115
0.537
0.383
0.337
0.721
0.215
0.652
0.176
0.267
0.971
0.627
0.186
0.408
0.431
0.115
0.128
0.694
0.517
0.538
0.212
0.261
0.019
0.136
0.573
0.403
0.349
0.291
0.931
0.981
0.216
0.398
0.854
0.381
0.433
0.118
0.778
0.314
0.144
0.792
0.748
0.513
0.366
0.628
0.038
0.41
0.403
0.291
0.075
0.79
0.181
0.85
0.257
0.698
0.601
0.359
0.14
0.36
0.339
0.58
0.785
0.494
0.293
0.476
0.056
0.252
0
0.579
0.497
0.548
0.842
0.331
0.934
0.37
0.725
0.742
0.093
0.266
0.125
0.345
0.041
0.472
0.367
0.096
0.33
0.044
0.826
0.036
0.703
0.108
0.325
0.887
0.007
0.243
0.908
0.57
0.09
0.593
0.541
0.209
0.83
0.287
0.93
0.757
0.939
0.252
0.663
0.063
0.843
0.57
0.973
0.192
0.356
0.199
0.926
0.746
0.138
0.012
0.92
0.704
0.306
0.346
0.61
0.475
0.659
0.27
0.513
0.994
0.831
0.817
0.779
0.759
0.79
0.311
0.385
0.517
0.236
0.912
0.337
0.873
0.983
0.344
0.785
0.469
0.67
0.494
0.676
0.825
0.439
0.606
0.267
0.099
0.902
0.869
0.385
0.196
0.802
0.919
0.806
0.886
0.735
0.594
0.073
0.097
0.977
0.733
0.262
0.581
0.422
0.723
0.257
0.135
0.868
0.636
0.757
0.006
0.475
0.943
0.741
0.856
0.438
0.934
0.034
0.282
0.299
0.551
0.698
0.35
0.181
0.629
0.34
0.578
0.786
0.156
0.384
0.06
0.547
0.131
0.35
0.829
0.29
0.4
0.891
0.433
0.981
0.643
0.493
0.992
0.031
0.718
0.766
0.867
0.402
0.467
0.999
0.077
0.935
0
0.862
0.723
0.478
0.402
0.391
0.777
0.006
0.139
0.042
0.525
0.106
0.747
0.605
0.716
0.37
0.641
0.981
0.465
0.631
0.454
0.218
0.064
0.488
0.801
0.506
0.195
0.177
0.872
0.892
0.879
0.086
0.643
0.337
0.4
0.358
0.879
0.398
0.462
0.558
0.043
0.269
0.693
0.925
0.998
0.619
0.611
0.576
0.107
0.602
0.829
0.223
0.127
0.408
0.601
0.435
0.626
0.18
0.446
0.876
0.035
0.68
0.975
0.913
0.754
0.902
0.247
0.823
0.307
0.637
0.457
0.194
0.554
0.132
0.127
0.296
0.798
0.658
0.453
0.328
0.923
0.693
0.307
0.757
0
0.199
0.023
0.351
0.445
0.463
0.25
0.326
0.648
0.541
0.286
0.02
0.477
0.671
0.207
0.27
0.204
0.375
0.352
0.931
0.689
0.64
0.188
0.497
0.277
0.654
0.79
0.714
0.372
0.779
0.225
0.312
0.296
0.461
0.822
0.999
0.933
0.182
0.071
0.7
0.35
0.152
0.78
0.569
0.07
0.212
0.431
0.304
0.83
0.586
0.909
0.814
0.706
0.119
0.013
0.185
0.913
0.421
0.017
0.823
0.257
0.144
0.065
0.034
0.885
0.118
0.408
0.329
0.584
0.093
0.333
0.887
0.171
0.792
0.142
0.932
0.994
0.771
0.487
0.206
0.357
0.987
0.211
0.222
0.38
0.716
0.195
0.981
0.971
0.529
0.532
0.309
0.288
0.455
0.355
0.275
0.664
0.67
0.33
0.958
0.039
0.776
0.775
0.0
0.904
0.938
0.958
0.238
0.901
0.43
0.735
0.64
0.936
0.787
0.867
0.723
0.465
0.136
0.725
0.863
0.485
0.932
0.14
0.294
0.84
0.899
0.275
0.46
0.464
0.176
0.339
0.653
0.917
0.197
0.676
0.285
0.806
0.04
0.224
0.313
0.515
0.747
0.189
0.03
0.738
0.162
0.264
0.238
0.306
0.657
0.358
0.593
0.805
0.287
0.321
0.092
0.009
0.476
0.739
0.255
0.856
0.014
0.696
0.981
0.541
0.93
0.812
0.328
0.029
0.179
0.371
0.608
0.413
0.127
0.725
0.087
0.18
0.232
0.612
0.723
0.982
0.433
