0.613
0.441
0.023
0.973
0.018
0.621
0.148
0.76
0.128
0.588
0.806
0
0.041
0.19
0.414
0.89
0.617
0.546
0.194
0.095
0.886
0.499
0.78
0.42
0.709
0.48
0.001
0.906
0.897
0.457
0.333
0.25
0.942
0.097
0.323
0.052
0.917
0.964
0.39
0.351
0.638
0.17
0.919
0.339
0.853
0.903
0.847
0.404
0.9
0.288
0.963
0.282
0.835
0.343
0.655
0.65
0.189
0.52
0.486
0.864
0.901
0.813
0.134
0.945
0.615
0.967
0.581
0.054
0.448
0.284
0.393
0.1
0.713
0.999
0.85
0.103
0.369
0.027
0.212
0.53
0.682
0.894
0.059
0.349
0.087
0.926
0.007
0.817
0.876
0.62
0.26
0.558
0.729
0.938
0.105
0.894
0.618
0.35
0.471
0.301
0.079
0.256
0.429
0.034
0.578
0.228
0.56
0.765
0.627
0.063
0.174
0.599
0.157
0.612
0.884
0.323
0.57
0.61
0.994
0.974
0.712
0.483
0.894
0.495
0.681
0.935
0.457
0.32
0.928
0.044
0.382
0.444
0.235
0.88
0.645
0.303
0.776
0.206
0.141
0.01
0.902
0.392
0.198
0.312
0.941
0.839
0.097
0.064
0.309
0.035
0.772
0.368
0.601
0.942
0.649
0.764
0.899
0.737
0.04
0.539
0.583
0.331
0.165
0.796
0.867
0.413
0.459
0.364
0.458
0.846
0.33
0.739
0.523
0.406
0.208
0.254
0.668
0.911
0.188
0.873
0.716
0.053
0.992
0.05
0.25
0.059
0.773
0.191
0.728
0.912
0.43
0.564
0.185
0.094
0.19
0.815
0.354
0.619
0.625
0.004
0.924
0.457
0.604
0.657
0.27
0.626
0.731
0.7
0.992
0.051
0.311
0.625
0.121
0.349
0.321
0.234
0.008
0.129
0.56
0.266
0.59
0.611
0.774
0.254
0.136
0.573
0.129
0.915
0.628
0.077
0.85
0.419
0.93
0.522
0.631
0.798
0.418
0.538
0.594
0.525
0.689
0.783
0.741
0.618
0.668
0.508
0.849
0.452
0.716
0.065
0.756
0.295
0.647
0.829
0.551
0.635
0.098
0.05
0.645
0.259
0.754
0.529
0.405
0.863
0.526
0.632
0.634
0.124
0.208
0.532
0.371
0.33
0.147
0.566
0.507
0.286
0.902
0.222
0.054
0.389
0
0.715
0.652
0.143
0.798
0.08
0.215
0.514
0.168
0.76
0.836
0.385
0.976
0.541
0.295
0.905
0.681
0.547
0.581
0.191
0.33
0.089
0.722
0.322
0.145
0.665
0.418
0.445
0.121
0.535
0.125
0.721
0.436
0.887
0.012
0.401
0.522
0.047
0.827
0.505
0.29
0.796
0.56
0.934
0.625
0.086
0.68
0.012
0.692
0.617
0.083
0.746
0.878
0.942
0.107
0.205
0.281
0.357
0.551
0.896
0.32
0.12
0.153
0.826
0.777
0.015
0.138
0.306
0.511
0.266
0.128
0.589
0.864
0.73
0.712
0.017
0.919
0.571
0.862
0.761
0.781
0.915
0.654
0.599
0.981
0.207
0.706
0.09
0.867
0.206
0.344
0.783
0.01
0.401
0.66
0.939
0.22
0.519
0.928
0.119
0.317
0.433
0.621
0.32
0.059
0.099
0.78
0.135
0.258
0.406
0.726
0.446
0.338
0.154
0.946
0.281
0.502
0.137
0.985
0.962
0.434
0.735
0.024
0.12
0.978
0.869
0.524
0.105
0.036
0.299
0.117
0.9
0.608
0.791
0.89
0.142
0.091
0.07
0.592
0.593
0.735
0.446
0.444
0.379
0.057
0.463
0.966
0.543
0.233
0.717
0.306
0.941
0.679
0.36
0.539
0.795
0.479
0.773
0.625
0.209
0.629
0.65
0.725
0.108
0.541
0.02
0.736
0.102
0.514
0.505
0.394
0.754
0.547
0.528
0.479
0.856
0.687
0.725
0.355
0.747
0.045
0.996
0.28
0.724
0.154
0.464
0.662
0.237
0.815
0.265
0.868
0.99
0
0.524
0.855
0.228
0.986
0.155
0.21
0.765
0.732
0.511
0.704
0.657
0.67
0.291
0.609
0.007
0.347
0.841
0.955
0.3
0.963
0.679
0.919
0.977
0.975
0.401
0.677
0.412
0.551
0.844
0.031
0.835
0.83
0.028
0.132
0.647
0.913
0.011
0.36
0.36
0.858
0.781
0.889
0.632
0.86
0.622
0.196
0.495
0.27
0.906
0.697
0.362
0.354
0.865
0.385
0.983
0.012
0.235
0.967
0.294
0.098
0.642
0.624
0.438
0.454
0.918
0.033
0.379
0.478
0.141
0.185
0.375
0.381
0.155
0.743
0.375
0.069
0.32
0.806
0.478
0.037
0.475
0.219
0.927
0.504
0.088
0.773
0.945
0.913
0.374
0.428
0.517
0.11
0.087
0.224
0.227
0.453
0.825
0.857
0.328
0.207
0.674
0.799
0.615
0.433
0.555
0.571
0.364
0.274
0.431
0.503
0.133
0.664
0.903
0.823
0.187
0.814
0.403
0.379
0.97
0.565
0.145
0.814
0.949
0.135
0.49
0.901
0.818
0.014
0.557
0.97
0.192
0.313
0.616
0.69
0.856
0.657
0.403
0.264
0.523
0.417
0.737
0.084
0.592
0.382
0.029
0.366
0.064
0.951
0.723
0.113
0.617
0.037
0.876
0.404
0.627
0.761
0.959
0.784
0.012
0.858
0.746
0.184
0.632
0.628
0.559
0.42
0.09
0.194
0.465
0.393
0.306
0.343
0.926
0.737
0.457
0.0
0.693
0.207
0.579
0.237
0.059
0.373
0.593
0.959
0.479
0.523
0.009
0.453
0.414
0.217
0.935
0.3
0.91
0.55
0.485
0.64
0.13
0.773
0.32
0.444
0.794
0.654
0.649
0.719
0.787
0.41
0.195
0.592
0.83
0.803
0.447
0.159
0.16
0.432
0.787
0.306
0.396
0.169
0.723
0.613
0.573
0.518
0.925
0.302
0.187
0.16
0.254
0.223
0.891
0.728
0.456
0.764
0.455
0.984
0.198
0.019
0.259
0.99
0.128
0.349
0.567
0.842
0.248
0.523
0.648
0.134
0.965
0.897
0.009
0.533
0.14
0.636
0.421
0.708
0.09
0.859
0.961
0.442
0.365
0.722
0.775
0.423
0.142
0.574
0.309
0.161
0.703
0.073
0.032
0.788
0.304
0.372
0.341
0.218
0.542
0.549
0.985
0.206
0.122
0.072
0.221
0.178
0.336
0.128
0.377
0.98
0.29
0.317
0.562
0.62
0.948
0.867
0.264
0.038
0.516
0.96
0.288
0.046
0.837
0.292
0.516
0.056
0.817
0.269
0.779
0.637
0.17
0.833
0.03
0
0.99
0.966
0.038
0.67
0.786
0.263
0.549
0.338
0.893
0.744
0.474
0.418
0.357
0.26
0.065
0.39
0.905
0.658
0.941
0.75
0.248
0.869
0.418
0.931
0.324
0.47
0.035
0.119
0.396
0.45
0.845
0.08
0.918
0.44
0.828
0.814
0.493
0.099
0.709
0.115
0.041
0.91
0.257
0.286
0.45
0.227
0.209
0.433
0.205
0.54
0.867
0.855
0.054
0.308
0.292
0.64
0.624
0.549
0.455
0.162
0.263
0.261
0.867
0.076
0.07
0.283
0.254
0.316
0.266
0.04
0.616
0.544
0.86
0.42
0.497
0.053
0.772
0.767
0.644
0.388
0.881
0.71
0.367
0.296
0.076
0.466
0.683
0.173
0.378
0.103
0.716
0.466
0.335
0.837
0.075
0.864
0.101
0.718
0.487
0.135
0.106
0.682
0.226
0.3
0.146
0.484
0.39
0.969
0.766
0.812
0.014
0.164
0.736
0.509
0.694
0.444
0.512
0.385
0.266
0.841
0.215
0.915
0.19
0.072
0.648
0.844
0.258
0.868
0
0.326
0.306
0.102
1.0
0.47
0.774
0.522
0.243
0.281
0.014
0.048
0.031
0.153
0.513
0.083
0.829
0.853
0.473
0.081
0
0.297
0.837
0.242
0.355
0.213
0.682
0.71
0.318
0.231
0.502
0.603
0.005
0.126
0.049
0.744
0.245
0.815
0.39
0.075
0.85
0.588
0.726
0.216
0.594
0.522
0.788
0.138
0.868
0.253
0.34
0.314
0.555
0.684
0
0.768
0.219
0.526
0.593
0.547
0.052
0.98
0.398
0.258
0.933
0.652
0.98
0.438
0.084
0.625
0.466
0.834
0.152
0.624
0.097
0.556
0.252
0.645
0.454
0.33
0.373
0.678
0.56
0.371
0.775
0.686
0.853
0.018
0.178
