0.188
0.101
0.669
0.324
0.132
0.257
0.414
0.248
0.775
0.265
0.607
0.297
0.394
0.475
0.518
0.546
0.91
0.244
0.238
0.791
0.878
0.974
0.85
0.768
0.097
0.816
0.223
0.665
0.947
0.778
0.638
0.834
0.727
0.265
0.921
0.237
0.048
0.208
0.704
0.65
0.474
0.531
0.421
0.07
0.778
0.478
0.571
0.13
0.136
0.169
0.765
0.608
0.917
0.583
0.452
0.386
0.59
0.586
0.612
0.658
0.021
0.314
0.375
0.481
0.169
0.105
0.216
0.995
0.951
0.027
0.476
0.54
0.219
0.006
0.805
0.649
0.922
0.415
0.229
0.614
0.259
0.757
0.657
0.24
0.792
0.556
0.388
0.647
0.685
0.408
0.218
0.929
0.189
0.81
0.286
0.824
0.312
0.368
0.572
0.515
0.873
0.682
0.178
0.101
0.173
0.896
0.134
0.846
0.455
0
0.622
0.941
0.401
0.422
0.386
0.282
0.27
0.097
0.682
0.822
0.789
0.887
0.343
0.395
0.497
0.706
0.595
0.841
0.431
0.62
0.025
0.696
0.446
0.868
0.055
0.947
0.572
0.433
0.141
0.249
0.029
0.79
0.964
0.027
0.353
0.023
0.338
0.134
0.788
0.035
0.51
0.99
0.204
0.894
0.802
0.881
0.955
0.697
0.553
0.216
0.195
0.73
0.583
0.411
0.971
0.947
0.135
0.573
0.251
0.182
0.302
0.579
0.032
0.08
0.399
0.298
0.585
0.706
0.613
0.802
0.07
0.234
0.97
0.641
0.785
0.337
0.087
0.631
0.49
0.08
0.552
0.706
0.354
0.338
0.326
0.693
0.607
0.047
0.751
0.962
0.264
0.074
0.019
0.627
0.809
0.986
0.199
0.751
0.088
0.825
0.241
0.427
0.878
0.244
0.402
0.333
0.076
0.112
0.774
0.196
0
0.172
0.797
0.065
0.312
0.127
0.767
0.062
0.425
0.25
0.577
0.518
0.576
0.291
0.821
0.402
0.25
0.374
0.306
0.48
0.329
0.659
0
0.691
0.909
0.887
0.594
0.061
0.076
0.53
0.687
0.873
0.146
0.955
0.12
0.817
0.626
0.217
0.744
0.118
0.91
0.545
0.707
0.051
0.516
0.753
0.17
0.634
0.365
0.182
0.243
0.083
0.26
0.633
0.434
0.008
0.116
0.816
0.098
0.439
0.103
0.164
0.158
0.915
0.149
0.793
0.594
0.319
0.377
0.088
0.704
0.822
0.986
0.9
0.508
0.167
0.674
0.709
0.067
0.248
0.836
0.695
0.98
0.298
0.724
0.969
0.13
0.27
0.504
0.726
0.136
0.327
0.066
0.274
0.833
0.287
0.23
0.954
0.545
0.09
0.564
0.307
0.717
0.043
0.505
0.445
0.63
0.367
0.416
0.048
0.586
0.068
0.938
0.43
0.911
0.147
0.27
0.528
0.076
0.165
0.744
0.254
0.092
0.703
0.203
0.091
0.358
0.997
0.064
0.043
0.846
0.516
0.455
0.469
0.083
0.492
0.572
0.352
0.292
0.056
0.116
0.556
0.459
0.834
0.996
0.796
0.341
0.149
0.691
0.444
0.588
0.397
0.774
0.331
0.311
0.72
0.621
0.784
0.769
0.378
0.19
0.49
0.005
0.299
0.838
0.017
0.266
0.934
0.518
0.225
0.594
0.338
0.608
0.618
0.075
0.071
0.049
0.74
0.641
0.395
0.628
0.043
0.303
0.279
0.323
0.442
0.315
0.517
0.745
0.669
0.937
0.59
0.075
0.68
0.769
0.918
0.167
0.116
0.963
0.687
0.139
0.04
0.549
0.724
0.396
0.829
0.802
0.546
0.718
0.676
0.483
0.075
0.593
0.521
0.654
0.943
0.635
0.255
0.616
0.981
0.758
0.711
0.348
0.961
0.941
0.742
0.855
0.661
0.597
0.355
0.253
0.543
0.63
0.676
0.97
0.066
0.22
0.26
0.169
0.87
0.886
0.087
0.853
0.806
0.123
0.855
0.59
0.425
0.729
0.572
0.14
0.601
0.027
0.274
0.94
0.431
0.285
0.42
0.766
0.614
0.331
0.374
0.173
0.237
0.117
0.941
0.915
0.269
0.399
0.918
0.881
0.983
0.537
0.213
0.631
0.475
0.847
0.254
0.164
0.862
0.707
0.987
0.087
0.595
0.846
0.103
0.231
0.032
0.368
0.949
0.229
0.501
0.241
0.744
0.533
0.668
0.651
0.609
0.109
0.808
0.198
0.818
0.335
0.007
0.997
0.474
0.222
0.042
0.963
0.021
0.633
0.779
0.947
0.365
0.557
0.83
0.737
0.155
0.816
0.686
0.951
0.999
0.043
0.582
0.062
0.161
0.073
0.37
0.775
0.465
0.124
0.417
0.57
0.587
0.911
0.966
0.42
0
0.702
0.54
0.828
0.331
0.457
0.448
0.471
0.45
0.812
0.346
0.673
0.205
0.169
0.529
0.845
0.275
0.257
0.332
0.143
0.716
0.003
0.409
0.861
0.897
0.82
0.69
0.051
0.818
0.13
0.499
0.901
0.039
0.133
0.754
0.091
0.879
0.272
0.756
0.109
0.202
0.383
0.088
0.789
0.217
0.024
0.701
0.221
0.62
0.666
0.246
0.764
0.718
0.187
0.584
0.716
0.576
0.219
0.137
0.141
0.947
0.733
0.458
0.571
0.908
0.655
0.307
0.764
0.435
0.213
0.972
0.94
0.467
0.656
0.551
0.726
0.219
0.365
0.228
0.832
0.023
0.712
0.413
0.081
0.647
0.926
0.638
0.877
0.246
0.189
0.48
0.564
0.144
0.733
0.105
0.151
0.913
0.469
0.622
0.377
0.004
0.959
0.909
0.576
0.027
0.205
0.603
0.284
0.013
0.849
0.849
0.082
0.491
0.148
0.979
0.976
0.469
0.435
0.479
0.022
0.8
0.701
0.812
0.454
0.811
0.876
0.113
0.458
0.45
0.658
0.018
0.011
0.111
0.525
0.301
0.407
0.014
0.38
0.429
0.605
0.351
0.738
0.33
0.962
0.934
0.012
0.441
0.938
0.212
0.84
0.33
0.333
0.956
0.934
0.77
0.766
0.408
0.749
0.43
0.159
0.151
0.448
0
0.851
0.407
0.202
0.321
0.773
0.818
0.543
0.992
0.647
0.779
0.267
0.629
0.806
0.538
0
0.758
0.782
0.702
0.441
0.169
0.654
0.888
0.748
0.736
0.087
0.352
0.719
0.415
0.1
0.447
0.907
0.046
0.817
0.092
0.968
0.908
0.501
0.337
0.159
0.25
0.683
0.169
0.51
0.546
0.577
0.463
0.14
0.351
0.314
0.442
0.09
0.875
0.158
0.734
0.058
0.981
0.866
0.961
0.546
0.289
0.083
0.966
0.893
0.475
0.295
0.653
0.165
0.413
0.634
0.871
0.269
0.017
0.084
0.987
0.947
0.005
0.775
0.137
0.755
0.465
0.532
0.396
0.245
0.812
0.049
0.58
0.013
0.76
0.919
0.525
0.922
0.052
0.783
0.496
0.63
0.441
0.879
0.569
0.796
0.163
0.991
0.121
0.641
0.504
0.547
0.639
0.119
0.084
0.069
0.554
0.616
0.654
0.83
0.098
0.776
0.665
0.484
0.116
0.76
0.33
0.442
0.237
0.488
0.576
0.886
0.481
0.6
0.716
0.34
0.878
0.963
0.791
0.685
0.443
0.702
0.129
0.916
0.194
0.108
0.727
0.503
0.773
0.455
0.756
0.027
0.865
0.681
0.362
0.112
0.394
0.051
0.731
0.291
0.692
0.069
0.447
0.367
0.852
0.201
0.913
0
0.822
0.092
0.028
0.855
0.15
0.312
0.309
0.981
0.076
0.882
0.563
0.715
0.817
0.248
0.057
0.967
0.47
0.531
0.092
0.277
0.198
0.177
0.944
0.191
0.252
0.114
0.106
0.187
0.611
0.193
0.19
0.849
0.792
0.903
0.42
0.56
0.284
0.453
0.285
0.137
0.288
0.671
0.836
0.837
0.762
0.725
0.024
0.039
0.037
0.232
0.906
0.033
0.807
0.797
0.669
0.226
0.709
0.011
0.4
0.131
0.915
0.722
0.225
0.683
0.678
0.175
0.422
0.633
0.552
0.678
0.327
0.539
0.505
0.519
0.084
0.481
0.059
0.647
0.599
0.4
0.139
1.0
0.78
0.681
0.341
0.562
0.751
0.826
0.847
0.83
0.732
0.158
0.921
0.973
0.908
0.087
0.429
0.056
0.422
0.011
0.801
0.505
0.863
0.884
0.679
0.496
0.138
0.941
0.601
0.826
0.848
0.528
0.039
0.826
0.276
0.86
0.661
0.283
0.08
