0.456
0.209
0.623
0.188
0.663
0.259
0.407
0.889
0.383
0.321
0.432
0.381
0.279
0.233
0.554
0.879
0.767
0.934
0.991
0.794
0.563
0.507
0.676
0.157
0.66
0.736
0.116
0.538
0.657
0.428
0.1
0.342
0.513
0.136
0.549
0.932
0.123
0.922
0.123
0.029
0.182
0.378
0.342
0.097
0.568
0.899
0.51
0.532
0.055
0.316
0.315
0.617
0.716
0.83
0.994
0.262
0.939
0.145
0.086
0.796
0.318
0.822
0.774
0.884
0.426
0.227
0.704
0.504
0.559
0.668
0.305
0.891
0.355
0.424
0.713
0.183
0.0
0.82
0.057
0.683
0.99
0.278
0.573
0.31
0.861
0.935
0.755
0.917
0.847
0.608
0.492
0.886
0.725
0.159
0.119
0.515
0.173
0.607
0.357
0.044
0.361
0.738
0.209
0.616
0.099
0.898
0.483
0.551
0.814
0.625
0.087
0.504
0.009
0.555
0.379
0.643
0.395
0.866
0.843
0.004
0.228
0.833
0.801
0.882
0.288
0.59
0.668
0.224
0.162
0.748
0.352
0.457
0.906
0.787
0.974
0.939
0.963
0.237
0.353
0.901
0.4
0.242
0.334
0.352
0.411
0.758
0.179
0.116
0.768
0.777
0.589
0.461
0.665
0.988
0.642
0.982
0.247
0.639
0.824
0.566
0.826
0.746
0.589
0.185
0.813
0.078
0.585
0.974
0.623
0.803
0.74
0.693
0.184
0.866
0.296
0.862
0.009
0.367
0.977
0.548
0.337
0.569
0.403
0.517
0.954
0.527
0.673
0.657
0.598
0.046
0.17
0.68
0.805
0.428
0.827
0.235
0.171
0.985
0.585
0.927
0.101
0.654
0.954
0.699
0.222
0.664
0.388
0.176
0.068
0.81
0.952
0.849
0.553
0.267
0.608
0.833
0.81
0.994
0.662
0.23
0.433
0.558
0.072
0.306
0.824
0.807
0.471
0.424
0.784
0.449
0.561
0.657
0.223
0.978
0.393
0.445
0.317
0.682
0.958
0.147
0.604
0.349
0.552
0.103
0.041
0.915
0.858
0.228
0.973
0.163
0.786
0.238
0.729
0.455
0.781
0.298
0.952
0.762
0.144
0.683
0.306
0.854
0.877
0.261
0.842
0.224
0.823
0.668
0.175
0.725
0.201
0.121
0.818
0.516
0.517
0.895
0.178
0.684
0.337
0.898
0.169
0.361
0.821
0.778
0.556
0.771
0.931
0.002
0.231
0.259
0.837
0.181
0.004
0.511
0.974
0.237
0.334
0.773
0.926
0.9
0.066
0.668
0.15
0.536
0.078
0.256
0.096
0.191
0.91
0.589
0.866
0.386
0.903
0.743
0.48
0.434
0.841
0.421
0.946
0.015
0.99
0.886
0.29
0.044
0.658
0.693
0.919
0.877
0.507
0.627
0.236
0.624
0.374
0.847
0.484
0.917
0.38
0.37
0.729
0.84
0.005
0.781
0.879
0.135
0.222
0.47
0.112
0.902
0.208
0.704
0.315
0.759
0.4
0.265
0.225
0.887
0.233
0.946
0.064
0.839
0.837
0.246
0.851
0.354
0.946
0.372
0.2
0.05
0.408
0.907
0.104
0.9
0.993
0.279
0.907
0.264
0.257
0.627
0.555
0.738
0.43
0.492
0.855
0.043
0.466
0.994
0.665
0.288
0.184
0.392
0.946
0.152
0.715
0.5
0.823
0.167
0.094
0.551
0.598
0.507
0.706
0.05
0.727
0.907
0.644
0.041
0.036
0.965
0.708
0.539
0.263
0.773
0.254
0.159
0.654
0.138
0.398
0.289
0.16
0.6
0.859
0.825
0.602
0.192
0.78
0.564
0.456
0.951
0.725
0.845
0.774
0.139
0.292
0.891
0.32
0.571
0.763
0.018
0.095
0.454
0.745
0.696
0.976
0.307
0.513
0.007
0.748
0.116
0.858
0.601
0.255
0.449
0.837
0.923
0.601
0.237
0.475
0.326
0.926
0.547
0.956
0.338
0.17
0.004
0.626
0.087
0.093
0.353
0.262
0.459
0.898
0.981
0.573
0.935
0.589
0.979
0.592
0.3
0.412
0.462
0.612
0.88
0.48
0.102
0.899
0.765
0.466
0.158
0.683
0.937
0.908
0.775
0.989
0.156
0.883
0.02
0.636
0.069
0.066
0.07
0.113
0.237
0.291
0.434
0.652
0.275
0.682
0.882
0.157
0.734
0.097
0.061
0.779
0.313
0.027
0.379
0.859
0.642
0.195
0.693
0.139
0.292
0.763
0.317
0.149
0.833
0.633
0.335
0.026
0.829
0.799
0.587
0.263
0.387
0.165
0.127
0.518
0.516
0.93
0.54
0.305
0.261
0.284
0.828
0.033
0.305
0.688
0.802
0.342
0.873
0.125
0.633
0.677
0.761
0.365
0.009
0.031
0.534
0.283
0.529
0.343
0.489
0.164
0.679
0.448
0.048
0.393
0.266
0.41
0.366
0.264
0.765
0.375
0.578
0.831
0.963
0.496
0.949
0.584
0.829
0.376
0.183
0.665
0.698
0.163
0.971
0.395
0.923
0.148
0.032
0.212
0.567
0.225
0.556
0.371
0.997
0.789
0.376
0.619
0.375
0.351
0.951
0.99
0.482
0.971
0.013
0.984
0.812
0.981
0.753
0.15
0.015
0.652
0.383
0.846
0.829
0.745
0.764
0.74
0.614
0.247
0.53
0.981
0.013
0.762
0.686
0.528
0.454
0.766
0.34
0.242
0.895
0.973
0.512
0.298
0.538
0.613
0.903
0.962
0.284
0.568
0.275
0.015
0.643
0.622
0.544
0.801
0.344
0.269
0.122
0.083
0.762
0.1
0.998
0.766
0.326
0.554
0.873
0.192
0.875
0.613
0.179
0.756
0.712
0.598
0.82
0.215
0.06
0.347
0.148
0.705
0.193
0.368
0.792
0.114
0.515
0.59
0.132
0.592
0.486
0.732
0.808
0.97
0.598
0.642
0.691
0.462
0.663
0.881
0.186
0.385
0.452
0.508
0.537
0.322
0.619
0.011
0.108
0.287
0.512
0.077
0.217
0.794
0.27
0.616
0.666
0.37
0.207
0.21
0.268
0.498
0.748
0.439
0.853
0.206
0.937
0.329
0.4
0.824
0.366
0.937
0.926
0.836
0.393
0.323
0.93
0.471
0.36
0.23
0.321
0.87
0.87
0.139
0.459
0.339
0.521
0.704
0.257
0.792
0.245
0.557
0.336
0.167
0.339
0.153
0.453
0.96
0.362
0.665
0.629
0.414
0.584
0.707
0.333
0.027
0.279
0.506
0.886
0.789
0.96
0.175
0.406
0.384
0.191
0.785
0.813
0.221
0.158
0.408
0.032
0.185
0.714
0.283
0.775
0.659
0.593
0.95
0.983
0.816
0.606
0.86
0.478
0.641
0.915
0.568
0.557
0.578
0.17
0.295
0.311
0.494
0.214
0.822
0.658
0.558
0.147
0.754
0.414
0.134
0.761
0.922
0.305
0.356
0.923
0.874
0.034
0.714
0.977
0.294
0.014
0.464
0.528
0.4
0.346
0.356
0.675
0.99
0.318
0.37
0.016
0.511
0.508
0.994
0.914
0.498
0.597
0.811
0.672
0.322
0.246
0.557
0.446
0.98
0.671
0.991
0.11
0.771
0.247
0.548
0.396
0.199
0.547
0.022
0.635
0.923
0.649
0.764
0.268
0.137
0.005
0.605
0.713
0.555
0.296
0.379
0.63
0.553
0.45
0.589
0.786
0.03
0.886
0.935
0.547
0.039
0.188
0.601
0.045
0.946
0.929
0.37
0.21
0.94
0.146
0.201
0.32
0.822
0.45
0.201
0.001
0.92
0.918
0.524
0.424
0.451
0.291
0.129
0.07
0.04
0.919
0.859
0.659
0.114
0.768
0.892
0.185
0.187
0.664
0.445
0.381
0.405
0.922
0.096
0.189
0.929
0.576
0.389
0.543
0.592
0.073
0.942
0.495
0.913
0.175
0.453
0.6
0.245
0.968
0.106
0.232
0.358
0.639
0.304
0.585
0.123
0.25
0.418
0.957
0.04
0.354
0.663
0.291
0.844
0.527
0.989
0.06
0.23
0.82
0.603
0.703
0.782
0.484
0.761
0.8
0.776
0.145
0.073
0.438
0.719
0.942
0.58
0.406
0.479
0.538
0.196
0.792
0.246
0.889
0.253
0.525
0.866
0.23
0.958
0.559
0.576
0.424
0.29
0.532
0.33
0.55
0.17
0.0
0.618
0.716
0.644
0.624
0.006
0.123
0.479
0.946
0.15
0.877
0.133
0.139
0.088
0.307
0.97
0.468
0.455
0.52
0.951
0.69
0.019
0.388
0.403
0.833
0.706
0.008
0.33
0.639
