0.375
0.63
0.208
0.532
0.297
0.76
0.233
0.939
0.101
0.806
0.626
0.185
0.895
0.451
0.187
0.271
0.001
0.376
0.091
0.93
0.078
0.929
0.215
0.979
0.055
0.921
0.486
0.631
0.173
0.218
0.662
0.804
0.977
0.589
0.076
0.795
0.85
0.479
0.664
0.484
0.667
0.122
0.416
0.194
0.223
0.528
0.976
0.399
0.01
0.004
0.912
0.218
0.84
0.362
0.446
0.073
0.478
0.93
0.733
0.093
0.989
0.146
0.512
0.835
0.851
0.474
0.285
0.964
0.92
0.284
0.177
0.002
0.961
0.092
0.237
0.164
0.271
0.675
0.393
0.289
0.073
0.931
0.845
0.828
0.865
0.217
0.635
0.437
0.571
0.408
0.444
0.106
0.992
0.211
0.312
0.808
0.812
0.337
0.864
0.202
0.29
0.783
0.355
0.771
0.939
0.945
0.837
0.962
0.16
0.186
0.463
0.81
0.849
0.147
0.604
0.384
0.89
0.506
0.83
0.612
0.006
0.901
0.66
0.344
0.096
0.448
0.233
0.727
0.75
0.705
0.616
0.564
0.283
0.685
0.251
0.079
0.067
0.325
0.31
0.405
0.867
0.235
0.733
0.946
0.659
0.692
0.009
0.418
0.862
0.706
0.574
0.736
0.079
0.627
0.189
0.815
0.88
0.927
0.855
0.405
0.803
0.649
0.337
0.058
0.228
0.048
0.227
0.491
0.67
0.502
0.539
0.127
0.989
0.084
0.655
0.619
0.547
0.884
0.659
0.507
0.295
0.72
0.49
0.878
0.593
0.593
0.964
0.628
0.099
0.14
0.601
0.504
0.783
0.259
0.758
0.263
0.141
0.883
0.704
0.927
0.694
0.921
0.795
0.459
0.532
0.634
0.449
0.485
0.367
0.048
0.093
0.867
0.934
0.155
0.166
0.446
0.099
0.016
0.235
0
0.145
0.251
0.236
0.933
0.466
0.77
0.984
0.54
0.522
0.262
0.129
0.859
0.214
0.39
0.234
0.498
0.775
0.986
0.12
0.376
0.107
0.22
0.105
0.195
0.045
0.514
0.433
0.706
0.146
0.066
0.908
0.68
0.793
0.62
0.733
0.941
0.521
0.686
0.721
0.846
0.725
0.081
0.018
0.551
0.286
0.51
0.36
0.251
0.896
0.216
0.957
0.092
0.06
0.063
0.773
0.455
0.595
0.559
0.556
0.872
0.76
0.45
0.961
0.814
0.993
0.929
0.436
0.565
0.436
0.754
0.577
0.976
0.812
0.205
0.069
0.323
0.094
0.717
0.89
0.076
0.294
0.314
0.221
0.629
0.615
0.372
0.992
0.642
0.814
0.601
0.838
0.616
0.623
0.538
0.279
0.152
0.015
0.914
0.698
0.474
0.073
0.278
0.078
0.997
0.758
0.966
0.486
0.112
0.253
0.378
0.697
0.85
0.338
0.364
0.474
0.76
0.261
0.011
0.62
0.361
0.202
0.985
0.817
0.151
0.882
0.566
0.098
0.594
0.231
0.828
0.956
0.126
0.209
0.052
0.655
0.385
0.871
0.289
0.372
0.072
0.244
0.848
0.128
0.628
0.991
0.954
0.737
0.962
0.651
0.333
0.132
0.771
0.14
0.946
0.763
0.557
0.392
0.709
0.498
0.932
0.574
0.371
0.021
0.562
0.87
0.831
0.196
0.339
0.743
0.233
0.483
0.295
0.944
0.904
0.205
0.783
0.319
0.311
0.094
0.192
0.197
0.615
0.488
0.971
0.308
0.192
0.628
0.736
0.423
0.667
0.755
0.862
0.37
0.395
0.453
0.352
0.772
0.326
0.544
0.012
0.427
0.682
0.77
0.799
0.994
0.667
0.157
0.05
0.595
0.802
0.104
0.985
0.311
0.043
0.477
0.916
0.393
0.201
0.725
0.555
0.156
0.688
0.86
0.413
0.478
0.475
0.568
0.282
0.907
0.017
0.69
0.792
0.753
0.108
0.861
0.622
0.29
0.719
0.116
0.304
0.329
0.158
0.777
0.603
0.217
0.596
0.69
0.53
0.038
0.016
0.672
0.724
0.035
0.744
0.763
0.869
0.31
0.688
0.351
0.439
0.882
0.399
0.387
0.836
0.455
0.59
0.711
0.592
0.896
0.873
0.736
0.522
0.735
0.904
0.412
0.489
0.796
0.888
0.265
0.277
0.254
0.864
0.131
0.247
0.433
0.452
0.177
0.048
0.184
0.522
0.424
0.371
0.135
0.986
0.819
0.149
0.353
0.134
0.293
0.631
0.917
0.892
0.606
0.099
0.744
0.466
0.98
0.585
0.324
0.727
0.008
0.036
0.188
0.703
0.892
0.75
0.968
0.592
0.475
0.206
0.125
0.931
0.16
0.418
0.123
0.401
0.313
0.134
0.942
0.675
0.489
0.695
0.754
0.948
0.345
0.982
0.054
0.372
0.524
0.968
0.616
0.116
0.766
0.16
0.544
0.016
0.725
0.121
0.578
0.399
0
0.342
0.734
0.544
0.291
0.982
0.461
0.025
0.287
0.027
0.651
0.642
0.789
0.453
0.118
0.934
0.604
0.639
0.434
0.029
0.934
0
0.936
0.398
0.326
0.218
0.42
0.519
0.791
0.639
0.282
0.563
0.925
0.608
0.614
0.466
0.873
0.201
0.785
0.438
0.26
0.845
0.441
0.284
0.019
0.917
0.362
0.8
0.335
0.24
0.698
0.292
0.536
0.038
0.668
0.225
0.083
0.842
0.675
0.743
0.299
0.37
0.018
0.169
0.215
0.983
0.688
0.326
0.484
0.169
0.659
0.101
0.139
0.599
0.085
0.414
0.837
0.51
0.148
0.56
0.216
0.525
0.992
0.371
0.502
0.421
0.724
0.281
0.329
0.509
0.736
0.039
0.831
0.235
0.629
0
0.278
0.487
0.235
0.286
0.811
0.27
0.669
0.372
0.952
0.547
0.723
0.15
0.613
0.491
0.471
0.969
0.26
0.917
0.489
0.042
0.635
0.567
0.513
0.726
0.673
0.035
0.178
0.197
0.293
0.143
0.104
0.848
0.258
0.58
0.797
0.101
0.656
0.801
0.001
0.513
0.189
0.017
0.314
0.274
0.864
0.07
0.54
0.013
0.53
0.26
0.34
0.391
0.185
0.159
0.008
0.83
0.026
0.792
0.297
0.295
0.591
0.163
0.328
0.827
0.67
0.776
0.559
0.786
0.758
0.855
0.839
0.154
0.494
0.76
0.71
0.214
0.277
0.613
0.943
0.804
0.251
0.704
0.006
0.262
0.538
0.336
0.63
0.223
0.607
0.591
0.383
0.031
0.503
0.445
0.848
0.781
0.148
0.475
0.722
0.163
0.979
0.413
0.822
0.622
0.088
0.53
0.237
0.245
0.321
0.771
0.334
0.749
0.279
0.412
0.294
0.673
0.854
0.998
0.343
0.328
0.544
0.321
0.686
0.362
0.888
0.566
0.216
0.719
0.194
0.602
0.511
0.019
0.105
0.163
0.125
0.125
0.567
0.678
0.329
0.361
0.435
0.479
0.186
0.393
0.213
0.75
0.357
0.155
0.518
0.142
0.771
0.522
0.396
0.576
0.051
0.17
0.206
0.432
0.304
0.228
0.486
0.025
0.494
0.371
0.942
0.342
0.163
0.566
0.575
0.839
0.966
0.559
0.351
0.662
0.064
0.538
0.965
0.409
0.217
0.507
0.327
0.231
0.794
0.794
0.608
0.521
0.044
0.107
0.129
0.809
0.547
0.108
0.613
0.069
0.474
0.15
0.388
0.309
0.726
0.22
0.493
0.064
0.881
0.959
0.59
0.071
0.353
0.347
0
0.371
0.856
0.731
0.012
0.773
0.453
0.95
0.516
0.131
0.159
0.912
0.664
0.952
0.408
0.298
0.74
0.007
0.889
0.482
0.271
0.546
0.657
0.419
0.446
0.506
0.621
0.22
0.118
0.175
0.343
0.655
0.585
0.464
0.743
0.057
0.31
0.574
0.717
0.847
0.384
0.482
0.04
0.92
0.157
0.795
0.081
0.077
0.319
0.682
0.091
0.44
0.195
0.594
0.713
0.031
0.361
0.234
0.06
0.217
0.678
0.398
0.649
0.28
0.327
0.875
0.379
0.318
0.445
0.192
0.803
0.928
0.248
0.527
0.257
0.746
0.427
0.287
0.095
0.626
0.414
0.573
0.015
0.86
0.879
0.392
0.646
0.348
0.905
0.457
0.314
0.123
0.532
0.995
0.703
0.824
0.444
0.407
0.467
0.624
0.835
0.893
0.051
0.049
0.104
0.662
0.946
0.089
0.013
0.05
0.789
0.457
0.691
0.556
0.707
0.693
0.132
0.387
0.023
0.398
0.567
0.752
0.364
0.999
0.369
0.419
