0.023
0.054
0.242
0.774
0.21
0.379
0.87
0.073
0.373
0.347
0.627
0.213
0.505
0.309
0.577
0.945
0.735
0.21
0.27
0.971
0.685
0.935
0.559
0.125
0.088
0.273
0.133
0.841
0.652
0.175
0.474
0.869
0.937
0.076
0.294
0.074
0.801
0.994
0.447
0.797
0.412
0.426
0.79
0.333
0.305
0.347
0.353
0.57
0.41
0.774
0.248
0.103
0.801
0.753
0.432
0.897
0.69
0.115
0.054
0.189
0.71
0.857
0.154
0.522
0.041
0.257
0.751
0.958
0.374
0.182
0.152
0.61
0.912
0.113
0.264
0.868
0.047
0.765
0.383
0.885
0.973
0.999
0.27
0.701
0.02
0.131
0.691
0.861
0.871
0.473
0.561
0.61
0.831
0.669
0.685
0.914
0.594
0.886
0.976
0.739
0.262
0.293
0.759
0.989
0.195
0.389
0.653
0.876
0.722
0.992
0.057
0.543
0.879
0.964
0.538
0.033
0.821
0.364
0.563
0.586
0.788
0.696
0.775
0.242
0.511
0.642
0.209
0.479
0.581
0.743
0.647
0.528
0.829
0.974
0.485
0.46
0.361
0.059
0.943
0.788
0.733
0.005
0.822
0.283
0.793
0.725
0.322
0.471
0.632
0.116
0.87
0.781
0.3
0.05
0.502
0.673
0.841
0.223
0.537
0.599
0.836
0.554
0.563
0.917
0.274
0.356
0.478
0.323
0.564
0.94
0.951
0.936
0.039
0.637
0.25
0.971
0.954
0.549
0.713
0.73
0.211
0.998
0.666
0.396
0.196
0.011
0.143
0.233
0.647
0.31
0.221
0.629
0.332
0.871
0.614
0.36
0.44
0.989
0.845
0.863
0.996
0.658
0.45
0.63
0.189
0.027
0.691
0.593
0.27
0.351
0.693
0.168
0.658
0.031
0.374
0.418
0.085
0.516
0.916
0.881
0.265
0.652
0.384
0.176
0.358
0.215
0.014
0.255
0.619
0.694
0.491
0.356
0.161
0.129
0.725
0.159
0.59
0.771
0.099
0.188
0.707
0.2
0.542
0.847
0.789
0.355
0.386
0.46
0.299
0.75
0.513
0.033
0.539
0.885
0.29
0.326
0.148
0.649
0.858
0.455
0.431
0.095
0.477
0.527
0.303
0.215
0.657
0.182
0.029
0.655
0.966
0.688
0.01
0.184
0.91
0.923
0.782
0.236
0.656
0.747
0.163
0.152
0.499
0.469
0.641
0.694
0.289
0.827
0.66
0.416
0.131
0.495
0.706
0.061
0.606
0.236
0.581
0.597
0.108
0.061
0.787
0.658
0.559
0.004
0.916
0.985
0.354
0.191
0.867
0.402
0.713
0.098
0.696
0.507
0.566
0.545
0.815
0.343
0.213
0.298
0.064
0.913
0.234
0.451
0.468
0.779
0.753
0.737
0.168
0.123
0.713
0.379
0.506
0.332
0.851
0.885
0.091
0.714
0.717
0.978
0.122
0.633
0.673
0.244
0.809
0.573
0.513
0.852
0.875
0.294
0.432
0.726
0.364
0.529
0.926
0.534
0.527
0.68
0.891
0.83
0.31
0.683
0.362
0.253
0.718
0.803
0.927
0.384
0.424
0.429
0.056
0.542
0.964
0.034
0.879
0.377
0.726
0.845
0.16
0.368
0.961
0.35
0.932
0.935
0.044
0.674
0.832
0.856
0.943
0.357
0.8
0.129
0.066
0.843
0.695
0.974
0.868
0.491
0.401
0.468
0.174
0.292
0.217
0.672
0.681
0.75
0.334
0.465
0.481
0.478
0.89
0.135
0.256
0.434
0.021
0.376
0.099
0.802
0.109
0.548
0.818
0.975
0.543
0.969
0.497
0.921
0.502
0.023
0.377
0.356
0.87
0.228
0.395
0.242
0.217
0.402
0.849
0.349
0.069
0.785
0.133
0.598
0.951
0.397
0.813
0.422
0.6
0.52
0.387
0.529
0.385
0.646
0.488
0.91
0.808
0.522
0.867
0.613
0.7
0.457
0.86
0.171
0.178
0.415
0.283
0.424
0.809
0.489
0.398
0.373
0.492
0.723
0.354
0.878
0.68
0.888
0.36
0.919
0.259
0.802
0.176
0.557
0.778
0.497
0.439
0.566
0.278
0.224
0.915
0.449
0.705
0.334
0.769
0.384
0.998
0.31
0.966
0.445
0.464
0.66
0.121
0.16
0.729
0.821
0.968
0.941
0.842
0.551
0.71
0.635
0.009
0.17
0.573
0.911
0.663
0.995
0.092
0.282
0.302
0.588
0.088
0.885
0.276
0.595
0.514
0.04
0.263
0.31
0.833
0.408
0.291
0.548
0.863
0.149
0.808
0.514
0.72
0.566
0.618
0.995
0.118
0.228
0.563
0.125
0.784
0.266
0.215
0.783
0.691
0.472
0.059
0.204
0.885
0.193
0.555
0.754
0.068
0.608
0.706
0.407
0.407
0.696
0.262
0.408
0.681
0.916
0.355
0.204
0.115
0.744
0.856
0.477
0.235
0.931
0.482
0.622
0.743
0.452
0.749
0.482
0.473
0.852
0.776
0.383
0.119
0.5
0.28
0.363
0.047
0.884
0.975
0.653
0.383
0.342
0.455
0.132
0.846
0.388
0.089
0.571
0.415
0.552
0.706
0.037
0.359
0.329
0.557
0.438
0.584
0.232
0.822
0.024
0.902
0.508
0.992
0.99
0.342
0.136
0.436
0.047
0.375
0.23
0.02
0.869
0.305
0.21
0.791
0.46
0.145
0.038
0.581
0.391
0.494
0.348
0.15
0.551
0.013
0.787
0.387
0.402
0.215
0.693
0.296
0.466
0.407
0.13
0.689
0.168
0.068
0.657
0.48
0.029
0.806
0.087
0.297
0.099
0.509
0.226
0.222
0.113
0.452
0.567
0.059
0.02
0.101
0.932
0.217
0.321
0.84
0.612
0.751
0.944
0.522
0.068
0.67
0.597
0.198
0.76
0.238
0.151
0.361
0.006
0.726
0.821
0.477
0.99
0.625
0.25
0.304
0.258
0.856
0.637
0.569
0.382
0.513
0.226
0.596
0.043
0.981
0.576
0.999
0.733
0.705
0.487
0.021
0.8
0.792
0.561
0.564
0.53
0.033
0.744
0.071
0.47
0.297
0.977
0.138
0.739
0.966
0.647
0.109
0.312
0.864
0.66
0.88
0.435
0.578
0.934
0.724
0.034
0.062
0.852
0.568
0.832
0.237
0.058
0.571
0.057
0.803
0.237
0.192
0.134
0.555
0.783
0.634
0.417
0.533
0.115
0.648
0.655
0.811
0.463
0.773
0.001
0.516
0.419
0.868
0.815
0.754
0.455
0.801
0.663
0.734
0.092
0.207
0.799
0.447
0.159
0.691
0.863
0.385
0.241
0.121
0.987
0.38
0.689
0.56
0.055
0.301
0.054
0.683
0.953
0.092
0.207
0.072
0.256
0.648
0.909
0.326
0.01
0.008
0.623
0.937
0.023
0.895
0.616
0.136
0.917
0.948
0.962
0.592
0.923
0.617
0.376
0.598
0.807
0.797
0.735
0.49
0.194
0.637
0.802
0.873
0.734
0.263
0.851
0.486
0.809
0.369
0.435
0.75
0.178
0.502
0.361
0.14
0.406
0.398
0.567
0.196
0.925
0.374
0.627
0.385
0.191
0.412
0.715
0.908
0.599
0.798
0.936
0.221
0.477
0.063
0.299
0.791
0.048
0.184
0.772
0.957
0.378
0.894
0.526
0.458
0.352
0.555
0.2
0.496
0.891
0.873
0.835
0.543
0.456
0.747
0.647
0.274
0.303
0.477
0.494
0.907
0.536
0.625
0.392
0.001
0.614
0.147
0.095
0.887
0.871
0.959
0.478
0.761
0.452
0.652
0.181
0.749
0.613
0.494
0.81
0.62
0.404
0.942
0.849
0.293
0.509
0.479
0.923
0.345
0.3
0.387
0.286
0.426
0.919
0.144
0.75
0.961
0.519
0.938
0.354
0.476
0.894
0.66
0.985
0.34
0.41
0.006
0.479
0.564
0.016
0.427
0.822
0.777
0.856
0.026
0.628
0.625
0.42
0.677
0.708
0.185
0.95
0.724
0.524
0.816
0.519
0.803
0.988
0.464
0.759
0.185
0.265
0.385
0.594
0.893
0.821
0.986
0.544
0.659
0.948
0.983
0.285
0.625
0.855
0.7
0.432
0.959
0.134
0.351
0.102
0.997
0.217
0.598
0.283
0.183
0.745
0.529
0.846
0.531
0.338
0.754
0.875
0.353
0.558
0.405
0.358
0.563
0.166
0.83
0.183
0.35
0.364
0.346
0.849
0.102
0.023
0.081
0.432
0.943
0.714
0.127
0.884
0.503
0.976
0.493
0.628
0.416
0.475
0.793
0.2
0.177
0.899
