0.833
0.856
0.471
0.755
0.769
0.464
0.667
0.52
0.188
0.463
0.578
0.077
0.094
0.045
0.837
0.22
0.149
0.932
0.734
0.943
0.736
0.061
0.817
0.367
0.639
0.237
0.691
0.009
0.919
0.843
0.853
0.384
0.62
0.08
0.629
0.551
0.155
0.8
0.408
0.004
0.804
0.514
0.572
0.451
0.505
0.377
0.655
0.417
0.013
0.166
0.464
0.842
0.36
0.28
0.205
0.512
0.711
0.308
0.592
0.299
0.139
0.566
0.379
0.521
0.298
0.801
0.979
0.98
0.954
0.065
0.285
0.368
0.508
0.241
0.433
0.035
0.047
0.917
0.1
0.337
0.461
0.037
0.296
0.773
0.332
0.599
0.836
0.462
0.842
0.673
0.244
0.363
0.982
0.217
0.683
0.838
0.401
0.76
0.83
0.32
0.496
0.933
0.472
0.17
0.984
0.441
0.742
0.988
0.975
0.255
0.235
0.383
0.406
0.064
0.696
0.777
0.247
0.3
0.302
0.813
0.556
0.194
0.142
0.275
0.048
0.288
0.534
0.112
0.663
0.878
0.262
0.045
0.64
0.887
0.782
0.076
0.059
0.358
0.05
0.946
0.777
0.223
0.499
0.455
0.446
0.537
0.648
0.224
0.612
0.471
0.323
0.772
0.328
0.341
0.66
0.935
0.903
0.692
0.063
0.542
0.287
0.371
0.52
0.538
0.825
0.973
0.695
0.38
0.823
0.89
0.46
0.106
0.506
0.976
0.972
0.775
0.322
0.29
0.555
0.433
0.325
0.262
0.671
0.83
0.849
0.367
0.523
0.092
0.676
0.697
0.762
0.058
0.441
0.729
0.198
0.699
0.62
0.571
0.821
0.828
0.796
0.665
0.819
0.027
0.135
0.285
0.345
0.552
0.82
0.346
0.714
0.995
0.888
0.307
0.782
0.052
0.066
0.714
0.876
0.556
0.803
0.021
0.455
0.812
0.838
0.142
0.441
0.502
0.794
0.403
0.852
0.977
0.241
0.847
0.33
0.667
0.463
0.121
0.107
0.269
0.967
0.828
0.35
0.792
0.068
0.283
0.561
0.655
0.469
0.662
0.322
0.13
0.226
0.716
0.344
0.813
0.551
0.261
0.968
0.524
0.311
0.895
0.438
0.317
0.653
0.045
0.038
0.92
0.849
0.994
0.191
0.631
0.332
0.752
0.11
0.76
0.769
0.996
0.43
0.32
0.03
0.187
0.882
0.152
0.245
0.131
0.299
0.737
0.58
0.889
0.77
0.511
0.064
0.154
0.546
0.799
0.072
0.91
0.148
0.551
0.051
0.754
0.241
0.712
0.409
0.885
0.446
0.052
0.684
0.288
0.889
0.482
0.452
0.638
0.967
0.034
0.945
0.37
0.495
0.041
0.74
0.585
0.245
0.69
0.228
0.868
0.77
0.214
0.216
0.257
0.331
0.946
0.204
0.403
0.781
0.75
0.554
0.229
0.849
0.152
0.236
0.699
0.803
0.003
0.621
0.071
0.325
0.388
0.277
0.625
0.26
0.775
0.335
0.096
0.645
0.357
0.185
0.234
0.215
0.067
0.299
0.859
0.385
0.872
0.514
0.622
0.279
0.96
0.421
0.585
0.073
0.132
0.807
0.067
0.345
0.547
0.711
0.688
0.304
0.088
0.137
0.469
0.359
0.38
0.054
0.757
0.176
0.425
0.044
0.1
0.266
0.424
0.95
0.466
0.5
0.088
0.313
0.675
0.799
0.006
0.494
0.136
0.915
0.275
0.893
0.776
0.311
0.658
0.556
0.647
0.145
0.168
0.939
0.266
0.2
0.243
0.735
0.299
0.614
0.173
0.363
0.24
0.166
0.345
0.57
0.559
0.983
0.969
0.936
0.179
0.924
0.111
0.979
0.719
0.619
0.045
0.917
0.93
0.624
0.866
0.206
0.942
0.239
0.032
0.109
0.479
0.072
0.173
0.853
0.268
0
0.272
0.725
0.52
0.423
0.383
0.035
0.362
0.459
0.231
0.134
0.208
0.241
0.575
0.807
0.775
0.603
0.125
0.146
0.715
0.768
0.553
0.018
0.134
0.291
0.723
0.014
0.639
0.101
0.197
0.915
0.677
0.972
0.773
0.69
0.578
0.628
0.407
0.154
0.523
0.859
0.451
0.358
0.813
0.773
0.82
0.359
0.93
0.789
0.232
0.843
0.475
0.79
0.912
0.615
0.465
0.94
0.929
0.857
0.653
0.945
0.931
0.968
0.19
0.974
0.439
0.343
0.964
0.401
0.513
0.824
0.098
0.337
0.109
0.078
0.311
0.983
0.309
0.401
0.1
0.022
0.904
0.82
0.63
0.63
0.258
0.801
0.192
0.128
0.716
0.323
0.945
0.727
0.066
0.132
0.346
0.144
0.84
0.578
0.629
0.262
0.881
0.097
0.93
0.84
0.385
0.306
0.563
0.031
0.481
0.144
0.832
0.655
0.289
0.699
0.443
0.748
0.303
0.977
0.43
0.476
0.912
0.524
0.132
0.158
0.112
0.388
0.017
0.963
0.348
0.906
0.014
0.04
0.345
0.774
0.57
0.301
0.742
0.082
0.542
0.735
0.024
0.792
0.304
0.109
0.196
0.747
0.978
0.821
0.637
0.073
0.182
0.099
0.37
0.6
0.19
0.54
0.87
0.651
0.188
0.802
0.977
0.028
0.003
0.868
0
0.311
0.466
0.626
0.94
0.956
0.841
0.639
0.561
0.283
0.429
0.677
0.631
0.859
0.789
0.532
0.725
0.692
0.535
0.216
0.869
0.639
0.969
0.954
0.953
0.13
0.685
0.547
0.862
0.051
0.207
0.922
0.941
0.795
0.078
0.526
0.131
0.05
0.712
0.024
0.454
0.46
0.168
0.87
0.934
0.143
0.743
0.835
0.447
0.981
0.51
0.009
0.382
0.503
0.871
0.923
0.288
0.704
0.207
0.144
0.637
0.252
0.906
0.408
0.544
0.802
0.066
0.786
0.332
0.292
0.982
0.381
0
0.102
0.673
0.572
0.87
0.078
0.981
0.878
0.458
0.509
0.594
0.843
0.661
0.801
0.887
0.227
0.015
0.952
0.346
0.304
0.881
0.682
0.191
0.941
0.093
0.948
0.506
0.792
0.937
0.243
0.809
0.984
0.494
0.434
0.294
0.426
0.999
0.941
0.595
0.34
0.673
0.006
0.862
0.789
0.8
0.557
0.913
0.739
0.119
0.833
0.735
0.899
0.848
0.996
0.223
0.997
0.429
0.446
0.812
0.266
0.838
0.907
0.413
0.731
0.626
0.072
0.336
0.852
0.36
0.533
0.774
0.118
0.029
0.821
0.988
0.088
0.588
0.105
0.759
0.667
0.174
0.367
0.804
0.096
0.488
0.382
0.718
0.88
0.904
0.823
0.936
0.634
0.153
0.998
0.02
0.665
0.553
0.896
0.771
0.216
0.278
0.197
0.136
0.655
0.116
0.974
0.823
0.865
0.891
0.435
0.93
0.747
0.198
0.457
0.233
0.511
0.028
0.548
0.635
0.141
0.162
0.904
0.424
0.881
0.802
0.008
0.651
0.342
1.0
0.361
0.811
0.484
0.783
0.723
0.735
0.193
0.292
0.531
0.214
0.457
0.902
0.945
0.963
0.59
0.824
0.661
0.109
0.193
0.121
0.685
0.535
0.284
0.355
0.96
0.706
0.592
0.246
0.432
0.989
0.706
0.431
0.671
0.965
0.438
0.989
0.537
0.902
0.279
0.394
0.272
0.916
0.898
0.091
0.986
0.792
0.775
0.867
0.885
0.593
0.577
0.821
0.492
0.853
0.383
0.447
0.71
0.217
0.505
0.735
0.206
0.544
0.178
0.99
0.023
0.175
0.996
0.298
0.671
0.457
0.065
0.435
0.488
0.713
0.795
0.66
0.846
0.015
0.631
0.683
0.195
0.954
0.308
0.992
0.749
0.034
0.246
0.601
0.2
0.158
0.507
0.476
0.409
0.843
0.026
0.64
0.717
0.641
0.153
0.711
0.288
0.423
0.745
0.125
0.505
0.393
0.093
0.098
0.781
0.685
0.29
0.283
0.313
0.179
0.854
0.883
0.982
0.878
0.707
0.327
0.999
0.368
0.252
0.399
0.083
0.289
0.922
0.23
0.703
0.034
0.777
0.256
0.019
0.574
0.787
0.654
0.149
0.236
0.487
0.033
0.037
0.378
0.961
0.664
0.341
0.088
0.219
0.259
0.655
0.703
0.885
0.039
0.569
0.1
0.67
0.305
0.942
0.222
0.311
0.788
0.997
0.474
0.548
0.494
0.812
0.699
0.117
0.605
0.168
0.88
0.494
0.727
0.135
0.43
0.642
0.064
0.117
0.907
0.453
0.241
0.493
0.728
0.07
0.907
