0.404
0.544
0.89
0.304
0.752
0.559
0.223
0.568
0.857
0.119
0.513
0.308
0.516
0.875
0.705
0.414
0.277
0.513
0.795
0.487
0.711
0.192
0.117
0.493
0.202
0.657
0.981
0.235
0.621
0.535
0.89
0.59
0.961
0.735
0.337
0.497
0.325
0.944
0.01
0.202
0.442
0.425
0.328
0.242
0.458
0.008
0.19
0.656
0.992
0.243
0.225
0.545
0.277
0.6
0.63
0.921
0.034
0.516
0.387
0.562
0.046
0.665
0.46
0.423
0.081
0.175
0.901
0.86
0.741
0.631
0.061
0.739
0.571
0.829
0.688
0.268
0.975
0.705
0.533
0.099
0.823
0.68
0.803
0.18
0.116
0.403
0.15
0.061
0.047
0.547
0.725
0.6
0.188
0.925
0.195
0.401
0.117
0.387
0.41
0.874
0.721
0.599
0.49
0.666
0.441
0.147
0.237
0.896
0.227
0.272
0.999
0.85
0.596
0.764
0.062
0.015
0.196
0.695
0.336
0.382
0.747
0.278
0.735
0.77
0.408
0.839
0.023
0.951
0.358
0.255
0.465
0.369
0.939
0.203
0.46
0.92
0.747
0.799
0.775
0.026
0.713
0.621
0.753
0.731
0.594
0.807
0.54
0.075
0.166
0.968
0.802
0.324
0.052
0.442
0.113
0.051
0.655
0.537
0.738
0.797
0.07
0.452
0.258
0.596
0.61
0.475
0.183
0.953
0.384
0.949
0.115
0.114
0.257
0.78
0.833
0.655
0.046
0.646
0.975
0.372
0.14
0.587
0.973
0.975
0.356
0.857
0.343
0.052
0.227
0.858
0.303
0.134
0.608
0.473
0.299
0.538
0.705
0.634
0.262
0.91
0.2
0.484
0.39
0.44
0.966
0.792
0.806
0.996
0.689
0.653
0.07
0.385
0.099
0.588
0.93
0.497
0.006
0.436
0.23
0.014
0.205
0.407
0.215
0.787
0.416
0.949
0.414
0.52
0.636
0.525
0.9
0.439
0.225
0.835
0.549
0.842
0.94
0.869
0.119
0.893
0.263
0.044
0.324
0.058
0.061
0.535
0.624
0.939
0.614
0.495
0.708
0.395
0.405
0.132
0.75
0.183
0.709
0.715
0.782
0.298
0.504
0.855
0.528
0.487
0.02
0.641
0.268
0.466
0.123
0.457
0.659
0.674
0.12
0.163
0.676
0.471
0.65
0.489
0.178
0.964
0.231
0.897
0.59
0.709
0.449
0.547
0.065
0.941
0.54
0.044
0.705
0.192
0.295
0.265
0.148
0.889
0.094
0.378
0.801
0.014
0.952
0.644
0.298
0.37
0.301
0.785
0.966
0.349
0.154
0.812
0.29
0.097
0.98
0.846
0.987
0.952
0.516
0.943
0.18
0.433
0.256
0.278
0.945
0.004
0.861
0.156
0.535
0.894
0.503
0.112
0.403
0.657
0.387
0.442
0.928
0.042
0.257
0.023
0.402
0.972
0.277
0.763
0.665
0.76
0.168
0.713
0.372
0.839
0.735
0.689
0.938
0.172
0.528
0.442
0.129
0.768
0.373
0.066
0.256
0.248
0.43
0.066
0.532
0.945
0.825
0.664
0.897
0.655
0.367
0.099
0.444
0.694
0.678
0.866
0.938
0.824
0.604
0.286
0.094
0.798
0.325
0.593
0.402
0.723
0.821
0.949
0.378
0.961
0.954
0.991
0.142
0.572
0.249
0.714
0.714
0.692
0.919
0.914
0.792
0.588
0.001
0.832
0.697
0.993
0.59
0.429
0.223
0.59
0.709
0.734
0.443
0.549
0.113
0.451
0.239
0.83
0.255
0.843
0.211
0.763
0.4
0.385
0.319
0.856
0.262
0.536
0.235
0.497
0.578
0.955
0.741
0.757
0.997
0.442
0.652
0.734
0.373
0.908
0.719
0.163
0.983
0.538
0.708
0.458
0.468
0.803
0.125
0.085
0.478
0.506
0.463
0.089
0.683
0.583
0.018
0.766
0.83
0.03
0.977
0.497
0.623
0.315
0.767
0.622
0.128
0.648
0.096
0.53
0.304
0.265
0.807
0.354
0.625
0.245
0.02
0.457
0.711
0.011
0.574
0.833
0.325
0.379
0.759
0.452
0.516
0.769
0.515
0.419
0.506
0.402
0.956
0.959
0.066
0.565
0.716
0.021
0.904
0.797
0.587
0.606
0.605
0.463
0.023
0.746
0.065
0.539
0.326
0.364
0.744
0.633
0.841
0.222
0.035
0.937
0.065
0.378
0.008
0.958
0.32
0.755
0.46
0.534
0.994
0.649
0.326
0.668
0.609
0.964
0.83
0.42
0.07
0.536
0.408
0.284
0.279
0.958
0.746
0.821
0.976
0.661
0.987
0.841
0.872
0.768
0.685
0.507
0.403
0.632
0.507
0.841
0.808
0.402
0.298
0.038
0.407
0.091
0.67
0.846
0.421
0.804
0.118
0.711
0.647
0.764
0.581
0.482
0.916
0.346
0.953
0.261
0.531
0.669
0.603
0.796
0.949
0.535
0.948
0.062
0.281
0.092
0.754
0.165
0.356
0.096
0.672
0.313
0.585
0.325
0.566
0.274
0.15
0.977
0.217
0.435
0.53
0.197
0.787
0.877
0.037
0.675
0.428
0.635
0.22
0.977
0.404
0.505
0.043
0.325
0.377
0.808
0.59
0.19
0.698
0.721
0.926
0.273
0.732
0.748
0.986
0.711
0.991
0.268
0.273
0.624
0.35
0.84
0.234
0.221
0.789
0.598
0.833
0.295
0.249
0.875
0.603
0.219
0.998
0.86
0.629
0.328
0.6
0.249
0.941
0.492
0.337
0.891
0.72
0.143
0.768
0.339
0.438
0.892
0.031
0.556
0.475
0.356
0.466
0.581
0.555
0.348
0.718
0.942
0.434
0.136
0.832
0.042
0.479
0.805
0.448
0.49
0.473
0.007
0.941
0.619
0.255
0.928
0.005
0.461
0.289
0.665
0.44
0.389
0.95
0.734
0.378
0.467
0.887
0.47
0.064
0.974
0.458
0.903
0.961
0.441
0.79
0.037
0.064
0.616
0.188
0.677
0.81
0.497
0.655
0.734
0.26
0.575
0.844
0.24
0.403
0.648
0.886
0.381
0.447
0.065
0.909
0.713
0.94
0.43
0.659
0.702
0.419
0.977
0.028
0.495
0.873
0.753
0.323
0.181
0.901
0.59
0.057
0.215
0.722
0.049
0.428
0.287
0.73
0.81
0.665
0.634
0.056
0.329
0.256
0.571
0.224
0.885
0.345
0.732
0.126
0.004
0.515
0.473
0.462
0.773
0.744
0.201
0.867
0.239
0.28
0.916
0.97
0.134
0.458
0.877
0.241
0.423
0.048
0.823
0.211
0.229
0.948
0.733
0.405
0.854
0.854
0.69
0.22
0.439
0.231
0.948
0.882
0.933
0.939
0.48
0.073
0.846
0.977
0.441
0.787
0.992
0.579
0.014
0.388
0.241
0.973
0.453
0.293
0.229
0.688
0.847
0.646
0.142
0.18
0.362
0.949
0.006
0.102
0.411
0.364
0.051
0.029
0.609
0.33
0.748
0.065
0.225
0.521
0.63
0.454
0.206
0.882
0.334
0.802
0.357
0.707
0.943
0.839
0.769
0.854
0.727
0.158
0.054
0.181
0.103
0.89
0.217
0.988
0.894
0.811
0.386
0.717
0.517
0.608
0.899
0.526
0.825
0.945
0.434
0.52
0.562
0.909
0.818
0.589
0.562
0.73
0.301
0.001
0.185
0.342
0.71
0.864
0.976
0.594
0.923
0.258
0.324
0.237
0.984
0.886
0.793
0.581
0.911
0.216
0.146
0.211
0.636
0.731
0.65
0.519
0.282
0.06
0.853
0.263
0.237
0.168
0.189
0.842
0.652
0.404
0.579
0.722
0.705
0.39
0.485
0.858
0.899
0.203
0.214
0.53
0.768
0.06
0.967
0.375
0.388
0.954
0.172
0.684
0.547
0.609
0.192
0.18
0.416
0.988
0.624
0.711
0.938
0.711
0.561
0.072
0.029
0.024
0.282
0.564
0.482
0.266
0.037
0.821
0.552
0.868
0.678
0.856
0.286
0.373
0.459
0.117
0.536
0.915
0.733
0.958
0.075
0.093
0.55
0.943
0.598
0.736
0.128
0.99
0.319
0.992
0.418
0.304
0.798
0.279
0.477
0.193
0.294
0.724
0.367
0.243
0.6
0.003
0.461
0.085
0.535
0.615
0.254
0.413
0.025
0.498
0.961
0.91
0.027
0.637
0.802
0.997
0.965
0.551
0.209
0.959
0.764
0.021
0.185
0.979
0.031
0.447
0.078
0.936
0.058
0.959
0.838
0.513
0.609
0.282
0.476
0.562
0.454
0.276
0.548
0.147
0.294
