0.879
0.676
0.014
0.989
0.901
0.341
0.992
0.841
0.564
0.502
0.481
0.524
0.616
0.968
0.897
0.387
0.566
0.617
0.632
0.679
0.533
0.887
0.217
0.13
0.282
0.733
0.768
0.023
0.788
0.265
0.243
0.909
0.049
0.934
0.321
0.774
0.382
0.3
0.685
0.8
0.857
0.489
0.96
0.156
0.595
0.716
0.133
0.698
0.625
0.917
0.707
0.26
0.648
0.957
0.363
0.967
0.319
0.961
0.696
0.852
0.542
0.592
0.863
0.662
0.649
0.846
0.242
0.35
0.387
0.659
0.987
0.418
0.752
0.472
0.912
0.992
0.746
0.275
0.029
0.075
0.647
0.015
0.316
0.196
0.624
0.586
0.967
0.658
0.464
0.534
0.358
0.067
0.691
0.764
0.468
0.158
0.077
0.391
0.21
0.259
0.227
0.664
0.022
0.606
0.342
0.892
0.152
0.014
0.062
0.992
0.181
0.623
0.961
0.449
1.0
0.736
0.105
0.843
0.268
0.024
0.106
0.613
0.186
0.53
0.463
0.139
0.354
0.881
0.418
0.636
0.539
0.514
0.741
0.112
0.097
0.223
0.026
0.462
0.971
0.694
0.174
0.572
0.487
0.077
0.314
0.535
0.972
0.152
0.703
0.565
0.591
0.33
0.261
0.926
0.82
0.329
0.756
0.055
0.592
0.301
0.616
0.032
0.309
0.523
0.188
0.813
0.463
0.365
0.257
0.976
0.192
0.581
0.202
0.516
0.167
0.399
0.562
0.72
0.532
0.334
0.456
0.682
0.173
0.33
0.317
0.21
0.258
0.983
0.394
0.831
0.803
0.042
0.531
0.809
0.847
0.649
0.643
0.159
0.95
0.831
0.187
0.258
0.371
0.887
0.872
0.941
0.825
0.434
0.243
0.629
0.737
0.455
0.368
0.102
0.557
0.063
0.421
0.269
0.515
0.681
0.839
0
0.215
0.552
0.443
0.448
0.68
0.508
0.179
0.126
0.277
0.237
0.979
0.503
0.188
0.121
0.444
0.323
0.218
0.133
0.688
0.751
0.466
0.514
0.061
0.8
0.022
0.03
0.634
0.97
0.957
0.872
0.352
0.444
0.438
0.138
0.595
0.125
0.289
0.108
0.278
0.997
0.801
0.276
0.876
0.326
0.155
0.519
0.983
0.147
0.92
0.389
0.564
0.072
0.701
0.199
0.663
0.921
0.671
0.615
0.168
0.233
0.143
0.083
0.705
0.093
0.516
0.094
0.152
0.158
0.828
0.785
0.765
0.416
0.762
0.285
0.4
0.318
0.391
0.335
0.127
0.312
0.634
0.077
0.427
0.864
0.054
0.497
0.259
0.685
0.325
0.059
0.53
0.272
0.45
0.386
0.685
0.743
0.648
0.78
0.319
0.84
0.883
0.721
0.179
0.578
0.601
0.641
0.243
0.145
0.71
0.051
0.269
0.945
0.783
0.73
0.311
0.272
0.69
0.979
0.652
0.404
0.356
0.422
0.608
0.172
0.681
0.532
0.456
0.199
0.7
0.497
0.086
0.719
0.347
0.93
0.27
0.756
0.543
0.848
0.863
0.905
0.1
0.242
0.608
0.368
0.327
0.77
0.254
0.076
0.952
0.366
0.139
0.333
0.107
0.618
0.147
0.474
0.897
0.745
0.616
0.818
0.415
0.434
0.426
0.7
0.393
0.176
0.457
0.434
0.179
0.547
0.139
0.81
0.975
0.513
0.921
0.361
0.71
0.439
0.675
0.724
0.054
0.25
0.666
0.789
0.668
0.792
0.83
0.616
0.809
0.175
0.909
0.069
0.103
0.754
0.337
0.73
0.338
0.016
0.741
0.909
0.64
0.797
0.166
0.146
0.25
0.71
0.491
0.467
0.752
0.786
0.753
0.889
0.027
0.267
0.18
0.112
0.838
0.493
0.797
0.285
0.151
0.597
0.1
0.725
0.928
0.09
0.078
0.658
0.953
0.487
0.943
0.68
0.08
0.772
0.949
0.378
0.313
0.734
0.312
0.513
0.019
0.141
0.606
0.068
0.5
0.216
0.058
0.959
0.883
0.355
0.763
0.408
0.101
0.264
0.692
0.022
0.836
0.736
0.75
0.973
0.766
0.612
0.253
0.841
0.59
0.842
0.604
0.255
0.431
0.069
0.807
0.286
0.872
0.359
0.193
0.765
0.962
0.497
0.734
0.874
0.31
0.758
0.231
0.288
0.602
0.849
0.71
0.535
0.469
0.148
0.685
0.268
0.535
0.051
0.822
0.371
0.538
0.305
0.776
0.16
0.629
0.171
0.537
0.102
0.328
0.078
0.368
0.007
0.771
0.433
0.283
0.035
0.768
0.333
0.831
0.285
0.832
0.257
0.046
0.411
0.526
0.406
0.434
0.687
0.268
0.137
0.918
0.414
0.61
0.857
0.933
0.259
0.4
0.362
0.071
0.745
0.429
0.395
0.909
0.045
0.904
0.127
0.679
0.957
0.852
0.956
0.42
0.428
0.418
0.119
0.983
0.231
0.939
0.24
0.727
0.514
0.998
0.04
0.685
0.9
0.049
0.155
0.266
0.33
0.414
0.005
0.529
0.448
0.431
0.096
0.86
0.91
0.441
0.466
0.029
0.891
0.812
0.561
0.904
0.323
0.264
0.13
0.693
0.383
0.997
0.827
0.046
0.691
0.923
0.201
0.222
0.235
0.912
0.794
0.318
0.534
0.834
0.559
0.65
0.026
0.35
0.6
0.091
0.983
0.821
0.937
0.417
0.519
0.929
0.908
0.298
0.367
0.188
0.261
0.945
0.916
0.465
0.692
0.14
0.367
0.594
0.852
0.604
0.856
0.043
0.052
0.719
0.293
0.843
0.523
0.865
0.622
0.861
0.05
0.569
0.34
0.4
0.437
0.461
0.149
0.483
0.645
0.328
0.542
0.108
0.77
0.191
0.766
0.851
0.805
0.352
0.583
0.007
0.45
0.914
0.674
0.669
0.526
0.06
0.708
0.365
0.428
0.862
0.88
0.094
0.503
0.868
0.258
0.453
0.182
0.164
0.828
0.366
0.446
0.219
0.924
0.14
0.401
0.234
0.811
0.136
0.932
0.198
0.001
0.323
0.553
0.402
0.005
0.417
0.501
0.301
0.434
0.089
0.665
0.731
0.449
0.051
0.994
0.736
0.284
0.891
0.038
0.887
0.629
0.264
0.122
0.342
0.657
0.622
0.252
0.283
0.294
0.214
0.151
0.199
0.199
0.277
0.927
0.171
0.936
0.622
0.102
0.427
0.449
0.399
0.987
0.524
0.352
0.407
0.761
0.7
0.045
0.977
0.888
0.118
0.886
0.261
0.607
0.521
0.011
0.004
0.952
0.339
0.735
0.196
0.621
0.756
0.644
0.767
0.188
0.832
0.058
0.65
0.819
0.086
0.894
0.807
0.046
0.838
0.716
0.106
0.092
0.058
0.835
0.525
0.018
0.402
0.955
0.043
0.64
0.479
0.954
0.24
0.748
0.072
0.564
0.811
0.163
0.373
0.499
0.536
0.742
0.882
0.215
0.459
0.627
0.529
0.92
0.326
0.996
0.074
0.382
0.078
0.24
0.377
0.172
0.142
0.473
0.499
0.267
0.131
0.321
0.581
0.212
0.395
0.461
0.656
0.954
0.883
0.864
0.555
0.183
0.639
0.269
0.196
0.732
0.547
0.5
0.63
0.33
0.542
0.13
0.004
0.165
0.538
0.079
0.917
0.703
0.547
0.784
0.508
0.534
0.77
0.925
0.019
0.019
0.003
0.139
0.712
0.468
0.346
0.246
0.181
0.213
0.293
0.97
0.266
0.851
0.368
0.885
0.036
0.325
0.345
0.233
0.582
0.394
0.144
0.796
0.256
0.278
0.496
0.459
0.095
0.645
0.865
0.658
0.292
0.345
0.592
0.418
0.599
0.352
0.994
0.379
0.962
0.523
0.544
0.676
0.089
0.12
0.01
0.067
0.682
0.034
0.083
0.696
0.308
0.78
0.548
0.342
0.803
0.993
0.469
0.437
0.688
0.824
0.18
0.282
0.163
0.538
0.437
0.943
0.372
0.228
0.327
0.814
0.457
0.266
0.146
0.631
0.71
0.465
0.374
0.706
0.178
0.578
0.958
0.363
0.951
0.838
0.701
0.853
0.581
0.426
0.676
0.435
0.865
0.593
0.842
0.479
0.742
0.999
0.066
0.165
0.655
0.501
0.83
0.015
0.496
0.727
0.842
0.897
0.709
0.973
0.969
0.808
0.327
0.683
0.67
0.334
0.34
0.194
0.215
0.648
0.383
0.316
0.573
0.191
0.303
0.473
0.834
0.604
0.029
0.171
0.776
0.483
0.39
0.518
0.071
0.146
0.244
0.743
0.574
0.554
0.002
0.181
0.978
0.967
