0.599
0.67
0.121
0.075
0.101
0.405
0.544
0.407
0.512
0.342
0.583
0.65
0.882
0.131
0.02
0.698
0.334
0.605
0.56
0.15
0.578
0.338
0.184
0.228
0.951
0.177
0.599
0.02
0.225
0.681
0.62
0.928
0.758
0.454
0.42
0.865
0.258
0.11
0.653
0.873
0.081
0.228
0.644
0.211
0.711
0.95
0.201
0.818
0.41
0.446
0.646
0.355
0.095
0.553
0.88
0.952
0.234
0.463
0.296
0.849
0.414
0.702
0.674
0.646
0.597
0.619
0.243
0.155
0.472
0.045
0.951
0.134
0.017
0.364
0.396
0.423
0.85
0.625
0.196
0.874
0.177
0.998
0.288
0.394
0.811
0.297
0.676
0.459
0.221
0.078
0.344
0.346
0.042
0.395
0.085
0.923
0.399
0.022
0.304
0.052
0.842
0.359
0.364
0.23
0.713
0.983
0.867
0.653
0.09
0.117
0.157
0.536
0.62
0.756
0.611
0.245
0.919
0.696
0.401
0.447
0.979
0.845
0.942
0.546
0.928
0.631
0.032
0.145
0.881
0.204
0.912
0.098
0.368
0.874
0.644
0.62
0.005
0.09
0.415
0.686
0.188
0.326
0.191
0.972
0.273
0.832
0.203
0.961
0.149
0.986
0.74
0.763
0.056
0.417
0.035
0.316
0.264
0.723
0.53
0.198
0.323
0.67
0.961
0.662
0.299
0.305
0.501
0.094
0.001
0.541
0.384
0.754
0.15
0.81
0.33
0.956
0.964
0.228
0.534
0.376
0.801
0.472
0.546
0.167
0.637
0.379
0.558
0.122
0.928
0.152
0.66
0.108
0.752
0.298
0.199
0.651
0.825
0.176
0.709
0.46
0.763
0.737
0.062
0.989
0.92
0.92
0.885
0.565
0.373
0.233
0.842
0.584
0.451
0.964
0.784
0.816
0.29
0.483
0.99
0.418
0.334
0.767
0.85
0.862
0.919
0.717
0.998
0.422
0.55
0.764
0.034
0.75
0.024
0.976
0.3
0.892
0.289
0.46
0.787
0.034
0.636
0.583
0.378
0.654
0.272
0.086
0.229
0.686
0.311
0.481
0.421
0.38
0.187
0.749
0.101
0.182
0.382
0.544
0.911
0.084
0.917
0.848
0.226
0.667
0.151
0.264
0.966
0.052
0.902
0.897
0.819
0.599
0.536
0.876
0.836
0.529
0.2
0.496
0.889
0.693
0.724
0.666
0.518
0.127
0.568
0.775
0.725
0.938
0.065
0.641
0
0.516
0.873
0.865
0.011
0.519
0.641
0.419
0.172
0
0.914
0.598
0.12
0.818
0.595
0.911
0.856
0.68
0.55
0.205
0.286
0.623
0.514
0.39
0.06
0.109
0.939
0.097
0.769
0.529
0.62
0.846
0.369
0.483
0.174
0.922
0.093
0.38
0.825
0.348
0.568
0.357
0.533
0.589
0.328
0.591
0.549
0.299
0
0.146
0.41
0.676
0.145
0.702
0.882
0.669
0.894
0.157
0.89
0.088
0.058
0.228
0.222
0.946
0.397
0.302
0.775
0.911
0.306
0.026
0.936
0.625
0.977
0.987
0.369
0.144
0.951
0.214
0.735
0.212
0.23
0.134
0.116
0.571
0.683
0.853
0.469
0.775
0.402
0.329
0.839
0.892
0.453
0.294
0.888
0.959
0.439
0.477
0.261
0.376
0.38
0.005
0.926
0.534
0.06
0.42
0.836
0.31
0.805
0.806
0.15
0.228
0.793
0.596
0.628
0.571
0.168
0.981
0.011
0.99
0.286
0.082
0.692
0.535
0.152
0.001
0.234
0.456
0.193
0.968
0.601
0.431
0.905
0.902
0.737
0.099
0.741
0.126
0.004
0.122
0.398
0.008
0.278
0.061
0.678
0.389
0.152
0.341
0.469
0.17
0.923
0.472
0.619
0.99
0.272
0.053
0.309
0.737
0.634
0.369
0.555
0.452
0.311
0.146
0.062
0.243
0.941
0.894
0.871
0.19
0.152
0.183
0.636
0.957
0.104
0.194
0.794
0.876
0.891
0.513
0.778
0.092
0.979
0.92
0.096
0.794
0.209
0.856
0.578
0.41
0.748
0.531
0.017
0.3
0.547
0.575
0.583
0.86
0.166
0.97
0.628
0.865
0.51
0.213
0.614
0.196
0.999
0.243
0.56
0.214
0.51
0.348
0.84
0.194
0.047
0.422
0.713
0.979
0.645
0.498
0.312
0.881
0.341
0.904
0.293
0.34
0.832
0.259
0.885
0.358
0.23
0.183
0.236
0.485
0.823
0.286
0.143
0.062
0.476
0.039
0.594
0.159
0.682
0.239
0.034
0.459
0.326
0.485
0.408
0.149
0.331
0.279
0.762
0.272
0.567
0.77
0.604
0.433
0.322
0.671
0.488
0.811
0.617
0.822
0.059
0.498
0.02
0.917
0.222
0.429
0.983
0.21
0.273
0.536
0.852
0.051
0.047
0.231
0.977
0.626
0.762
0.183
0.372
0.461
0.471
0.926
0.74
0.9
0.574
0.377
0.404
0.688
0.867
0.936
0.579
0.642
0.789
0.78
0.319
0.097
0.015
0.938
0.324
0.541
0.26
0.852
0.473
0.912
0.189
0.1
0
0.33
0.385
0.384
0.031
0.97
0.298
0.906
0.009
0.355
0.421
0.161
0.482
0.732
0.917
0.523
0.92
0.426
0.25
0.123
0.218
0.577
0.68
0.137
0.577
0.864
0.442
0.872
0.712
0.088
0.237
0.541
0.156
0.122
0.481
0.239
0.327
1.0
0.331
0.018
0.288
0.117
0.303
0.097
0.407
0.469
0.028
0.722
0.918
0.922
0.928
0.734
0.624
0.448
0.181
0.562
0.016
0.013
0.494
0.379
0.281
0.614
0.882
0.317
0.549
0.108
0.954
0.738
0.093
0.59
0.883
0.65
0.587
0.047
0.155
0.162
0.973
0.539
0.278
0.641
0.823
0.879
0.251
0.321
0.316
0.403
0.746
0.725
0.079
0.527
0.317
0.563
0.822
0.512
0.11
0.46
0.235
0.99
0.407
0.568
0.89
0.835
0.872
0.405
0.206
0.771
0.338
0.821
0.916
0.712
0.758
0.5
0.442
0.187
0.734
0.522
0.651
0.664
0.506
0.927
0.461
0.263
0.875
0.65
0.791
0.618
0.373
0.748
0.329
0.521
0.691
0
0.373
0.607
0.14
0.86
0.621
0.249
0.589
0.411
0.84
0.422
0.942
0.958
0.316
0.608
0.166
0.227
0.418
0.717
0.46
0.946
0.124
0.553
0.284
0.56
0.777
0.029
0.987
0.382
0.69
0.536
0.854
0.822
0.475
0.821
0.014
0.22
0.188
0.48
0.26
0.68
0.207
0.705
0.061
0.742
0.413
0.33
0.221
0.438
0.129
0.074
0.797
0.125
0.605
0.58
0.007
0.733
0.769
0.306
0.349
0.939
0.343
0.82
0.066
0.305
0.475
0.845
0.213
0.51
0.674
0.08
0.434
0.8
0.989
0.473
0.943
0.513
0.068
0.516
0.746
0.9
0.946
0.127
0.448
0.89
0.297
0.383
0.08
0.427
0.121
0.737
0.712
0.532
0.981
0.813
0.742
0.738
0.893
0.681
1.0
0.446
0.431
0.746
0.213
0.747
0.009
0.792
0.381
0.015
0.819
0.656
0.717
0.1
0.566
0.252
0.625
0.215
0.915
0.833
0.516
0.212
0.739
0.149
0.887
0.833
0.557
0.836
0.447
0.687
0.185
0.401
0.562
0.298
0.386
0.599
0.766
0.297
0.047
0.637
0.677
0.414
0.329
0.091
0.892
0.817
0.381
0.17
0.518
0.017
0.042
0.125
0.783
0.236
0.597
0.531
0.969
0.506
0.101
0.408
0.866
0.718
0.979
0.018
0.518
0.096
0.529
0.979
0.373
0.071
0.404
0.061
0.16
0.624
0.807
0.04
0.896
0.829
0.896
0.636
0.024
0.104
0.521
0.403
0.654
0.179
0.187
0.546
0.94
0.819
0.203
0.904
0.353
0.01
0.639
0.647
0.154
0.29
0.25
0.274
0.5
0.355
0.653
0.247
0.423
0.764
0.668
0.836
0.322
0.609
0.192
0.136
0.498
0.236
0.088
0.352
0.613
0.999
0.79
0.214
0.409
0.987
0.182
0.01
0.225
0.289
0.298
0.321
0.606
0.239
0.065
0.483
0.85
0.342
0.749
0.095
0.429
0.167
0.113
0.076
0.954
0.39
0.621
0.039
0.26
0.14
0.699
0.453
0.05
0.069
0.397
0.38
0.11
0.453
0.271
0.294
0.292
0.553
0.198
0.895
0.625
0.425
0.345
0.387
0.432
0.334
0.796
0.438
0.031
0.687
