0.528
0.794
0.558
0.166
0.563
0.568
0.29
0.441
0.43
0.27
0.02
0.52
0.365
0.801
0.729
0.726
0.122
0.557
0.975
0.876
0.17
0.84
0.9
0.069
0.72
0.985
0.304
0.455
0.882
0.22
0.473
0.054
0.502
0.344
0.89
0.462
0.849
0.046
0.673
0.296
0.083
0.826
0.297
0.283
0.332
0.381
0.051
0.006
0.413
0.504
0.282
0.396
0.72
0.094
0.777
0.539
0.166
0.235
0.514
0.148
0.952
0.14
0.648
0.554
0.795
0.718
0.94
0.914
0.592
0.568
0.029
0.726
0.031
0.317
0.244
0.979
0.633
0.109
0.085
0.999
0.554
0.644
0.184
0.094
0.975
0.043
0.257
0.585
0.32
0.617
0.233
0.153
0.906
0.83
0.054
0.366
0.427
0.102
0.818
0.301
0.451
0.45
0.808
0.242
0.227
0.458
0.27
0.718
0.59
0.791
0.752
0.133
0.354
0.645
0.6
0.922
0.434
0.252
0.245
0.014
0.817
0.21
0.194
0.008
0.122
0.218
0.997
0.758
0.199
0.332
0.608
0.92
0.71
0.571
0.394
0.97
0
0.471
0.701
0.176
0.208
0.516
0.663
0.806
0.259
0.888
0.796
0.545
0.759
0.966
0.236
0.017
0.861
0.647
0.429
0.086
0.779
0.138
0.107
0.351
0.881
0.189
0.018
0.921
0.636
0.699
0.738
0.719
0.57
0.102
0.382
0.09
0.202
0.286
0.406
0.233
0.79
0.502
0.935
0.068
0.699
0.358
0.205
0.453
0.306
0.358
0.908
0.368
0.044
0.995
0.186
0.198
0.914
0.259
0.512
0.953
0.892
0.013
0.595
0.159
0.716
0.945
0.273
0.384
0.362
0.005
0.907
0.602
0.58
0.276
0.331
0.567
0.197
0.21
0.544
0.761
0.458
0.72
0.654
0.291
0.368
0.488
0.071
0.784
0.62
0.077
0.776
0.916
0.381
0.054
0.849
0.319
0.866
0.175
0.307
0.464
0.264
0.442
0.834
0.133
0.34
0.057
0.074
0.932
0.515
0.67
0.051
0.791
0.133
0.02
0.33
0.366
0.155
0.793
0.751
0.608
0.31
0.083
0.962
0.57
0.565
0.351
0.861
0.783
0.51
0.196
0.848
0.528
0.85
0.565
0.531
0.545
0.27
0.158
0.634
0.228
0.628
0.654
0.206
0.506
0.12
0.36
0.603
0.836
0.841
0.374
0.279
0.271
0.63
0.923
0.159
0.358
0.62
0.082
0.139
0.529
0.713
0.127
0.59
0.662
0.775
0.689
0.788
0.678
0.722
0.301
0.167
0.519
0.854
0.044
0.653
0.572
0.396
0.467
0.35
0.74
0.011
0.583
0.935
0.648
0.795
0.817
0.909
0.31
0.713
0.605
0.931
0.035
0.617
0.241
0.658
0.294
0.623
0.923
0.399
0.379
0.996
0.39
0.388
0.355
0.589
0.044
0.169
0.174
0.119
0.309
0.029
0.751
0.312
0.181
0.653
0.383
0.227
0.034
0.004
0.23
0.196
0.204
0.718
0.968
0.256
0.723
0.987
0.857
0.553
0.476
0.665
0.027
0.221
0.767
0.291
0.802
0.054
0.548
0.779
0.634
0.845
0.971
0.17
0.643
0.346
0.081
0.921
0.185
0.516
0.101
0.18
0.619
0.123
0.536
0.091
0.271
0.941
0.57
0.113
0.792
0.201
0.136
0.772
0.043
0.857
0.059
0.134
0.317
0.644
0.521
0.443
0.976
0.638
0.587
0.893
0.315
0.08
0.71
0.152
0.14
0.677
0.975
0.25
0.488
0.192
0.77
0.282
0.717
0.537
0.609
0.838
0.659
0.309
0.032
0.693
0.205
0.573
0.532
0.482
0.553
0.245
0.124
0.298
0.108
0.3
0.003
0.524
0.136
0.186
0.71
0.456
0.936
0.392
0.059
0.01
0.374
0.447
0.879
0.91
0.03
0.047
0.637
0.151
0.376
0.962
0.513
0.592
0.143
0.744
0.114
0.254
0.572
0.383
0.289
0.813
0.293
0.42
0.059
0.174
0.317
0.301
0.142
0.533
0.564
0
0.588
0.041
0.92
0.011
0.676
0.376
0.808
0.338
0.122
0.781
0.743
0.167
0.24
0.567
0.937
0.194
0.519
0.272
0.798
0.783
0.493
0.606
0.31
0.68
0.865
0.127
0.818
0.844
0.176
0.622
0.399
0.743
0.274
0.263
0.204
0.244
0.281
0.269
0.308
0.674
0.975
0.595
0.219
0.969
0.191
0.866
0.025
0.759
0.471
0.188
0.285
0.533
0.27
0.212
0.454
0.336
0.996
0.453
0.079
0.998
0.195
0.191
0.471
0.601
0.474
0.35
0.759
0.516
0.946
0.298
0.573
0.375
0.689
0.277
0.339
0.394
0.263
0.002
0.869
0.63
0.754
0.624
0.417
0.712
0.869
0.682
0.542
0.081
0.325
0.484
0.453
0.919
0.714
0.315
0.262
0.164
0.023
0.703
0.34
0.631
0.649
0.867
0.472
0.591
0.539
0.808
0.925
0.179
0.002
0.949
0.364
0.461
0.545
0.243
0.087
0.709
0.18
0.82
0.168
0.229
0.064
0.542
0.26
0.715
0.524
0.678
0.798
0.762
0.026
0.288
0.77
0.358
0.437
0.689
0.896
0.417
0.13
0.255
0.574
0.399
0.115
0.686
0.361
0.453
0.072
0.522
0.783
0.309
0.361
0.861
0.796
0.254
0.878
0.19
0
0.812
0.68
0.352
0.12
0.193
0.392
0.054
0.658
0.908
0.279
0.255
0.131
0.46
0.724
0.679
0.267
0.146
0.616
0.513
0.754
0.07
0.791
0.545
0.435
0.651
0.677
0.326
0.747
0.186
0.095
0.682
0.11
0.693
0.734
0.416
0.427
0.797
0.368
0.191
0.966
0.593
0.165
0.937
0.406
0.471
0.347
0.488
0.055
0.577
0.58
0.279
0.462
0.048
0.112
0.748
0.317
0.547
0.403
0.313
0.902
0.281
0.991
0.272
0.279
0.419
0.749
0.703
0.435
0.755
0.545
0.59
0.624
0.402
0.616
0.133
0.407
0.857
0.907
0.606
0.04
0.841
0.052
0.345
0.702
0.286
0.045
0.704
0.203
0.482
0.63
0.187
0.623
0.01
0.412
0.141
0.396
0
0.318
0.145
0.657
0.679
0.685
0.64
0.287
0.29
0.285
0.663
0.219
0.721
0.219
0.724
0.902
0.273
0.486
0.008
0.305
0.131
0.84
0.807
0.601
0.239
0.911
0
0.329
0.596
0.026
0.578
0.852
0.736
0.151
0.314
0.398
0.633
0.437
0
0.519
0.535
0.785
0.894
0.86
0.682
0.695
0.517
0.302
0.821
0.835
0.014
0.473
0.352
0.817
0.085
0.518
0.04
0.326
0.384
0.438
0.884
0.074
0.19
0.73
0.318
0.347
0.093
0.862
0.283
0.225
0.171
0.049
0.757
0.031
0.773
0.532
0.15
0.15
0.837
0.437
0.977
0.407
0.192
0.773
0.513
0.999
0.781
0.168
0.512
0.831
0.09
0.671
0.407
0.627
0.259
0.365
0.367
0.47
0.609
0.81
0.116
0.478
0.325
0.778
0.439
0.936
0.691
0.763
0.406
0.477
0.582
0.712
0.928
0.352
0.355
0.671
0.249
0.679
0.02
0.747
0.916
0.18
0.642
0.436
0.955
0.776
0.796
0.34
0.469
0.819
0.282
0.058
0.382
0.53
0.429
0.538
0.142
0.935
0.278
0.237
0.007
0.539
0.949
0.475
0.648
0.935
0.544
0.359
0.941
0.647
0.598
0.723
0.401
0.002
0.133
0.184
0.74
0.245
0.41
0.957
0.095
0.424
0.295
0.36
0.106
0.078
0.029
0.555
0.084
0.798
0.162
0.012
0.197
0.412
0.439
0.012
0.418
0.639
0.275
0.79
0.819
0.834
0.937
0.427
0.883
0.132
0.777
0.849
0.248
0.416
0.312
0.331
0.157
0.861
0.273
0.818
0.195
0.831
0.928
0.192
0.311
0.221
0.282
0.696
0.163
0.774
0.18
0.663
0.827
0.84
0.588
0.912
0.949
0.339
0.543
0.21
0.35
0.536
0.405
0.276
0.165
0.261
0.945
0.445
0.735
0.597
0.27
0.101
0.536
0.426
0.789
0.586
0.91
0.334
0.998
0.04
0.175
0.25
0.945
0.873
0.71
0.837
0.479
0.983
0.419
0.555
0.115
0.386
0.036
0.785
0.644
0.276
0.853
0.926
0.361
0.411
0.36
0.951
0.7
0.311
0.542
0.022
0.679
0.19
0.544
0.555
0.21
0.89
