0.682
0.067
0.266
0.443
0.262
0.826
0.515
0.051
0.929
0.858
0.423
0.917
0.63
0.405
0.121
0.793
0.921
0.596
0.547
0.62
0.338
0.636
0.038
0.774
0.595
0.556
0.284
0.427
0.245
0.313
0.054
0.731
0.747
0.435
0.117
0.221
0.313
0.607
0.573
0.008
0.463
0.765
0.448
0.987
0.544
0.594
0.442
0.306
0.405
0.372
0.428
0.333
0.928
0.864
0.73
0.959
0.01
0.062
0.894
0.759
0.533
0.966
0.673
0.991
0.8
0.222
0.114
0.655
0.877
0.932
0.671
0.683
0.546
0.822
0.343
0.26
0.614
0.642
0.513
0.632
0.146
0.579
0
0.424
0.126
0.288
0.131
0.168
0.09
0.235
0.126
0.656
0.955
0.171
0.583
0.355
0.516
0.218
0.22
0.103
0.107
0.64
0.286
0.896
0.541
0.966
0.769
0.894
0.881
0.132
0.144
0.605
0.082
0.761
0.157
0.892
0.804
0.852
0.978
0.033
0.665
0.409
0.606
0.304
0.338
0.717
0.25
0.217
0.749
0.47
0.374
0.523
0.005
0.606
0.86
0.842
0.229
0.927
0.483
0.247
0.308
0.926
0.513
0.221
0.735
0.899
0.133
0.918
0.348
0.809
0.543
0.367
0.694
0.519
0.557
0.186
0.025
0.525
0.637
0.692
0.231
0.126
0.848
0.63
0.803
0.691
0.281
0.917
0.877
0.874
0.682
0.872
0.896
0.541
0.307
0.404
0.366
0.457
0.486
0.863
0.582
0.999
0.69
0.927
0.309
0.375
0.126
0.192
0.665
0.476
0.505
0.792
0.669
0.606
0.867
0.158
0.356
0.919
0.489
0.058
0.082
0.449
0.493
0.554
0.591
0.058
0.708
0.948
0.345
0.175
0.258
0.085
0.079
0.091
0.459
0.815
0.277
0.53
0.554
0.508
0.838
0.477
0.577
0.828
0.746
0.156
0.211
0.886
0.671
0.053
0.575
0.527
0.86
0.163
0.995
0.557
0.494
0.717
0.151
0.968
0.478
0.944
0.664
0.212
0.079
0.554
0.774
0.493
0.533
0.156
0.515
0.543
0.776
0.388
0.221
0.033
0.81
0.767
0.792
0.009
0.558
0.719
0.061
0.926
0.922
0.483
0.18
0.751
0.162
0.991
0.55
0.411
0.145
0.857
0.627
0.578
0.749
0.862
0.662
0.523
0.626
0.563
0.834
0.375
0.901
0.928
0.34
0.585
0.881
0.63
0.81
0.397
0.638
0.117
0.624
0.416
0.157
0.5
0.151
0.798
0.738
0.645
0.903
0.864
0.547
0.382
0.914
0.635
0.323
0.813
0.686
0.033
0.948
0.895
0.983
0.861
0.18
0.485
0.715
0.652
0.067
0.515
0.494
0.533
0.232
0.198
0.7
0.907
0.488
0.798
0.307
0.691
0.249
0.006
0.812
0.749
0.499
0.481
0.821
0.349
0.605
0.84
0.524
0.852
0.354
0.581
0.142
0.175
0.883
0.294
0.595
0.451
0.121
0.917
0.861
0.07
0.644
0.866
0.747
0.961
0.113
0.727
0.876
0.504
0.535
0.899
0.451
0.121
0.543
0.955
0.008
0.33
0.89
0.41
0.628
0.228
0.949
0.069
0.843
0.309
0.972
0.855
0.22
0.226
0.333
0.969
0.663
0.414
0.884
0.027
0.118
0.496
0.443
0.351
0.95
0.563
0.262
0.793
0.401
0.311
0.055
0.499
0.032
0.125
0.401
0.761
0.006
0.826
0.687
0.87
0.857
0.542
0.779
0.338
0.684
0.835
0.758
0.292
0.009
0.883
0.455
0.767
0.084
0.815
0.326
0.538
0.011
0.931
0.978
0.53
0.211
0.35
0.745
0.866
0.073
0.937
0.765
0.455
0.592
0.946
0.404
0.526
0.678
0.013
0.568
0.825
0.672
0.41
0.333
0.834
0.391
0.151
0.961
0.923
0.278
0.166
0.793
0.872
0.76
0.757
0.517
0.354
0.559
0.696
0.563
0.502
0.621
0.085
0.278
0.865
0.96
0.944
0.313
0.238
0.793
0.351
0.566
0.334
0.974
0.245
0.648
0.052
0.058
0.474
0.874
0.579
0.203
0.314
0.051
0.981
0.716
0.942
0.969
0.29
0.721
0.781
0.146
0.941
0.042
0.245
0.871
0.261
0.14
0.477
0.572
0.606
0.447
0.483
0.223
0.779
0.505
0.814
0.229
0.568
0.06
0.866
0.357
0.429
0.181
0.054
0.822
0.797
0.058
0.801
0.199
0.556
0.719
0.111
0
0.166
0.539
0.609
0.676
0.815
0.268
0.7
0.462
0.22
0.621
0.768
0.83
0.225
0.415
0.375
0.106
0.932
0.109
0.734
0.039
0.247
0.042
0.842
0.906
0.85
0.499
0.488
0.056
0.849
0.669
0.707
0.78
0.93
0.609
0.35
0.681
0.394
0.354
0.63
0.427
0.105
0.552
0.608
0.451
0.193
0.039
0.266
0.724
0.648
0.573
0.454
0.687
0.819
0.68
0.691
0.263
0.173
0
0.226
0.461
0.649
0.85
0.841
0.498
0.407
0.675
0.386
0.682
0.62
0.151
0.525
0.559
0.896
0.824
0.122
0.689
0.66
0.254
0.248
0.041
0.579
0.213
0.274
0.711
0.825
0.879
0.983
0.867
0.444
0.034
0.815
0.176
0.863
0.456
0.811
0.836
0.814
0.154
0.099
0.479
0.292
0
0.045
0.228
0.646
0.601
0.792
0.031
0.585
0.973
0.961
0.491
0.035
0.116
0.375
0.388
0.065
0.936
0.806
0.999
0.652
0.753
0.324
0.484
0.409
0.318
0.575
0.772
0
0.813
0.636
0.36
0.912
0.962
0.636
0.942
0.158
0.045
0.266
0.335
0.601
0.035
0.753
0.475
0.62
0.196
0.162
0.035
0.256
0.202
0.27
0.128
0.619
0.486
0.583
0.202
0.059
0.49
0.173
0.967
0.457
0.735
0.277
0.606
0.184
0.406
0.509
0.532
0.841
0.275
0.038
0.41
0.323
0.798
0.826
0.974
0.903
0.292
0.153
0.805
0.246
0.95
0.111
0.943
0.836
0.089
0.66
0.499
0.583
0.449
0.728
0.688
0.76
0.96
0.834
0.517
0.517
0.373
0.814
0.413
0.798
0.323
0.881
0.25
0.298
0.991
0.477
0.835
0.879
0.168
0.138
0.252
0.393
0.522
0.841
0.187
0.574
0.518
0.849
0.546
0.308
0.038
0.557
0.559
0.04
0.338
0.604
0.519
0.016
0.594
0.76
0.68
0.427
0.698
0.727
0.532
0.975
0.603
0.454
0.184
0.305
0.641
0.56
0.363
0.37
0.748
0.223
0.404
0.01
0.808
0.182
0.456
0.835
0.213
0.054
0.607
0.709
0.881
0.445
0.159
0.807
0.825
0.962
0.709
0.698
0.255
0.326
0.812
0.129
0.913
0.623
0.778
0.757
0.392
0.186
0.58
0.247
0.349
0.342
0.35
0.223
0.958
0.675
0.952
0
0.508
0.829
0.306
0.348
0.483
0.302
0.263
0.042
0.65
0.96
0.625
0.751
0.144
0.582
0.367
0
0.31
0.65
0.594
0.959
0.176
0.572
0.469
0.68
0.899
0.396
0.939
0.592
0.445
0.187
0.389
0.381
0.605
0.703
0.27
0.489
0.587
0.487
0.761
0.121
0.105
0.073
0.187
0.574
0.207
0.721
0.861
0.849
0.093
0.016
0.108
0.201
0.082
0.34
0.185
0.472
0.514
0.86
0.48
0.72
0.381
0.922
0.858
0.691
0.234
0.008
0.212
0.075
0.597
0.234
0.545
0.801
0.402
0.478
0.472
0.956
0.158
0.984
0.272
0.561
0.191
0.377
0.635
0.973
0.945
0.484
0.927
0.508
0.691
0.213
0.042
0.306
0.191
0.517
0.089
0.746
0.533
0.579
0.227
0.122
0.836
0.729
0.713
0.728
0.603
0.321
0.402
0.28
0.058
0.828
0.979
0.463
0.166
0.861
0.856
0.627
0.835
0.403
0.358
0.364
0.326
0.796
0.624
0.943
0.893
0.37
0.381
0.746
0.595
0.673
0.042
0.11
0.819
0.809
0.876
0.208
0.629
0.518
0.223
0.367
0.905
0.635
0.014
0.726
0.408
0.276
0.421
0.852
0.741
0.824
0.504
0.496
0.895
0.748
0.03
0.188
0.188
0.727
0.439
0.813
0.745
0.746
0.234
0.898
0.482
0.493
0.426
0.236
0.652
0.448
0.159
0.584
0.257
0.436
0.208
0.405
0.383
0.761
0.973
0.763
0.897
0.343
0.19
0.927
0.046
0.44
