0.482
0.012
0.586
0.447
0.946
0.413
0.697
0.475
0.209
0.303
0.896
0.182
0.926
0.433
0.645
0.966
0.085
0.772
0.948
0.189
0.754
0.479
0.676
0.139
0.763
0.269
0.44
0.352
0.697
0.3
0.938
0.066
0.68
0.057
0.178
0.926
0.232
0.27
0.116
0.201
0.934
0.875
0.709
0.446
0.953
0.268
0.285
0.488
0.711
0.566
0.987
0.244
0.371
0.001
0.306
0.56
0.105
0.343
0.373
0.121
0.818
0.924
0.492
0.595
0.059
0.166
0.567
0.236
0.916
0.478
0.795
0.586
0.853
0.792
0.048
0.092
0.995
0.688
0.163
0.388
0.516
0.332
0.093
0.151
0.336
0.73
0.481
0.179
0.083
0.156
0.108
0.514
0.374
0.062
0.08
0.67
0.475
0.312
0.973
0.82
0.899
0.937
0.295
0.158
0.997
0.263
0.312
0.745
0.003
0.413
0
0.189
0.5
0.439
0.078
0.604
0.166
0.863
0.44
0.991
0.728
0.065
0.29
0.265
0.014
0.556
0.45
0.301
0.581
0.84
0.523
0.643
0.586
0.598
0.457
0.773
0.858
0.119
0.664
0.66
0.664
0.382
0.66
0.174
0.329
0.698
0.578
0.937
0.605
0.205
0.188
0.354
0.459
0.827
0.271
0.323
0.796
0.115
0.605
0.962
0.459
0.747
0.661
0.763
0.68
0.171
0.161
0.085
0.962
0.688
0.234
0.182
0.745
0.896
0.661
0.832
0.672
0.421
0.767
0.489
0.379
0.312
0.788
0.738
0.239
0.398
0.015
0.11
0.303
0.293
0.294
0.98
0.842
0.822
0.899
0.335
0.862
0.285
0.602
0.533
0.181
0.97
0.521
0.659
0.962
0.364
0.392
0.609
0.464
0.949
0.704
0.103
0.768
0.3
0.737
0.483
0.07
0.461
0.768
0.439
0.716
0.014
0.609
0.449
0.639
0.1
0.834
0.795
0.158
0.052
0.835
0.339
0.899
0.323
0.531
0.099
0.554
0.339
0.472
0.239
0.239
0.529
0.173
0.15
0.587
0.849
0.208
0.064
0.283
0.996
0.319
0.281
0.553
0.689
0.739
0.675
0.785
0.12
0.057
0.083
0.913
0.356
0.845
0.755
0.937
0.044
0.932
0.51
0.521
0.365
0.209
0.836
0.828
0.36
0.804
0.205
0.091
0.256
0.314
0.988
0.932
0.028
0.376
0.647
0.253
0.568
0.975
0.801
0.542
0.679
0.518
0.973
0.132
0.413
0.145
0.068
0.868
0.083
0.076
0.049
0.191
0.32
0.574
0.901
0.193
0.843
0.315
0.741
0.486
0.345
0.96
0.007
0.525
0.62
0.821
0.784
0.398
0.373
0.59
0.312
0.45
0.054
0.666
0.839
0.052
0.202
0.969
0.855
0.811
0.297
0.216
0.761
0.518
0.75
0.922
0.857
0.194
0.367
0.228
0.401
0.628
0.961
0.663
0.23
0.016
0.879
0.547
0.378
0.439
0.617
0.62
0.185
0.017
0.935
0.031
0.76
0.052
0.066
0.563
0.561
0.581
0.766
0.43
0.845
0.12
0.159
0.854
0.844
0.237
0.411
0.042
0.882
0.722
0.318
0.539
0.151
0.553
0.363
0.532
0.861
0.302
0.065
0.048
0.676
0.321
0.524
0.182
0.192
0.486
0.161
0.082
0.276
0.959
0.747
0.101
0.279
0.267
0.702
0.983
0.2
0.846
0.217
0.811
0.753
0.867
0.099
0.034
0.82
0.074
0.976
0.114
0.573
0.479
0.785
0.153
0.856
0.027
0.315
0.988
0.629
0.412
0.807
0.113
0.695
0.751
0.772
0.177
0.466
0.384
0.421
0.713
0.789
0.953
0.196
0.431
0.955
0.501
0.271
0.694
0.888
0.515
0.742
0.287
0.541
0.181
0.4
0.034
0.902
0.634
0.54
0.511
0.373
0.241
0.417
0.966
0.608
0.227
0.553
0.048
0.82
0.234
0.497
0.962
0.784
0.572
0.192
0.933
0.657
0.258
0.213
0.002
0.016
0.099
0.913
0.987
0.035
0.413
0.82
0.955
0.33
0.127
0.005
0.989
0.95
0.154
0.702
0.966
0.092
0.814
0.697
0.3
0.033
0.789
0.072
0.519
0.495
0.217
0.955
0.32
0.3
0.686
0.527
0.051
0.515
0.469
0.449
0.411
0.087
0.127
0.068
0.327
0.606
0.664
0.279
0.256
0.672
0.634
0.409
0.264
0.889
0.392
0.519
0.326
0.355
0.152
0.05
0.112
0.364
0.951
0.828
0.634
0.773
0.703
0.501
0.145
0.751
0.35
0.964
0.598
0.712
0.799
0.487
0.095
0.703
0.205
0.276
0.235
0.245
0.006
0.996
0.196
0.234
0.737
0.393
0.467
0.853
0.69
0.603
0.126
0.285
0.216
0.244
0.146
0.391
0.2
0.546
0.463
0.28
0.422
0.721
0.048
0.404
0.228
0.715
0.231
0.055
0.589
0.334
0.297
0.972
0.685
0.224
0.828
0.784
0.416
0.209
0.545
0.204
0.233
0.64
0.11
0.102
0.341
0.977
0.348
0.799
0.058
0.536
0.586
0.85
0.67
0.561
0.951
0.36
0.753
0.33
0.448
0.958
0.142
0.999
0.73
0.424
0.636
0.321
0.505
0.656
0.099
0.291
0.749
0.031
0.58
0.522
0.426
0.571
0.742
0.479
0.024
0.59
0.975
0.66
0.513
0.608
0.757
0.534
0.872
0.159
0.79
0.576
0.433
0.292
0.504
0.185
0.754
0.877
0.722
0.742
0.052
0.898
0.264
0.461
0.962
0.233
0.661
0.606
0.731
0.6
0.574
0.314
0.49
0.235
0.928
0.796
0.379
0.931
0.4
0.284
0.592
0.001
0.226
0.582
0.016
0.611
0.118
0.687
0.543
0.375
0.337
0.255
0.098
0
0.854
0.196
0.46
0.664
0.553
0.156
0.522
0.836
0.858
0.294
0.095
0.441
0.182
0.216
0.058
0.042
0.305
0.962
0.557
0.021
0.35
0.499
0.221
0.832
0.664
0.561
0.827
0.144
0.189
0.437
0.968
0.89
0.179
0.994
0.146
0.079
0.819
0.061
0.406
0.181
0.705
0.547
0.408
0.356
0.248
0.256
0.881
0.238
0.944
0.24
0.018
0.569
0.269
0.447
0.089
0.858
0.017
0.713
0.983
0.876
0.855
0.703
0.53
0.313
0.904
0.366
0.739
0.118
0.133
0.196
0.528
0.206
0.629
0.671
0.104
0.475
0.383
0.968
0.296
0.878
0.998
0.482
0.696
0.475
0.555
0.111
0.951
0.658
0.816
0.077
0.572
0.79
0.5
0.104
0.352
0.786
0.158
0.498
0.493
0.316
0.001
0.733
0.933
0.423
0.043
0.01
0.55
0.78
0.346
0.496
0.571
0.744
0.688
0.886
0.479
0.508
0.115
0.216
0.671
0.735
0.121
0.667
0.7
0.518
0.824
0.97
0.056
0.386
0.414
0.374
0.796
0.475
0.903
0.877
0.636
0.618
0.005
0.862
0.473
0.531
0.468
0.958
0.496
0.095
0.015
0.673
0.624
0.996
0.466
0.004
0.475
0.318
0.705
0.184
0.69
0.265
0.247
0.408
0.126
0.342
0.712
0.972
0.509
0.604
0.64
0.816
0.866
0.733
0.859
0.778
0.267
0.978
0.783
0.14
0.327
0.583
0.864
0.66
0.132
0.728
0.622
0.293
0.859
0.962
0.755
0.735
0.514
0.297
0.649
0.399
0.535
0.886
0.762
0.39
0.292
0.601
0.738
0.218
0.74
0.704
0.428
0.687
0.529
0.008
0.657
0.175
0.205
0.84
0.17
0.577
0.268
0.453
0.91
0.756
0.784
0.401
0.27
0.207
0.747
0.536
0.989
0.718
0.74
0.811
0.679
0.395
0.817
0.52
0.376
0.729
0.993
0.145
0.035
0.548
0.342
0.683
0.694
0.436
0.616
0.677
0.075
0.744
0.986
0.927
0.827
0.564
0.674
0.9
0.561
0.372
0.406
0.115
0.556
0.044
0.963
0.702
0.48
0.377
0.136
0.386
0.094
0.75
0.329
0.231
0.756
0.055
0.759
0.072
0.384
0.428
0.98
0.888
0.201
0.249
0.104
0.186
0.465
0.4
0.596
0.99
0.561
0.681
0.018
0.724
0.325
0.175
0.114
0.522
0.916
0.567
0.848
0.439
0.897
0.037
0.822
0.078
0.277
0.056
0.198
0.081
0.996
0.799
0.711
0.054
0.416
0.136
0.74
0.089
0.218
0.29
0.569
0.525
0.413
0.384
0.919
0.892
0.835
0.57
0.524
0.203
