0.241
0.998
0.858
0.263
0.378
0.6
0.385
0.621
0.125
0.768
0.639
0.997
0.628
0.138
0.414
0.088
0.169
0.524
0.951
0.551
0.738
0.109
0.653
0.12
0.662
0.107
0.178
0.441
0.737
0.136
0.096
0.227
0.876
0.555
0.513
0.95
0.189
0.328
0.354
0.48
0.49
0.008
0.284
0.844
0.187
0.99
0.355
0.257
0.599
0.34
0.254
0.447
0.347
0.835
0.505
0.215
0.46
0.24
0.257
0.977
0.599
0.831
0.356
0.776
0.578
0.193
0.663
0.406
0.76
0.862
0.474
0.959
0.072
0.261
0.9
0.211
0.76
0.91
0.383
0.532
0.166
0.284
0.73
0.885
0.428
0.931
0.753
0.786
0.231
0.997
0.905
0.685
0.164
0.889
0.428
0.952
0.246
0.788
0.95
0.705
0.578
0.403
0.14
0.82
0.4
0.425
0.062
0.424
0.627
0.241
0.255
0.782
0.791
0.791
0.17
0.375
0.18
0.445
0.087
0.24
0.467
0.968
0.746
0.143
0.512
0.281
0.26
0.211
0.167
0.131
0.248
0.287
0.749
0.411
0.647
0.847
0
0.041
0.068
0.825
0.128
0.329
0.749
0.304
0.074
0.418
0.01
0.627
0.81
0.432
0.231
0.172
0.33
0.553
0.064
0.044
0.559
0.185
0.703
0.11
0.815
0.675
0.581
0.824
0.046
0.78
0.41
0.549
0.6
0.716
0.875
0.649
0.426
0.793
0.195
0.077
0.337
0.127
0.904
0.263
0.954
0.961
0.979
0.337
0.257
0.905
0.918
0.297
0.849
0
0.451
0.24
0.793
0.748
0.193
0.407
0.803
0.43
0.911
0.964
0.999
0.494
0.586
0.055
0.876
0.043
0.647
0.9
0.388
0.465
0.739
0.945
0.415
0.878
0.79
0.165
0.491
0.073
0.487
0.319
0.281
0.846
0.476
0.603
0.176
0.718
0.95
0.44
0.168
0.036
0
0.093
0.079
0.32
0.8
0.923
0.02
0.303
0.675
0.997
0.936
0.69
0.361
0.161
0.062
0.338
0.693
0.784
0.364
0.858
0.657
0.106
0.849
0.281
0.368
0.063
0.304
0.028
0.989
0.116
0.559
0.865
0.851
0.878
0.641
0.74
0.802
0.241
0.526
0.622
0.493
0.26
0.855
0.438
0.297
0.667
0.278
0.245
0.728
0.35
0.235
0.293
0.033
0.739
0.586
0.316
0.608
0.235
0.72
0.661
0.462
0.645
0.64
0.072
0.274
0.77
0
0.847
0.871
0.563
0.653
0.657
0.99
0.597
0.206
0.727
0.522
0.412
0.335
0.617
0.407
0.426
0.999
0.484
0.316
0.045
0.303
0.459
0.909
0.707
0.104
0.727
0.117
0.975
0.583
0.614
0.824
0.302
0.419
0.648
0.328
0.608
0.903
0.453
0.713
0.091
0.761
0.946
0.997
0.714
0.082
0.034
0.255
0.966
0.153
0.136
0.144
0.554
0.149
0.552
0.466
0.905
0.467
0.836
0.109
0.511
0.1
0.442
0.103
0.438
0.087
0.267
0.105
0.024
0.845
0.761
0.736
0.72
0.848
0.388
0.65
0.416
0.053
0.539
0.285
0.458
0.996
0.147
0.466
0.272
0.722
0.7
0.438
0.212
0.174
0.856
0.301
0.812
0.79
0.11
0.913
0.57
0.008
0.507
0.223
0.525
0.733
0.948
0.703
0.616
0.121
0.899
0.332
0.658
0.827
0.084
0.447
0.507
0.59
0.136
0.829
0.01
0.323
0.304
0.608
0.338
0.049
0.794
0.355
0.129
0.134
0.952
0.121
0.261
0.093
0.384
0.202
0.477
0.643
0.681
0.204
0.979
0.269
0.972
0.098
0.851
0.57
0.212
0.768
0.931
0.911
0.802
0.274
0.691
0.309
0.422
0.643
0.598
0.639
0.339
0.125
0.235
0.305
0.962
0.715
0.714
0.299
0.753
0.511
0.682
0.725
0.169
0.946
0.815
0.033
0.432
0.032
0.878
0.872
0.655
0.598
0.489
0.725
0.111
0.16
0.155
0.66
0.078
0.853
0.713
0.983
0.151
0.448
0.198
0.262
0.124
0.563
0.579
0.358
0.896
0.675
0.518
0.318
0.166
0.447
0.331
0.546
0.943
0.017
0.118
0.38
0.501
0.7
0.237
0.1
0.408
0.916
0.107
0.275
0.487
0.736
0.621
0.322
0.947
0.07
0.864
0.945
0.446
0.371
0.541
0.007
0.571
0.296
0.337
0.114
0.557
0.534
0.225
0.929
0.838
0.611
0.213
0.28
0.626
0.753
0.44
0.387
0.247
0.543
0.303
0.678
0.408
0.864
0.069
0.463
0.359
0.899
0.248
0.453
0.141
0.247
0.949
0.919
0.927
0.417
0.69
0.929
0.386
0.203
0.709
0.305
0.829
0.764
0.275
0.246
0.893
0.805
0.037
0.327
0.791
0.852
0.536
0.967
0.248
0.014
0.792
0.593
0.469
0.491
0.566
0.499
0.7
0.647
0.769
0.96
0.914
0.778
0.765
0.037
0.623
0.84
0.437
0.089
0.833
0.844
0.769
0.254
0.563
0.069
0.702
0.946
0.558
0.491
0.716
0.726
0.817
0.63
0.053
0.415
0.807
0.884
0.465
0.854
0.819
0.936
0.9
0.734
0.172
0.269
0.579
0.425
0.806
0.327
0.654
0.718
0.937
0.365
0.11
0.429
0.016
0.782
0.598
0.87
0.381
0.748
0.803
0.976
0.195
0.335
0.961
0.312
0.067
0.379
0.233
0.587
0.799
0.147
0.947
0.603
0.686
0.252
0.221
0.933
0.671
0.586
0.993
0.595
0.104
0.668
0.948
0.095
0.177
0.85
0.764
0.652
0.405
0.624
0.637
0.004
0.684
0.523
0.929
0.406
0.827
0.44
0.543
0.629
0.449
0.326
0.241
0.772
0.798
0.57
0.165
0.446
0.021
0.674
0.364
0.07
0.377
0.678
0.748
0.964
0.58
0.641
0.182
0.482
0.245
0.527
0.588
0.298
0.039
0.537
0.593
0.908
0.981
0.03
0.243
0.524
0.721
0.125
0.802
0.796
0.0
0.413
0.972
0.797
0.574
0.066
0.713
0.235
0.307
0.758
0.965
0.651
0.089
0.471
0.225
0.078
0.238
0.44
0.479
0.416
0.434
0.332
0.747
0.159
0.237
0.365
0.293
0.245
0.119
0.128
0.289
0.948
0.908
0.012
0.906
0.875
0.647
0.197
0.195
0.535
0.385
0.795
0.292
0.294
0.024
0.052
0.438
0.033
0.323
0.672
0.101
0.221
0.108
0.089
0.493
0.811
0.385
0.875
0.063
0.212
0.347
0.097
0.605
0.284
0.297
0.653
0.457
0.447
0.677
0.825
0.272
0.882
0.218
0.384
0.251
0.202
0.238
0.803
0.978
0.959
0.652
0.269
0.377
0.731
0.55
0.825
0.254
0.956
0.866
0.953
0.698
0.876
0.069
0.809
0.384
0.147
0.962
0.705
0.354
0.189
0.665
0.106
0.526
0.11
0.84
0.72
0.319
0.612
0.304
0.292
0.782
0.324
0.894
0.315
0.848
0.042
0.511
0.336
0.19
0.064
0.342
0.757
0.183
0.338
0.07
0.893
0.674
0.069
0.796
0.026
0.332
0.046
0.065
0.442
0.999
0.326
0.541
0.085
0.962
0.87
0.922
0.363
0.821
0.238
0.648
0.582
0.85
0.317
0.318
0.224
0.485
0.063
0.61
0.923
0.141
0.796
0.15
0.76
0.973
0.232
0.74
0.67
0.432
0.696
0.903
0.941
0.641
0.864
0.148
0.281
0.269
0.317
0.653
0.367
0
0.528
0.668
0.28
0.011
0.61
0.436
0.643
0.034
0.055
0.514
0.653
0.011
0.001
0.16
0.628
0.896
0.582
0.881
0.485
0.434
0.138
0.907
0.878
0.354
0.981
0.367
0.249
0.06
0
0.673
0.01
0.247
0.215
0.42
0.903
0.295
0.573
0.784
0.895
0.56
0.167
0.244
0.874
0.471
0.416
0.762
0.846
0.255
0.698
0.984
0.838
0.591
0.933
0.303
0.809
0.946
0.239
0.954
0.004
0.479
0.037
0.146
0.177
0.107
0.196
0.518
0.8
0.208
0.889
0.216
0.981
0.968
0.705
0.039
0.815
0.502
0.961
0.169
0.536
0.227
0.503
0.011
0.787
0.968
0.34
0.357
0.034
0.446
0.683
0.089
0.443
0.922
0.896
0.185
0.963
0.209
0.505
0.349
0.785
0.01
0.087
0.879
0.05
0.148
0.999
0.14
0.754
0.138
0.711
0.317
0.072
0.497
