0.103
0.534
0.343
0.322
0.314
0.007
0.399
0.33
0.819
0.055
0.834
0.374
0.828
0.611
0.69
0.071
0.347
0.259
0.553
0.457
0.158
0.307
0.163
0.844
0.742
0.317
0.935
0.204
0.66
0.422
0.996
0.711
0.468
0.765
0.167
0.858
0.974
0.979
0.351
0.315
0.507
0.669
0.177
0.559
0.349
0.682
0.114
0.658
0.977
0.209
0.482
0.294
0.832
0.902
0.828
0.06
0.438
0.473
0.23
0.987
0.496
0.307
0.677
0.562
0.264
0.247
0.848
0.78
0.972
0.415
0.548
0.419
0.402
0.223
0
0.373
0.972
0.27
0.557
0.473
0.141
0.246
0.626
0.599
0.834
0.194
0.286
0.302
0.253
0.543
0.932
0.876
0.468
0.159
0.145
0.793
0.178
0.684
0.793
0.747
0.429
0.356
0.787
0.351
0.535
0.335
0.262
0.821
0.695
0.271
0.517
0.995
0.024
0.456
0.692
0.315
0.388
0.429
0.252
0.199
0.313
0.039
0.023
0.86
0.988
0.417
0.459
0.504
0.915
0.533
0.559
0.547
0.891
0.958
0.627
0.325
0.347
0.384
0.52
0.706
0.489
0.464
0.342
0.81
0.569
0.013
0.684
0.615
0.023
0.72
0.811
0.722
0.183
0.185
0.192
0.378
0.643
0.662
0.885
0.792
0.371
0.305
0.201
0.217
0.747
0.751
0.773
0.38
0.714
0.696
0.837
0.274
0.066
0.915
0.152
0.873
0.842
0.533
0.95
0.061
0.22
0.546
0.927
0.668
0.601
0.553
0.73
0.439
0.106
0.033
0.027
0.815
0.325
0.271
0.383
0.462
0.503
0.169
0.153
0.537
0.02
0.913
0.346
0.659
0.275
0.316
0.119
0.277
0.42
0.705
0.268
0.971
0.52
0.035
0
0.639
0.286
0.33
0.95
0.367
0.274
0.407
0.215
0.854
0.103
0.55
0.611
0.586
0.954
0.592
0.266
0.664
0.64
0.823
0.369
0.035
0.764
0.638
0.912
0.124
0.121
0.067
0.508
0.276
0.665
0.427
0.38
0.083
0.081
0.125
0.195
0.73
0.292
0.432
0.952
0.13
0.707
0.143
0.11
0.414
0.702
0.658
0.42
0.859
0.098
0.348
0.134
0.207
0.074
0.728
0.936
0.098
0.177
0.063
0.078
0.69
0.256
0.827
0.97
0.394
0.553
0.544
0.841
0.647
0.683
0.354
0.747
0.758
0.662
0.51
0.117
0.772
0.558
0.304
0.86
0.479
0.699
0.139
0.708
0.117
0.718
0.242
0.048
0.183
0.86
0.382
0.128
0.938
0.299
0.217
0.066
0.59
0.125
0.935
0.805
0.211
0.14
0.984
0.852
0.682
0.016
0.266
0.716
0.849
0.452
0.873
0.761
0.939
0.03
0.15
0.059
0.774
0.715
0
0.18
0.937
0.032
0.13
0.546
0.87
0.41
0.46
0.494
0.032
0.927
0.825
0.26
0.78
0.234
0.97
0.79
0.716
0.946
0.914
0.974
0.142
0.902
0.563
0.691
0.073
0.272
0.384
0.55
0.589
0.849
0.893
0.891
0.987
0.259
0.347
0.55
0.816
0.81
0.575
0.851
0.854
0.56
0.083
0.273
0.905
0.4
0.731
0.895
0.728
0.011
0.557
0.139
0.867
0.889
0.937
0.219
0.89
0.515
0.002
0.62
0.717
0.917
0.505
0.63
0.097
0.519
0.935
0.68
0.345
0.038
0.314
0.062
0.164
0.269
0.422
0.62
0.747
0.826
0.265
0.569
0.409
0.119
0.554
0.512
0.078
0.567
0.865
0.046
0.188
0.982
0.666
0.163
0.593
0.203
0.841
0.948
0.509
0.098
0.651
0.511
0.101
0.782
0.229
0.557
0.245
0.526
0.69
0.077
0.26
0.746
0.838
0.684
0.219
0.221
0.416
0.737
0.481
0.42
0.769
0.428
0.512
0.158
0.297
0.279
0.413
0.999
0.192
0.274
0.619
0.587
0.877
0.992
0.568
0.884
0.728
0.774
0.222
0.698
0.211
0.707
0.372
0.067
0.093
0.361
0.82
0.509
0.156
0.261
0.314
0.048
0.363
0.665
0.776
0.067
0.338
0.878
0.494
0.925
0.921
0.148
0.709
0.018
0.73
0.277
0.928
0.832
0.696
0.381
0.147
0.96
0.086
0.791
0.568
0.129
0.202
0.879
0.034
0.945
0.568
0.177
0.973
0.927
0.359
0.767
0.882
0.154
0.015
0.192
0.673
0
0.752
0.365
0.501
0.119
0.263
0.868
0.024
0.442
0.642
0.993
0.399
0.22
0.292
0.387
0.199
0.702
0.79
0.406
0.409
0.76
1.0
0.855
0.273
0.045
0.907
0.536
0.062
0
0.911
0.937
0.428
0.871
0.251
0.971
0.276
0.295
0.332
0.399
0.536
0.848
0.265
0.366
0.163
0.357
0.74
0.841
0.561
0.062
0.671
0.517
0.353
0.518
0.716
0.941
0.608
0.125
0.16
0.629
0.704
0.842
0.628
0.307
0.084
0.315
0.746
0.144
0.541
0.784
0.582
0.918
0.699
0.431
0.146
0.192
0.059
0.999
0.523
0.831
0.135
0.962
0.205
0.628
0.362
0.925
0.676
0.144
0.13
0.836
0.59
0.061
0.779
0.591
0.079
0.516
0.683
0.052
0.547
0.947
0.093
0.254
0.02
0.079
0.722
0.813
0.951
0.274
0.157
0.378
0.878
0.289
0.214
0.976
0.312
0.62
0.851
0.879
0.618
0.23
0.344
0.975
0.875
0.439
0.979
0.512
0.71
0.066
0.341
0.734
0.71
0.424
0.881
0.465
0.004
0.243
0.462
0.765
0.433
0.969
0.735
0.429
0.897
0.581
0.18
0.423
0.742
0.109
0.215
0.497
0.109
0.646
0.098
0.896
0.542
0.818
0.076
0.156
0.639
0.882
0.683
0.801
0.547
0.839
0.571
0.214
0.913
0.703
0.867
0.001
0.978
0.511
0.68
0.872
0.664
0.265
0.546
0.342
0.493
0.019
0.433
0.588
0.544
0.019
0.055
0.211
0.387
0.027
0.885
0.053
0.321
0.436
0.173
0.874
0.873
0.458
0.873
0.316
0.223
0.191
0.126
0.374
0.585
0.498
0.511
0.497
0.36
0.714
0.437
0.329
0.517
0.629
0.633
0.877
0.311
0.303
0.755
0.502
0.923
0.494
0.818
0.598
0.113
0.152
0.782
0.593
0.522
0.123
0.198
0.66
0.617
0.365
0.705
0.74
0.052
0.775
0.859
0.644
0.092
0.977
0.234
0.329
0.389
0.534
0.27
0.574
0.822
0.605
0.965
0.689
0.273
0.572
0.936
0.867
0.566
0.706
0.722
0.012
0.655
0.819
0.579
0.212
0.872
0.061
0.177
0.373
0.24
0.647
0.957
0.144
0.442
0.591
0.249
0.294
0.335
0.144
0.979
0.378
0.556
0.374
0.532
0.417
0.153
0.622
0.282
0.714
0.746
0.808
0.003
0.466
0.532
0.906
0.893
0.403
0.294
0.54
0.498
0.853
0.79
0.853
0.823
0.158
0.855
0.621
0.453
0.839
0.494
0.507
0.926
0.154
0.116
0.845
0.729
0.24
0.125
0.211
0.671
0.719
0.642
0.762
0.985
0.994
0.787
0.68
0.306
0.884
0.756
0.664
0.498
0.544
0.732
0.337
0.344
0.64
0.073
0.084
0.813
0.285
0.468
0.954
0.522
0.516
0.823
0.692
0.205
0.396
0.71
0.802
0.327
0.071
0.774
0.53
0.64
0.954
0.239
0.874
0.803
0.204
0.328
0
0.929
0.375
0.009
0.857
0.824
0.453
0.816
0.177
0.247
0.503
0.618
0.743
0.09
0.457
0.294
0.593
0.788
0.912
0.998
0.583
0.662
0.503
0.157
0.46
0.874
0
0.175
0.855
0.618
0.912
0.307
0.154
0.761
0.934
0.615
0.758
0.112
0.676
0.668
0.501
0.922
0.275
0.488
0.825
0.75
0.409
0.101
0.08
0.281
0.685
0.371
0.375
0.922
0.871
0.916
0.769
0.633
0.823
0.049
0.184
0.429
0.47
0.488
0.113
0.776
0.322
0.916
0.833
0.495
0.146
0.547
0.361
0.402
0.576
0.65
0.751
0.179
0.05
0.342
0.416
0.673
0.849
0.62
0.542
0.765
0.856
0.279
0.931
0.805
0.702
0.474
0.267
0.851
0.882
0.035
0.395
0.985
0.551
0.031
0.481
0.535
0.663
0.722
0.044
0.226
0.862
0.146
0.127
0.285
0.568
0.318
0.998
0.153
0.707
0.267
0.364
0.334
