0.029
0.713
0.11
0.136
0.573
0.446
0.944
0.577
0.052
0.158
0.674
0.844
0.507
0.768
0.123
0.06
0.089
0.191
0.146
0.784
0.548
0.16
0.056
0.219
0.512
0.633
0.229
0.824
0.85
0.837
0.288
0.24
0.947
0.303
0.006
0.042
0.026
0.806
0.259
0.966
0.546
0.67
0.597
0.551
0.388
0.243
0.873
0.165
0.206
0.218
0.289
0.545
0.054
0.777
0.76
0.335
0.349
0.379
0.25
0.241
0.214
0.829
0.076
0.825
0.023
0.894
0.634
0.224
0.494
0.93
0.435
0.893
0.681
0.371
0.966
0.687
0.662
0.853
0.66
0.554
0.546
0.049
0.944
0.031
0.737
0.522
0.086
0.129
0.068
0.155
0.79
0.586
0.065
0.665
0.432
0.227
0.998
0.949
0.234
0.674
0.855
0.19
0.17
0.836
0.825
0.787
0.751
0.604
0.914
0.467
0.363
0.866
0.406
0.62
0.988
0.298
0.199
0.001
0.523
0.112
0.06
0.938
0.361
0.562
0.528
0.042
0.318
0.906
0.343
0.113
0.48
0.391
0.281
0.78
0.987
0.243
0.476
0.499
0.872
0.324
0.128
0.037
0.571
0.67
0.547
0.458
0.915
0.674
0.01
0.1
0.325
0.956
0.404
0.59
0.923
0.992
0.699
0.137
0.94
0.106
0.47
0.595
0.189
0.208
0.813
0.122
0.272
0.13
0.316
0.271
0.965
0.317
0.047
0.451
0.048
0.903
0.081
0.361
0.055
0.309
0.418
0.136
0.929
0.958
0.463
0.039
0.49
0.608
0.891
0.957
0.322
0.951
0.604
0.201
0.292
0.021
0.145
0.123
0.877
0.436
0.398
0.405
0.384
0.044
0.388
0.892
0.737
0.538
0.309
0.758
0.17
0.054
0.674
0.694
0.149
0.213
0.82
0.265
0.363
0.498
0.386
0.81
0.315
0.822
0.263
0.996
0.1
0.288
0.437
0.068
0.227
0.105
0.938
0.934
0.763
0.546
0
0.829
0.201
0.559
0.004
0.77
0.069
0.661
0.701
0.041
0.101
0.776
0.753
0.07
0.342
0.723
0.401
0.32
0.03
0.023
0.92
0.051
0.212
0.277
0.388
0.18
0.793
0.317
0.596
0.629
0.066
0.268
0.664
0.218
0.24
0.427
0.871
0.506
0.518
0.709
0.075
0.855
0.16
0.099
0.763
0.159
0.09
0.598
0.558
0.628
0.759
0.452
0.812
0.406
0.698
0.814
0.372
0.231
0.68
0.102
0.447
0.252
0.785
0.307
0.179
0.117
0.492
0.418
0.965
0.784
0.384
0.494
0.922
0.319
0.921
0.487
0.202
0.196
0.5
0.803
0.552
0.701
0.15
0.289
0.763
0.502
0.532
0.997
0.726
0.393
0.475
0.657
0.988
0.201
0.389
0.022
0.173
0.642
0.143
0.487
0.338
0.641
0.211
0.775
0.066
0.612
0.229
0.346
0.242
0.74
0.419
0.08
0.554
0.228
0.657
0.023
0.287
0.616
0.164
0.021
0.358
0.301
0.485
0.745
0.429
0.237
0.606
0.02
0.634
0.911
0.594
0.086
0.623
0.642
0.499
0.915
0.027
0.791
0.456
0.739
0.379
0.034
0.241
0
0.747
0.633
0.33
0.472
0.725
0.126
0.306
0.393
0.62
0.875
0.004
0.221
0.821
0.573
0.924
0.728
0.126
0.241
0.728
0.815
0.213
0.502
0.724
0.043
0.762
0.225
0.474
0.556
0.033
0.305
0.79
0.814
0.126
0.86
0.389
0.953
0.707
0.488
0.601
0.924
0.397
0.701
0.036
0.816
0.677
0.395
0.309
0.968
0.254
0.307
0.138
0.096
0.413
0.559
0.13
0.325
0.295
0.633
0.484
0.006
0.359
0.358
0.194
0.579
0.109
0.49
0.036
0.064
0.506
0.119
0.585
0.366
0.133
0.094
0.041
0.362
0.925
0.628
0.687
0.229
0.827
0.422
0.965
0.361
0.576
0.765
0.756
0.791
0.848
0
0.316
0.805
0.276
0.977
0.943
0.215
0.495
0.62
0.203
0.259
0.99
0.32
0.445
0.042
0.646
0.791
0.23
0.516
0.807
0.588
0.085
0.25
0.11
0.229
0.423
0.526
0.637
0.168
0.652
0.697
0.673
0.589
0.887
0.919
0.513
0.426
0.847
0.799
0.516
0.151
0.888
0.031
0.993
0.038
0.857
0.566
0.093
0.813
0.885
0.926
0.891
0.177
0.919
0.948
0.469
0.993
0.452
0.518
0.074
0.914
0.026
0.335
0.559
0.419
0.719
0.022
0.8
0.544
0.619
0.957
0.366
0.78
0.823
0.336
0.582
0.603
0.185
0.148
0.766
0.774
0.705
0.81
0.984
0.94
0.006
0.86
0.812
0.378
0.916
0.97
0.981
0.691
0.126
0.991
0.373
0.513
0.808
0.103
0.936
0.247
0.66
0.425
0.72
0.693
0.81
0.716
0.834
0.886
0.303
0.049
0.846
0.625
0.578
0.049
0.314
0.497
0.293
0.873
0.369
0.744
0.262
0.238
0.045
0.179
0.512
0.517
0.337
0.388
0.926
0.629
0.475
0.254
0.706
0.468
0.935
0.327
0.77
0.324
0.867
0.141
0.128
0.96
0.747
0.452
0.327
0.585
0.271
0.948
0.475
0.808
0.562
0.714
0.599
0.129
0.775
0.537
0.817
0.469
0.479
0.238
0.279
0.756
0.834
0.269
0.242
0.831
0.594
0.102
0.487
0.814
0.143
0.357
0.351
0.569
0.289
0.284
0.629
0.212
0.43
0.776
0.763
0.326
0.566
0.457
0.899
0.629
0.788
0.272
0.58
0.151
0.718
0.465
0.562
0.959
0.941
0.49
0.579
0.83
0.546
0.757
0.188
0.108
0.146
0.877
0.035
0.045
0.867
0.737
0.449
0.029
0.666
0.703
0.742
0.162
0.363
0.994
0.471
0.298
0.109
0.181
0.136
0.212
0.09
0.979
0.814
0.03
0.337
0.406
0.754
0.576
0.152
0.287
0.979
0.465
1.0
0.592
0.095
0.535
0.632
0.378
0.7
0.442
0.952
0.755
0.521
0.117
0.359
0.92
0.329
0.514
0.841
0.916
0.407
0.325
0.07
0.421
0.746
0.826
0.18
0.245
0.073
0.09
0.455
0.626
0.981
0.79
0.336
0.339
0.847
0.607
0.647
0.188
0.663
0.974
0.697
0.539
0.729
0.872
0.157
0.964
0.388
0.793
0.513
0.199
0.482
0.247
0.848
0.304
0.498
0.277
0.735
0.799
0.804
0.98
0.565
0.261
0.086
0.013
0.642
0.762
0.607
0.084
0.047
0.306
0.311
0.222
0.247
0.356
0.407
0.5
0.597
0.522
0.993
0.446
0.626
0.184
0.813
0.963
0.075
0.456
0.034
0.897
0.853
0.315
0.242
0.775
0.665
0.103
0.131
0.715
0.547
0.559
0.233
0.393
0.439
0.622
0.59
0.082
0.602
0.139
0.454
0.771
0.451
0.094
0.523
0.527
0.584
0.923
0.269
0.611
0.211
0
0.499
0.895
0.494
0.901
0.108
0.192
0.637
0.371
0.69
0.9
0.086
0.554
0.836
0.829
0.841
0.431
0.499
0.981
0.835
0.731
0.118
0.597
0.698
0.716
0.397
0.94
0.569
0.095
0.227
0.67
0.405
0.733
0.218
0.16
0.75
0.032
0.636
0.812
0.848
0.483
0.97
0.849
0.121
0.31
0.981
0.724
0.096
0.076
0.387
0.432
0.002
0.152
0.217
0.599
0.116
0.53
0.794
0.726
0.561
0.532
0.545
0.766
0.091
0.902
0.967
0.193
0.313
0.597
0.436
0.691
0.477
0.832
0.727
0.916
0.647
0.364
0.198
0.534
0.485
0.354
0.655
0.551
0.96
0.428
0.761
0.679
0.31
0.384
0.325
0.113
0.463
0.703
0.903
0.838
0.781
0.996
0.936
0.829
0.86
0.685
0.719
0.661
0.102
0.419
0.83
0.241
0.787
0.53
0.466
0.554
0.642
0.523
0.305
0.596
0.39
0.506
0.929
0.298
0.158
0.794
0.83
0.105
0.508
0.994
0.946
0.426
0.747
0.99
0.024
0.334
0.305
0.804
0.566
0.689
0.75
0.532
0.269
0.61
0.408
0.206
0.493
0.664
0.248
0.688
0.052
0.15
0.99
0.463
0.935
0.176
0.652
0.238
0.772
0.444
0.215
0.145
0.289
0.39
0.024
0.856
0.583
0.947
0.283
0.551
0.397
0.208
0.254
0.793
0.485
0.071
0.686
0.367
0.066
0.366
0.355
0.244
0.216
0.883
