0.556
0.375
0.578
0.281
0.797
0.577
0.438
0.709
0.882
0.551
0.855
0.727
0.802
0.363
0.115
0.133
0.6
0.616
0.165
0.454
0.055
0.183
0.736
0.953
0.392
0.3
0.799
0.599
0.3
0.646
0.745
0.888
0.327
0.063
0.719
0.767
0.12
0.696
0.296
0.013
0.632
0.211
0.569
0.986
0.324
0.275
0.411
0.643
0.053
0.173
0.197
0.655
0.477
0.446
0.963
0
0.425
0.843
0.274
0.542
0.79
0.937
0.179
0.359
0.446
0.73
0.53
0.204
0.211
0.46
0.988
0.674
0.13
0.056
0.741
0.442
0.202
0.236
0.266
0.37
0.857
0.852
0.117
0.661
0.437
0.549
0.779
0.319
0.156
0.017
0.515
0.724
0.974
0.197
0.14
0.518
0.4
0.712
0.14
0.911
0.1
0.74
0.692
0.765
0.175
0.673
0.478
0.473
0.729
0.646
0.76
0.364
0.771
0.851
0.9
0.52
0.07
0.689
0.063
0.581
0.608
0.681
0.405
0.308
0.168
0.033
0.249
0
0.898
0.807
0.886
0.377
0.113
0.39
0.064
0.876
0.041
0.793
0.499
0.914
0.03
0.15
0.342
0.767
0.138
0.855
0.502
0.893
0.293
0.563
0.461
0.246
0.685
0.641
0.528
0.103
0.86
0.044
0.651
0.568
0.659
0.63
0.332
0.114
0.729
0.231
0.682
0.108
0.451
0.185
0.51
0.793
0.153
0.603
0.574
0.658
0.072
0.702
0.044
0.936
0.566
0.149
0.012
0.095
0.443
0.482
0.433
0.081
0.822
0.212
0.207
0.868
0.738
0.297
0.499
0.834
0.621
0.21
0.621
0.985
0.805
0.679
0.251
0.057
0.007
0.801
0.723
0.962
0.258
0.84
0.503
0.626
0.381
0.398
0.084
0.558
0.486
0.935
0.924
0.102
0.606
0.94
0.773
0.646
0.854
0.827
0.491
0.538
0.51
0.489
0.321
0.941
0.312
0.234
0.118
0.906
0.874
0.546
0.465
0.739
0.914
0.567
0.716
0.538
0.037
0.871
0.342
0.25
0.084
0.955
0.378
0.444
0.875
0.252
0.541
0.532
0.01
0.192
0.76
0.165
0.225
0.969
0.598
0.822
0.899
0.765
0.992
0.064
0.587
0.622
0.929
0.048
0.834
0.556
0.452
0.686
0.652
0.279
0.576
0.683
0.726
0.93
0.503
0.5
0.658
0.307
0.488
0.422
0.017
0.137
0.016
0.446
0.399
0.428
0.206
0.317
0.05
0.125
0.949
0.616
0.954
0.601
0.148
0.898
0.341
0.161
0.167
0.355
0.247
0.267
0.275
0.176
0.219
0.048
0.902
0.983
0.466
0.874
0
0.015
0.45
0.769
0.971
0.198
0.728
0.436
0
0.06
0.978
0.314
0.057
0.445
0.945
0.309
0.393
0.446
0.806
0.729
0.965
0.523
0.826
0.049
0.546
0.323
0.832
0.437
0.922
0.937
0.202
0.995
0.531
0.173
0.373
0.276
0.642
0.232
0.564
0.297
0.488
0.01
0.504
0.282
0.665
0.448
0.695
0.34
0.507
0.137
0.68
0.36
0.984
0.29
0.985
0.048
0.15
0.545
0.947
0.199
0.426
0.399
0.384
0.168
0.556
0.448
0.235
0.023
0.325
0.985
0.631
0.642
0.529
0.114
0.8
0.075
0.672
0.725
0.777
0.931
0.512
0.485
0.153
0.293
0.174
0.873
0.251
0.016
0.634
0.691
0.175
0.877
0.323
0.346
0.065
0.561
0.338
0.565
0.739
0.367
0.938
0.18
0.789
0.408
0.063
0.268
0.341
0.873
0.803
0.592
0.861
0.586
0.204
0.704
0.009
0.74
0.605
0.677
0.647
0.479
0.585
0.247
0.063
0.978
0.156
0.653
0.053
0.319
0.042
0.128
0.254
0.116
0.85
0.003
0.045
0.81
0.413
0.161
0
0.106
0.619
0.592
0.956
0.204
0.11
0.456
0.933
0.943
0.786
0.546
0.728
0.994
0.395
0.662
0.654
0.884
0.759
0.583
0.753
0.842
0.496
0.88
0.435
0.206
0.132
0.978
0.415
0.355
0.495
0.595
0.876
0.473
0.988
0.152
0.275
0.733
0.526
0.624
0.153
0.644
0.82
0.174
0.558
0.707
0.625
0.748
0.694
0.703
0.204
0.199
0.006
0.812
0.035
0.477
0.825
0.616
0.249
0.627
0.193
0.29
0.559
0.942
0.458
0.949
0.838
0.224
0.516
0.958
0.596
0.441
0.463
0.119
0.764
0.874
0.776
0.368
0.66
0.599
0.688
0.514
0.975
0.243
0.854
0.656
0.334
0.28
0.186
0.706
0.018
0.118
0.072
0.132
0.661
0.322
0.233
0.417
0.062
0.888
0.856
0.923
0.202
0.751
0.922
0.606
0.967
0.125
0.442
0.082
0.089
0.257
0.748
0.373
0.773
0.112
0.063
0.956
0.583
0.399
0.056
0.195
0.494
0.416
0.737
0.144
0.828
0.786
0.846
0.202
0.806
0.939
0.213
0.524
0.209
0.016
0.181
0.65
0.004
0.718
0.268
0.488
0.554
0.806
0.457
0.853
0.192
0.803
0.26
0.362
0.527
0.37
0.395
0.777
0.141
0.734
0.191
0.252
0.184
0.896
0.617
0.332
0.017
0.403
0.112
0.336
0.354
0.393
0.116
0.586
0.025
0.417
0.876
0.238
0.851
0.843
0.501
0.58
0.733
0.966
0.69
0.974
0.713
0.694
0.496
0.744
0.496
0.455
0.72
0.661
0.615
0.488
0.966
0.879
0.051
0.076
0.685
0.951
0.412
0.43
0.608
0.645
0.14
0.332
0.131
0.183
0.825
0.41
0.404
0.985
0.901
0.198
0.208
0.543
0.523
0.4
0.582
0.13
0.009
0.221
0.032
0.351
0.269
0.091
0.268
0.416
0.97
0.195
0.815
0.705
0.457
0.545
0.069
0.815
0.082
0.133
0.986
0.539
0.304
0.303
0.395
0.754
0.443
0.972
0.194
0.118
0.228
0.791
0.807
0.457
0.699
0.85
0.591
0.102
0.166
0.79
0.38
0.046
0.759
0.303
0.315
0.76
0.163
0.732
0.398
0.944
0.922
0.965
0.647
0.973
0.581
0.086
0.873
0.123
0.63
0.976
0.07
0.301
0.34
0.311
0.437
0.114
0.526
0.224
0.302
0.047
0.455
0.786
0.078
0.082
0.143
0.709
0.381
0.712
0.119
0.917
0.368
0.635
0.458
0.032
0.954
0.58
0.201
0.22
0.062
0.685
0.991
0.911
0.737
0.846
0.035
0.685
0.469
0.877
0.157
0.071
0.51
0.716
0.252
0.428
0.218
0.755
0.077
0.098
0.498
0.786
0.633
0.632
0.373
0.698
0.389
0.382
0.866
0.476
0.888
0.282
0.531
0.881
0.322
0.708
0.725
0.554
0.998
0.398
0.55
0.378
0.678
0.906
0.106
0.008
0.613
0.411
0.374
0.669
0.2
0.367
0.278
0.829
0.776
0.971
0.172
0.114
0.141
0.378
0.068
0.133
0.4
0.444
0.222
0.479
0.407
0.008
0.933
0.043
0.441
0.106
0.214
0.584
0.98
0.768
0.06
0.049
0.378
0.204
0.075
0.835
0.522
0.81
0.055
0.757
0.92
0.899
0.731
0.023
0.538
0.299
0.642
0.235
0.956
0.834
0.202
0.66
0.016
0.793
0.078
0.084
0.107
0.534
0.732
0.674
0.653
0.774
0.197
0.902
0.459
0.006
0.743
0.823
0.808
0
0.238
0.096
0.995
0.953
0.401
0.015
0.005
0.152
0.624
0.982
0.443
0.331
0.203
0.816
0.767
0.381
0.668
0.331
0.081
0.621
0.338
0.247
0.684
0.12
0.294
0.939
0.013
0.683
0.735
0.493
0.271
0.564
0.937
0.792
0.118
0.986
0.075
0.36
0.389
0.73
0.531
0.351
0.579
0.257
0.434
0.337
0.044
0.144
0.817
0.726
0.614
0.618
0.182
0.126
0.151
0.266
0.089
0.46
0.537
0.946
0.633
0.216
0.93
0.572
0.436
0.861
0.507
0.685
0.657
0.675
0.315
0.15
0.827
0.729
0.274
0.812
0.19
0.147
0.789
0.05
0.298
0.499
0.167
0.919
0.28
0.452
0.639
0.825
0.26
0.63
0.903
0.766
0.47
0.218
0.377
0.448
0.086
0.177
0.225
0.836
0.951
0.037
0.664
0.139
0.646
0.304
0.301
0.862
0.033
0.987
0.57
0.295
0.044
0.736
0.888
0.37
0.975
0.375
0.912
0.869
0.835
0.532
0.706
0.835
