0.618
0.025
0.877
0.732
0.809
0.777
0.8
0.769
0.103
0.08
0.252
0.581
0.44
0.947
0.07
0.926
0.065
0.822
0.983
0.847
0.864
0.483
0.009
0.974
0.98
0.225
0.358
0.574
0.155
0.614
0.914
0.929
0
0.23
0.735
0.718
0.744
0.261
0.218
0.395
0.338
0.003
0.053
0.414
0.524
0.751
0.564
0.676
0.557
0.362
0.004
0.527
0.784
0.555
0.888
0.451
0.332
0.911
0.598
0.511
0.316
0.162
0.338
0.064
0.197
0
0.554
0.648
0.518
0.95
0.095
0.108
0.327
0.053
0.344
0.639
0.069
0.777
0.501
0.83
0.492
0.671
0.282
0.826
0.929
0.705
0.728
0.772
0.184
0.06
0.126
0.393
0.732
0.552
0.91
0.048
0.985
0.466
0.546
0.812
0.513
0.127
0.596
0.352
0.682
0.218
0.285
0.615
0.189
0.104
0.267
0.094
0.39
0.836
0.551
0.06
0.177
0.076
0.693
0.843
0.691
0.202
0.332
0.522
0.462
0.298
0.312
0.469
0.604
0.202
0.303
0.871
0.225
0.989
0.53
0.939
0.673
0.633
0.659
0.379
0.351
0.185
0.846
0.712
0.525
0.231
0.184
0.318
0.008
0.6
0.866
0.13
0.293
0.833
0.834
0.44
0.144
0.932
0.175
0.601
0.059
0.696
0.955
0.174
0.159
0.773
0.882
0.097
0.98
0.246
0.351
0.218
0.641
0.053
0.97
0.122
0.726
0.119
0.428
0.712
0.258
0.861
0.122
0.759
0.267
0.555
0.273
0.193
0.034
0.425
0.388
0.218
0.884
0.264
0.274
0.611
0.167
0.223
0.827
0.894
0.829
0.01
0.577
0.321
0.014
0.6
0.282
0.185
0.814
0.919
0.954
0.014
0.449
0.451
0.958
0.951
0.652
0.852
0.537
0.663
0.393
0.828
0.379
0.361
0.683
0.811
0.244
0.654
0.789
0.128
0.497
0.593
0.985
0.568
0.158
0.461
0.224
0.889
0.112
0.686
0.3
0.484
0.523
0.128
0.185
0.42
0.631
0.835
0.692
0.944
0.763
0.472
0.556
0.962
0.08
0.986
0.38
0.829
0.988
0.761
0.444
0.564
0.498
0.731
0.812
0.891
0.511
0.062
0.331
0.565
0.218
0.878
0.849
0.145
0.527
0.83
0.787
0.987
0.04
0.738
0.158
0.753
0.421
0.415
0.776
0.451
0.544
0.346
0.93
0.908
0.167
0.798
0.505
0.723
0.018
0.423
0.886
0.603
0.827
0.532
0.943
0.098
0.584
0.124
0.294
0.569
0.257
0.308
0.739
0.043
0.838
0.846
0.005
0.45
0.134
0.891
0.912
0.274
0.325
0.675
0.97
0.218
0.903
0.318
0.049
0.505
0.535
0.285
0.072
0.58
0.968
0.468
0.269
0.993
0.672
0.48
0.094
0.927
0.176
0.19
0.221
0
0.642
0.762
0.801
0.662
0.441
0.154
0.473
0.746
0.587
0.53
0.282
0.109
0.133
0.936
0.786
0.666
0.679
0.151
0.442
0.273
0.841
0.703
0.309
0.523
0.287
0.513
0.669
0.611
0.55
0.688
0.209
0.71
0.512
0.479
0.99
0.663
0.807
0.081
0.983
0.918
0.326
0.7
0.921
0.401
0.573
0.702
0.599
0.722
0.596
0.255
0.353
0.321
0.995
0.712
0.479
0.055
0.534
0.651
0.925
0.678
0.606
0.446
0.151
0.105
0.013
0.076
0.739
0.99
0.688
0.256
0.038
0.808
0.279
0.297
0.06
0.928
0.045
0.327
0.458
0.548
0.125
0.148
0.886
0.374
0.304
0.886
0.79
0.741
0.166
0.692
0.964
0.014
0.995
0.202
0.737
0.07
0.7
0.024
0.116
0.617
0.071
0.938
0.704
0.962
0.595
0.179
0.557
0.905
0.156
0.971
0.623
0.059
0.512
0.48
0.486
0.518
0.858
0.616
0.08
0.469
0.938
0.538
0.55
0.416
0.401
0.92
0.318
0.988
0.226
0.985
0.641
0.652
0.545
0.832
0.376
0.879
0.541
0.106
0.68
0.948
0.319
0.803
0.617
0.084
0.749
0.876
0.743
0.816
0.746
0.306
0.185
0.722
0.171
0.208
0.007
0.38
0.197
0.897
0.046
0.875
0.447
0.532
0.604
0.769
0.459
0.609
0.542
0.691
0.804
0.517
0.331
0.216
0.897
0.685
0.696
0.091
0.97
0.289
0.373
0.361
0.881
0.78
0.103
0.336
0.259
0.075
0.25
0.798
0.387
0.9
0.285
0.403
0.448
0.457
0.97
0.131
0.103
0.618
0.238
0.904
0.943
0.681
0.156
0.555
0.836
0.307
0.973
0.59
0.363
0.975
0.372
0.948
0.302
0
0.893
0.08
0.49
0.329
0.917
0.773
0.491
0.698
0.055
0.913
0.89
0.051
0.758
0.055
0.39
0.829
0.965
0.859
0.314
0.091
0.404
0.234
0.787
0.528
0.926
0.79
0.877
0.123
0.381
0.363
0.296
0.773
0.005
0.143
0.284
0.511
0.397
0.265
0.029
0.873
0.059
0.88
0.248
0.14
0.781
0.5
0.817
0.627
0.633
0.763
0.73
0.382
0.445
0.723
0.032
0.019
0.834
0.22
0.08
0.354
0.03
0.45
0.364
0.118
0.668
0.356
0.197
0.711
0.685
0.513
0.359
0.331
0.323
0.334
0.185
0.461
0.557
0.214
0.073
0
0.051
0.437
0.503
0.655
0.154
0.755
0.772
0.026
0.643
0.189
0.255
0.41
0.237
0.787
0.776
0.496
0.347
0.972
0.918
0.151
0.041
0.476
0.749
0.944
0.407
0.702
0.27
0.171
0.505
0.063
0.693
0.9
0.957
0.733
0.413
0.89
0.882
0.781
0.401
0.831
0.475
0.694
0.679
0.206
0.633
0.072
0.136
0.675
0.071
0.281
0.632
0.255
0.24
0.611
0.211
0.108
0.295
0.697
0.176
0.19
0.675
0.948
0.454
0.536
0.552
0.402
0.238
0.181
0.912
0.12
0.168
0.744
0.727
0.778
0.508
0.439
0.537
0.763
0.309
0.668
0.245
0.33
0.297
0.376
0.408
0.135
0.942
0.528
0.524
0.147
0.107
0.627
0.834
0.135
0.632
0.425
0.107
0.7
0.556
0.587
0.079
0.7
0.188
0.348
0.382
0.532
0.83
0.179
0.414
0.714
0.805
0.242
0.886
0.319
0.589
0.196
0.091
0.474
0.822
0.055
0.994
0.067
0.349
0.104
0.29
0.095
0.251
0.963
0.714
0.452
0.031
0.488
0.995
0.671
0.929
0.596
0.206
0.378
0.148
0.116
0.962
0.938
0.273
0.998
0.545
0.589
0.655
0.878
0.118
0.546
0.919
0
0.976
0.84
0.235
0.767
0.547
0.456
0.502
0.74
0.134
0.261
0.632
0.034
0.46
0.875
0.719
0.251
0.907
0.027
0.055
0.424
0.952
0.081
0.78
0.769
0.297
0.997
0.151
0.622
0.968
0.55
0.849
0.396
0.979
0.752
0.632
0.117
0.666
0.765
0.877
0.069
0.498
0.23
0.01
0.025
0.172
0.696
0.803
0.58
0.734
0.4
0.136
0.001
0.621
0.325
0.749
0.629
0.382
0.465
0.317
0.17
0.862
0.062
0.891
0.467
0.562
0.414
0.338
0.393
0.522
0.807
0.429
0.185
0.952
0.15
0.883
0.776
0.326
0.281
0.693
0.742
0.942
0.22
0.859
0.527
0.039
0.9
0.422
0.134
0.598
0.812
0.572
0.995
0.277
0.371
0.379
0.658
0.374
0.73
0.124
0.672
0.262
0.339
0.424
0.798
0.357
0.892
0.401
0.978
0.097
0.079
0.523
0.219
0.639
0.153
0.342
0.492
0.316
0.108
0.772
0.704
0.402
0.143
0.243
0.152
0.974
0.172
0.235
0.919
0.996
0.181
0.853
0.407
0.553
0.746
0.075
0.7
0.903
0.177
0.791
0.293
0.932
0.06
0.504
0.669
0.12
0.432
0.104
0.054
0.952
0.412
0.773
0.996
0.351
0.55
0.292
0.276
0.538
0.889
0.431
0.155
0.316
0.214
0.42
0.57
0.127
0.146
0.179
0.062
0.722
0.823
0.525
0.37
0.554
0
0.151
0.252
0.386
0.072
0.848
0.696
0.143
0.882
0.603
0.524
0.839
0.516
0.913
0.869
0.191
0.161
0.258
0.928
0.447
0.918
0.015
0.852
0.426
0.767
0.408
0.57
0.135
0.733
0.975
0.477
0.567
0.548
0.04
0.55
0.959
0.986
0.717
0.197
