0.494
0.918
0.181
0.184
0.541
0.064
0.928
0.685
0.273
0.55
0.611
0.423
0.61
0.434
0.655
0.437
0.94
0.049
0.46
0.452
0
0.468
0.047
0.01
0.35
0.169
0.275
0.368
0.927
0.182
0.635
0.557
0.941
0.362
0.833
0.165
0.908
0.114
0.668
0.646
0.771
0.141
0.286
0.532
0.855
0.95
0.256
0.537
0.028
0.601
0.614
0.454
0.428
0.855
0.263
0.88
0.522
0.175
0
0.7
0.37
0.848
0
0.342
0.39
0.187
0.302
0.274
0.578
0.18
0.467
0.62
0.528
0.931
0.203
0.925
0.127
0.324
0.384
0.409
0.42
0.823
0.763
0.201
0.558
0.614
0.07
0.862
0.007
0.995
0.209
0.366
0.904
0.823
0.699
0.236
0.572
0.178
0.256
0.641
0.329
0.964
0.653
0.577
0.596
0.269
0.734
0.925
0.105
0.034
0.476
0.881
0.012
0.386
0.141
0.882
0.476
0.713
0.951
0.543
0.234
0.634
0.845
0.099
0.979
0.243
0.229
0.251
0.614
0.173
0.36
0.265
0.344
0.692
0.199
0.521
0.312
0.918
0.07
0.16
0.458
0.632
0.273
0.442
0.379
0.173
0.818
0.514
0.278
0.19
0.038
0.008
0.395
0.264
0.994
0.142
0.569
0.933
0.601
0.956
0.032
0.051
0.032
0.176
0.755
0.639
0.855
0.569
0.758
0.118
0.015
0.052
0.865
0.524
0.87
0.072
0.229
0.459
0.214
0.917
0.416
0.517
0.83
0.467
0.916
0.985
0.539
0.083
0.657
0.7
0.166
0.087
0.983
0.176
0.226
0.21
0.777
0.312
0.768
0.723
0.079
0.612
0.431
0.689
0.357
0.537
0
0.982
0.617
0.548
0.646
0.859
0.494
0.605
0.37
0.604
0.246
0.612
0.502
0.483
0.578
0.413
0.58
0.331
0.592
0.265
0.252
0.147
0.929
0.066
0.27
0.4
0.4
0.344
0.258
0.598
0.383
0.037
0.151
0.773
0.956
0.605
0.429
0.107
0.027
0.669
0.349
0.787
0.117
0.896
0.138
0.748
0.093
0.794
0.947
0.574
0.973
0.816
0.779
0.325
0.006
0.737
0.058
0.412
0.85
0.78
0.601
0.211
0.829
0.887
0.888
0.114
0.612
0.438
0.493
0.732
0.802
0.29
0.901
0.408
0.46
0.268
0.441
0.854
0.294
0.833
0.093
0.119
0.78
0.142
0.716
0.139
0.372
0.053
0.785
0.882
0.168
0.874
0.261
0.63
0.633
0.062
0.128
0.077
0.391
0.064
0.891
0.294
0.643
0.438
0.051
0.341
0.204
0.83
0.343
0.606
0.161
0.34
0.005
0.585
0.566
0.501
0
0.489
0.195
0.66
0.718
0.074
0.946
0.283
0.139
0.661
0.744
0.451
0.121
0.774
0.878
0.022
0.056
0.193
0.787
0.275
0.026
0.974
0.85
0.119
0.705
0.131
0.556
0.083
0.057
0.598
0.398
0.877
0.346
0.729
0.912
0.709
0.84
0.553
0.984
0.806
0.541
0.513
0.703
0.213
0.257
0.695
0.302
0.009
0.18
0.343
0.433
0.509
0.655
0.501
0.754
0.016
0.28
0.932
0.872
0.414
0.654
0.413
0.163
0.753
0.326
0.023
0.229
0.726
0.692
0.437
0.549
0.09
0.896
0.255
0.354
0.389
0.54
0.598
0.66
0.28
0.394
0.84
0.095
0.237
0.223
0.081
0.044
0.068
0.012
0.003
0.092
0.412
0.257
0.99
0.446
0.911
0.253
0.541
0.894
0.049
0.788
0.962
0.653
0.757
0.726
0.337
0.498
0.11
0.815
0.185
0.1
0.939
0.765
0.083
0.589
0.165
0.691
0.069
0.733
0.108
0.138
0.614
0.521
0.939
0.395
0.59
0.405
0.388
0.02
0.327
0.239
0.81
0.039
0.886
0.098
0.593
0.008
0.197
0.835
0.94
0.879
0.611
0.892
0.296
0.859
0.405
0.912
0.647
0.522
0.808
0.743
0.724
0.633
0.323
0.564
0.543
0
0.117
0.555
0.694
0.032
0.868
0.212
0.63
0.947
0.547
0.931
0.907
0.691
0.575
0.272
0.713
0.135
0.654
0.822
0.989
0.559
0.228
0.127
0.855
0.626
0.605
0.791
0.01
0.451
0.181
0.479
0.67
0.681
0.021
0.548
0.632
0.645
0.841
0.55
0.512
0.057
0.555
0.982
0.028
0.194
0.422
0.323
0.735
0.602
0.159
0.642
0.242
0.268
0.838
0.87
0.833
0.063
0.101
0.151
0.421
0.451
0.97
0.763
0.453
0.99
0.586
0.494
0.079
0.064
0.905
0.365
0.816
0.832
0.843
0.468
0.857
0.128
0.823
0.6
0.353
0.894
0.568
0.824
0
0.56
0.949
0.967
0.433
0.514
0.903
0.44
0.08
0.574
0.373
0.161
0.381
0.789
0.231
0.24
0.849
0.675
0.542
0.577
0.444
0.774
0.079
0.261
0.448
0.162
0.269
0.573
0.609
0.337
0.167
0.278
0.348
0.353
0.285
0.3
0.19
0.671
0.131
0.272
0.352
0.255
0.879
0.653
0.435
0.593
0.785
0.887
0.199
0.726
0.169
0.002
0.951
0.998
0.189
0.501
0.688
0.935
0.904
0.526
0.417
0.897
0.425
0.325
0.992
0.048
0.675
0.732
0.52
0.893
0
0.479
0.665
0.253
0.06
0.643
0.725
0.119
0.225
0.011
0.459
0.148
0.807
0.344
0.455
0.116
0.492
0.101
0.588
0.782
0.924
0.388
0.72
0.381
0.482
0.854
0.072
0.938
0.34
0.045
0.889
0.619
0.969
0.425
0.149
0.242
0.945
0.734
0.797
0.437
0.378
0.685
0.357
0.777
0.789
0.818
0.115
0.463
0.376
0.489
0.364
0.332
0.882
0.394
0.095
0.803
0.691
0.313
0.061
0.888
0.26
0.23
0.116
0.979
0.665
0.975
0.901
0.833
0.727
0.229
0.576
0.762
0.738
0.123
0.9
0.049
0.884
0.986
0.522
0.843
0.52
0.556
0.578
0.472
0.676
0.202
0.914
0.808
0.321
0.248
0.471
0.781
0.328
0.27
0.54
0.075
0.153
0.326
0.415
0.556
0.57
0.859
0.866
0.482
0.243
0.161
0.851
0.642
0.319
0.082
0.208
0.757
0.538
0.885
0.438
0.606
0.619
0.274
0.962
0.25
0.46
0.572
0.677
0.4
0.193
0.302
0.522
0.24
0.934
0.191
0.438
0.23
0.448
0.147
0.251
0.43
0.501
0.563
0.001
0.406
0.58
0.481
0.21
0.809
0.244
0.573
0.598
0.415
0.916
0.8
0.072
0.497
0.694
0.087
0.113
0.076
0.687
0.299
0.303
0.812
0.076
0.99
0.311
0.165
0.514
0.875
0.912
0.239
0.012
0.943
0.617
0.686
0.797
0.277
0.257
0.729
0.068
0.112
0.815
0.784
0.834
0.772
0.913
0.39
0.09
0.994
0.78
0.823
0.592
0.965
0.482
0.434
0.058
0.168
0.479
0.329
0.729
0.043
0.885
0.285
0.983
0.133
0.536
0.557
0.31
0.66
0.285
0.831
0.052
0.958
0.255
0.33
0.461
0.665
0.493
0.6
0.184
0.856
0.606
0.556
0.421
0.237
0.439
0.121
0.309
0.685
0.677
0.202
0.661
0.551
0.12
0.368
0.008
0.947
0.244
0.417
0.702
0.366
0.972
0.522
0.424
0.515
0.528
0.462
0.864
0.378
0.863
0.438
0.09
0.656
0.142
0.302
0.225
0.314
0.799
0.133
0.111
0.456
0.506
0.613
0.898
0.71
0.131
0.145
0.724
0.722
0.139
0.474
0.718
0.722
0.819
0.272
0.317
0.318
0.45
0.49
0.303
0.728
0.767
0.961
0.027
0.733
0.469
0.111
0.839
0.92
0.234
0.284
0.22
0.159
0.924
0.57
0.817
0.342
0.551
0
0.649
0.716
0.761
0.852
0.282
0.487
0.501
0.248
0.851
0.301
0.526
0.972
0.148
0.906
0.445
0.222
0.646
0.662
0.776
0.987
0.8
0.321
0.603
0.455
0.123
0.473
0.714
0.693
0.113
0.239
0.631
0.639
0.462
0.882
0.588
0.571
0.766
0.198
0.941
0.183
0.639
0.045
0.343
0.49
0.139
0.791
0.022
0.293
0.419
0.158
0.487
0.752
0.34
0.196
0.745
0.198
0.259
0.037
0.044
0.992
0.305
0.974
0.586
0.987
0.796
0.348
0.401
0.897
0.784
0.54
0.048
0.48
0.948
