0.993
0.967
0.116
0.772
0.222
0.142
0.316
0.539
0.901
0.431
0.346
0.23
0.307
0.866
0.068
0.267
0.419
0.191
0.353
0.885
0.881
0.586
0.295
0.093
0.214
0.282
0.112
0.051
0.506
0.302
0.26
0.826
0.209
0.28
0.188
0.154
0.036
0.04
0.988
0.471
0
0.78
0.765
0.947
0.239
0.139
0.533
0.831
0.716
0.384
0.866
0.684
0.715
0.131
0.679
0.27
0.524
0.219
0.144
0.769
0.805
0.889
0.221
0.594
0.457
0.87
0.436
0.096
0.27
0.615
0.619
0.07
0.866
0.011
0.374
0.806
0.091
0.428
0.809
0.366
0.305
0.593
0.559
0.894
0.053
0.791
0.98
0.604
0.572
0.633
0.807
0.896
0.726
0.151
0.114
0.621
0.163
0.755
0.17
0.791
0.487
0.655
0.874
0.244
0.59
0.688
0.911
0.457
0.035
0.431
0.16
0.479
0.633
0.432
0.02
0.705
0.812
0.471
0.001
0.214
0.622
0.179
0.767
0.885
0.2
0.332
0.789
0.533
0.85
0.294
0.319
0.277
0.484
0.371
0.04
0.64
0.809
0.909
0.136
0.466
0.437
0.472
0.947
0.677
0.89
0.49
0.785
0.475
0.774
0.666
0.535
0.341
0.145
0.695
0.812
0.953
0.465
0.962
0.433
0.321
0.957
0.469
0.972
0.959
0.574
0.792
0.567
0.103
0.659
0.486
0.103
0.111
0.799
0.279
0.153
0.58
0.04
0.798
0.831
0.049
0.207
0.737
0.624
0.46
0.41
0.013
0.225
0.281
0.121
0.797
0.267
0.005
0.22
0.807
0.569
0.399
0.068
0.789
0.545
0.023
0.26
0.587
0.572
0.169
0.485
0.726
0.17
0.084
0.678
0.541
0.986
0.605
0.088
0.954
0.095
0.35
0.288
0.96
0.585
0.305
0.955
0.004
0.56
0.764
0.358
0.358
0.696
0.302
0.933
0.823
0.577
0.003
0.91
0.824
0.721
0.373
0.134
0.098
0.383
0.616
0.257
0.003
0.067
0.152
0.36
0.67
0.276
0.733
0.42
0.446
0.845
0.852
0.526
0.163
0.42
0.454
0.229
0.366
0.564
0.264
0.965
0.844
0.335
0.647
0.167
0.63
0.733
0.47
0.624
0.325
0.887
0.787
0.728
0.176
0.729
0.009
0.746
0.374
0.773
0.343
0.64
0.021
0.946
0.636
0.914
0.626
0.962
0.398
0.301
0.729
0.067
0.527
0.071
0.909
0.315
0.272
0.822
0.233
0.941
0.974
0.457
0.951
0.959
0.026
0.642
0.981
0.857
0.183
0.14
0.595
0.274
0.819
0.07
0.317
0.945
0.266
0.602
0.984
0.716
0.385
0.026
0.978
0.541
0.182
0.517
0.378
0.807
0.515
0.316
0.957
0.428
0.012
0.676
0.615
0.45
0.613
0.081
0.067
0.299
0.374
0.517
0.764
0.876
0.029
0.758
0.687
0.591
0.756
0.941
0.076
0.929
0.974
0.312
0.666
0.269
0.273
0.659
0.932
0.432
0.688
0.284
0.276
0.174
0.312
0.609
0.912
0.584
0.493
0.692
0.013
0.662
0.881
0.475
0.019
0.675
0.065
0.62
0.965
0.203
0.099
0.175
0.131
0.668
0.974
0.856
0.852
0.784
0.872
0.69
0.133
0.75
0.151
0.932
0.813
0.817
0.285
0.326
0.262
0.406
0.838
0.516
0.148
0.637
0.73
0.485
0.664
0.574
0.142
0.151
0.511
0.918
0.567
0.918
0.075
0.027
0.942
0.964
0.524
0.517
0.831
0.283
0.608
0.181
0.472
0.311
0.637
0.976
0.328
0.698
0.263
0.806
0.953
0.601
0.081
0.842
0.348
0.434
0.348
0.101
0.273
0.496
0.626
0.156
0.002
0.461
0
0.776
0.708
0.938
0.607
0.202
0.677
0.556
0.138
0.93
0.728
0.729
0.172
0.156
0.097
0.955
0.939
0
0.015
0.281
0.993
0.087
0.754
0.345
0.636
0.556
0.678
0.25
0.937
0.767
0.185
0.146
0.596
0.986
0.17
0.059
0.709
0.679
0.852
0.99
0.643
0.751
0.614
0.107
0.155
0.814
0.325
0.208
0.506
0.325
0.529
0.731
0.57
0.44
0.857
0.768
0.395
0.788
0.436
0.697
0.048
0.22
0.553
0.431
0.983
0.355
0.312
0.679
0.167
0.367
0.72
0.404
0.564
0.578
0.638
0.034
0.412
0.147
0.015
0.419
0.452
0.289
0.177
0.215
0.72
0.121
0.166
0.678
0.464
0.352
0.898
0.487
0.645
0.754
0.45
0.093
0.274
0.228
0.906
0.82
0.617
0.609
0.648
0.616
0.111
0.109
0.882
0.519
0.615
0.184
0.176
0.876
0.058
0.416
0.022
0.681
0.241
0.806
0.239
0.659
0.539
0.677
0.419
0.754
0.523
0.673
0.412
0.448
0.458
0.335
0.748
0.274
0.167
0.904
0.215
0.993
0.333
0.385
0.438
0.645
0.347
0.592
0.933
0.556
0.255
0.418
0.172
0.315
0.287
0.893
0.52
0.466
0.337
0.179
0.643
0.567
0.741
0.308
0.637
0.889
0.484
0.756
0.813
0.634
0.507
0.697
0.138
0.498
0.436
0.85
0.916
0.824
0.749
0.408
0.982
0.58
0.565
0.451
0.141
0.551
0.947
0.337
0.966
0.428
0.818
0.26
0.837
0.413
0
0.035
0.604
0.673
0.857
0.183
0.633
0.964
0.716
0.839
0.433
0.811
0.404
0.987
0.82
0.369
0.039
0.153
0.484
0.955
0.06
0.542
0.081
0.232
0.07
0.003
0.598
0.651
0.656
0.771
0.256
0.611
0.039
0.548
0.002
0.608
0.218
0.71
0.718
0.4
0.902
0.016
0
0.954
0.102
0.064
0.567
0.228
0.933
0.521
0.57
0.192
0.2
0.925
0.847
0.948
0.579
0.896
0.824
0.657
0.614
0.862
0.307
0.527
0.247
0.233
0.725
0
0.322
0.781
0.731
0.125
0.675
0.501
0.789
0.351
0.566
0.253
0.506
0.378
0.097
0.519
0.792
0.599
0.391
0.648
0.17
0.028
0.844
0.898
0.615
0.635
0.277
0.375
0.767
0.29
0.464
0.7
0.786
0.511
0.288
0.85
0.796
0.987
0.3
0.408
0.261
0.859
0.788
0.428
0.798
0.226
0.471
0.778
0.842
0.633
0.879
0.994
0.282
0.44
0.846
0.892
0.889
0.612
0.954
0.96
0.385
0.58
0.081
0.987
0.803
0.209
0.971
0.152
0.571
0.902
0.44
0.95
0.596
0.918
0.458
0.35
0.787
0.927
0.233
0.321
0.524
0.26
0.737
0.183
0.696
0.022
0.746
0.449
0.517
0.127
0.007
0.271
0.342
0.247
0.143
0.914
0.979
0.868
0.839
0.354
0.402
0.578
0.14
0.141
0.954
0.686
0.048
0.575
0.422
0.767
0.196
0.267
0
0.446
0.12
0.687
0.459
0.1
0.749
0.009
0.018
0.521
0.869
0.796
0.418
0.086
0.811
0.631
0.862
0.302
0.31
0.549
0.21
0.513
0.64
0.575
0.79
0.138
0.463
0.877
0.806
0.787
0.021
0.181
0.371
0.481
0.648
0.438
0.935
0.848
0.509
0.457
0.732
0.4
0.009
0.648
0.973
0.262
0.588
0.105
0.941
0.583
0.145
0.363
0.111
0.783
0.628
0.697
0.338
0.701
0.14
0.732
0.79
0.26
0.501
0.605
0.242
0.033
0.203
0.991
0.995
0.863
0.806
0.514
0.061
0.232
0.193
0.683
0.609
0.007
0.187
0.57
0.635
0.583
0.33
0.042
0.213
0.999
0.045
0.472
0.291
0.693
0.818
0.468
0.817
0.952
0.344
0.804
0.508
0.401
0.57
0.789
0.896
0.506
0.735
0.215
0.198
0.185
0.28
0.139
0.188
0.912
0.799
0.566
0.82
0
0.775
0.247
0.971
0.42
0.331
0.265
0.399
0.222
0.988
0.536
0.187
0.017
0.028
0.875
0.479
0.106
0.112
0.133
0.794
0.667
0.493
0.451
0.909
0.182
0.976
0.285
0.548
0.633
0.396
0.783
0.693
0.37
0.671
0.45
0.968
0.028
0.476
0.654
0.719
0.065
0.08
0.379
0.588
0.404
0.639
0.734
0.824
0.863
0.164
0.086
0.614
0.285
0.564
0.017
0.376
0.605
0.386
0.817
0.258
0.477
0.847
0.654
0.033
0.291
0.553
0.334
0.398
0.74
0.872
0.103
0.057
0.209
0.576
0.186
0.542
