0.743
0.412
0.676
0.239
0.566
0.533
0.647
0.605
0.955
0.289
0.815
0.8
0.597
0.283
0.39
0.926
0.165
0.048
0.964
0.261
0.935
0.389
0.916
0.801
0.62
0.103
0.514
0.868
0.357
0.632
0.165
0.576
0.754
0.254
0.432
0.125
0.236
0.569
0.922
0
0.301
0.951
0.311
0.355
0.89
0.854
0.563
0.075
0.776
0.965
0.975
0.087
0.999
0.972
0.528
0.807
0.875
0.159
0.341
0
0.696
0.571
0.619
0.834
0.738
0.435
0.494
0.336
0.1
0.935
0.908
0.366
0.536
0.001
0.536
0.721
0.007
0.543
0.044
0.35
0.563
0.547
0.71
0.016
0.028
0.859
0.275
0.166
0.459
0.601
0.936
0.459
0.347
0.085
0.197
0.969
0.249
0.057
0.608
0.262
0.652
0.871
0.714
0.098
0.579
0.861
0.788
0.659
0.815
0.874
0.734
0.04
0.176
0.175
0.427
0.756
0.336
0.606
0.936
0.953
0.525
0.375
0.531
0.672
0.055
0.526
0.2
0.883
0.694
0.131
0.611
0.109
0.297
0.708
0.918
0.257
0.076
0.668
0.877
0.703
0.942
0.664
0.262
0.358
0.672
0.137
0.901
0.981
0.464
0.566
0.283
0.379
0.976
0.601
0.745
0.881
0.512
0.122
0.62
0.594
0.114
0.121
0.578
0.155
0.282
0.638
0.326
0.735
0.576
0.499
0.806
0.33
0.361
0.755
0.587
0.408
0.727
0.038
0.569
0.401
0.114
0.219
0.032
0.886
0.326
0.272
0.837
0.328
0.102
0.123
0.618
0.767
0.534
0.392
0.48
0.883
0.14
0.739
0.564
0.734
0.951
0.948
0.232
0.198
0.71
0.552
0.451
0.789
0.873
0.789
0.174
0.905
0.489
0.866
0.733
0.119
0.15
0.638
0.605
0.559
0.509
0.553
0.139
0.813
0.436
0.329
0.548
0.283
0.244
0.394
0.211
0.189
0.279
0.999
0.173
0.431
0.985
0.708
0.785
0.862
0.801
0.036
0.733
0.161
0.995
0.755
0.134
0.573
0.92
0.173
0.705
0.264
0.605
0.305
0.893
0.718
0.567
0.781
0.719
0.287
0.386
0.022
0.282
0.003
0.27
0.07
0.849
0.843
0.087
0.456
0.686
0.564
0.286
0.752
0.685
0.231
0.052
0.221
0.396
0.965
0.228
0.684
0.542
0.739
0.296
0.517
0.13
0.898
0.354
0.958
0.556
0.12
0.263
0.408
0.421
0.291
0.143
0.541
0.588
0.295
0.38
0.667
0.54
0.181
0.32
0.014
0.203
0.768
0.676
0.518
0.913
0.825
0.835
0.202
0.791
0.621
0.063
0.422
0.709
0.847
0.878
0.099
0.043
0.33
0.401
0.075
0.454
0.454
0.76
0.125
0.549
0.433
0.635
0.891
0.02
0.377
0.632
0.805
0.981
0.249
0.074
0.396
0.32
0.184
0.481
0.747
0.101
0.372
0.776
0.043
0.84
0.456
0.419
0.914
0.157
0.094
0.194
0.076
0.032
0.955
0.842
0.318
0.32
0.949
0.556
0.381
0.765
0.784
0.217
0.327
0.144
0.244
0.9
0.319
0.331
0.116
0.469
0.617
0.569
0.913
0.908
0.318
0.523
0.501
0.113
0.573
0.697
0.504
0.637
0.422
0.521
0.23
0.632
0.425
0.649
0.639
0.477
0.696
0.118
0.903
0.916
0.004
0.015
0.426
0.217
0.307
0.196
0.756
0.667
0.493
0.505
0.805
0.285
0.437
0.548
0.405
0.902
0.87
0.946
0.849
0.175
0.175
0.202
0.327
0.486
0.661
0.749
0.74
0.859
0.792
0.133
0.05
0.771
0.236
0.878
0.486
0.772
0.067
0.134
0.714
0.976
0.31
0.91
0.713
0.448
0.847
0.336
0.483
0.525
0.338
0.115
0.386
0.898
0.139
0.455
0.094
0.927
0.993
0.007
0.735
0.432
0.173
0.354
0.302
0.32
0.419
0.894
0.175
0.949
0.889
0.981
0.085
0.117
0.546
0.971
0.402
0.942
0.647
0.095
0.567
0.677
0.724
0.11
0.803
0.682
0.956
0.803
0.381
0.389
0.378
0.711
0.834
0.091
0.631
0.917
0.977
0.566
0.402
0.376
0.276
0.166
0.044
0.14
0.788
0.196
0.13
0.734
0.681
0.029
0.185
0.379
0.91
0.74
0.448
0.243
0.228
0.246
0.579
0.541
0.277
0.086
0.039
0.846
0.035
0.204
0.056
0.791
0.449
0.469
0.36
0.68
0.808
0.291
0.147
0.697
0.616
0.827
0.363
0.844
0.879
0.553
0.734
0.036
0.018
0.098
0.737
0.588
0.188
0.489
0.096
0.496
0.993
0.745
0.334
0.053
0.21
0.539
0.273
0.583
0.856
0.9
0.954
0.688
0.898
0.854
0.191
0.418
0.785
0.595
0.808
0.225
0.719
0.676
0.836
0.046
0.937
0.738
0.015
0.399
0.675
0.916
0.442
0.625
0.375
0.339
0.351
0.713
0.624
0.556
0.514
0.997
0.891
0.139
0.046
0.6
0.903
0.349
0.302
0.105
0.233
0.269
0.198
0.64
0.127
0.987
0.318
0.406
0.188
0.289
0.989
0.199
0.704
0.417
0.812
0.996
0.576
0.236
0.161
0.043
0.729
0.439
0.372
0.656
0.976
0.85
0.343
0.932
0.522
0.317
0.964
0.28
0.184
0.421
0.825
0.806
0.198
0.762
0.802
0.222
0.787
0.062
0.904
0.348
0.477
0.837
0.429
0.637
0.645
0.262
0.913
0.586
0.15
0.254
0.531
0.872
0.51
0.211
0.289
0.613
0.934
0.554
0.59
0.23
0.928
0.811
0.888
0.706
0.418
0.842
0.336
0.936
0.707
0.8
0.726
0.256
0.662
0.715
0.378
0.186
0.004
0.48
0.203
0.316
0.332
0.649
0.163
0.221
0.204
0.865
0.397
0.813
0.848
0.41
0.026
0.043
0.753
0
0.065
0.009
0.998
0.873
0.134
0.737
0.053
0.606
0.851
0.569
0.45
0.742
0.776
0.535
0.717
0.588
0.419
0.166
0.587
0.145
0.229
0.165
0.178
0.046
0.917
0.162
0.05
0.537
0.776
0.367
0.041
0.862
0.887
0.255
0.273
0.349
0.743
0.283
0.32
0.898
0.621
0.345
0.256
0.465
0.26
0.406
0.084
0.961
0.343
0.432
0.047
0.407
0.35
0.092
0.183
0.78
0.739
0.755
0.252
0.533
0.377
0.28
0.972
0.186
0.888
0.748
0.404
0.075
0.013
0.683
0.351
0.724
0.498
0.123
0.98
0.816
0.206
0.581
0.383
0.026
0.365
0.326
0.105
0.526
0.864
0.217
0.149
0.844
0.137
0.276
0.429
0.375
0.317
0.546
0.494
0.637
0.162
0.291
0.375
0.795
0.608
0.111
0.656
0.067
0.486
0.221
0.783
0.866
0.312
0.761
0.221
0.421
0.647
0.042
0.642
0.906
0.271
0.06
0.053
0.231
0.216
0.264
0.289
0.907
0.952
0.161
0.543
0.904
0.169
0.93
0.556
0.966
0.273
0.303
0.079
0.032
0.035
0.41
0.732
0.247
0.263
0.935
0.833
0.726
0.95
0.709
0.914
0
0.859
0.601
0.375
0.527
0.859
0.48
0.177
0.66
0.703
0.867
0.663
0.821
0.995
0.765
0.802
0.583
0.267
0.126
0.695
0.149
0.931
0.606
0.073
0.63
0.032
0.516
0.721
0.144
0.001
0.874
0.961
0.737
0.581
0.476
0.846
0.215
0.076
0.6
0.53
0.54
0.149
0.955
0.563
0.845
0.416
0.016
0.418
0.793
0.932
0.486
0.135
0.184
0.875
0.39
0.678
0.293
0.578
0.136
0.919
0.147
0.905
0.498
0.8
0.145
0.349
0.782
0.008
0.52
0.666
0.431
0.528
0.091
0.933
0.932
0.008
0.278
0.264
0.971
0.621
0.87
0.019
0.804
0.19
0.484
0.022
0.504
0.897
0.102
0.397
0.243
0.256
0.725
0.2
0.476
0.788
0.934
0.384
0.719
0.663
0
0.116
0.17
0.861
0.173
0.011
0.784
0.175
0.058
0.741
0.567
0.26
0.171
0.702
0.954
0.463
0.73
0.571
0.707
0.78
0.986
0.242
0.901
0.703
0.585
0.144
0.831
0.451
0.837
0.442
0.833
0.284
0.91
0.886
0.871
0.724
0.627
0.177
0.382
0.78
0.622
0.44
0.684
0.697
0.156
0.711
0.662
0.225
0.885
0.012
0.012
0.776
0.66
0.47
0.382
0.458
