0.084
0.842
0.371
0.018
0.519
0.104
0.564
0.798
0.301
0.416
0.072
0.547
0.026
0.861
0.383
0.31
0.542
0.896
0.765
0.588
0.532
0.162
0.801
0.409
0.59
0.274
0.502
0.935
0.777
0.012
0.828
0.071
0.258
0.944
0.549
0.045
0.634
0.31
0.427
0.251
0.697
0.72
0.895
0.939
0.043
0.518
0.539
0.6
0.032
0.965
0.629
0.158
0.058
0.703
0.451
0.448
0.011
0.695
0.35
0.136
0.29
0.458
0.334
0.204
0.195
0.734
0.838
0.914
0.754
0.921
0.722
0.292
0.482
0.053
0.891
0.703
0.698
0.254
0.242
0.155
0.422
0.729
0.619
0.757
0.633
0.769
0.286
0.627
0.594
0.146
0.969
0.495
0.126
0.824
0.228
0.333
0.917
0.123
0.683
0.556
0.812
0.316
0.875
0.508
0.077
0.665
0.232
0.691
0.496
0.279
0.47
0.124
0.404
0.787
0.715
0.011
0.041
0.928
0.542
0.223
0.745
0.227
0.933
0.368
0.556
0.656
0.264
0
0.202
0.367
0.775
0.743
0.596
0.657
0.23
0.418
0.311
0.355
0.789
0.762
0.499
0.348
0.342
0.661
0.439
0.111
0.116
0.353
0.526
0.092
0.202
0.939
0.442
0.433
0.433
0.861
0.313
0.013
0.489
0.049
0.09
0.75
0.908
0.021
0.21
0.377
0.222
0.21
0.154
0.53
0.061
0.465
0.326
0.287
0.218
0.817
0.636
0.094
0.45
0.349
0.86
0.851
0.411
0.856
0.945
0.21
0.427
0.111
0.993
0.735
0.313
0.402
0.799
0.919
0.553
0.518
0.781
0.863
0.036
0.101
0.214
0.998
0.026
0.633
0.036
0.715
0.92
0.18
0.75
0.988
0.555
0.447
0.962
0.507
0.452
0.364
0.464
0.137
0.146
0.737
0.147
0.227
0.317
0.472
0.538
0.263
0.515
0.013
0.099
0.882
0.208
0.446
0.307
0.034
0.987
0.794
0.355
0.195
0.669
0.965
0.647
0.832
0.14
0.048
0.205
0.624
0.778
0.89
0.397
0.508
0.228
0.175
0.958
0.312
0.006
0.417
0.041
0.587
0.988
0.536
0.774
0.73
0.231
0.26
0.564
0.839
0.972
0.121
0.953
0.622
0.902
0.263
0.84
0.242
0.049
0.594
0.495
0.643
0.523
0.816
0.831
0.845
0.555
0.222
0.135
0.435
0.479
0.887
0.285
0.025
0.223
0.088
0.418
0.348
0.392
0.4
0.1
0.646
0.612
0.332
0.558
0.453
0.413
0.172
0.98
0.529
0.127
0.965
0.099
0.563
0.898
0.907
0.863
0.611
0.705
0.849
0.91
0.721
0.826
0.894
0.653
0.675
0.321
0.835
0.044
0.66
0.197
0.983
0.384
0.595
0.272
0.711
0.368
0.976
0.018
0.331
0.388
0.273
0.276
0.778
0.041
0.291
0.215
0.45
0.023
0.606
0.297
0.653
0.106
0.863
0.287
0.461
0.571
0.146
0.856
0.811
0.64
0.657
0.924
0.571
0.424
0.777
0.998
0.968
0.367
0.933
0.671
0.543
0.742
0.133
0.863
0.673
0.54
0.966
0.266
0.111
0.124
0.727
0.306
0.86
0.328
0.038
0.662
0.544
0.811
0.987
0.783
0.794
0.724
0.653
0.728
0.835
0.43
0.171
0.12
0.652
0.99
0.013
0.817
0.07
0.295
0.146
0.008
0.631
0.347
0.932
0.076
0.124
0.243
0.263
0.319
0.468
0.201
0.605
0.864
0.921
0.605
0.711
0.095
0.212
0.886
0.28
0.295
0.45
0.002
0.645
0.555
0.349
0.401
0.015
0.134
0.62
0.794
0.142
0.647
0.997
0.421
0.055
0.237
0.173
0.006
0.109
0.808
0.786
0.919
0.629
0.675
0.187
0.743
0.481
0.611
0.148
0.434
0.067
0.358
0.358
0.136
0.627
0.807
0.31
0.777
0.725
0.902
0.208
0.733
0.85
0.148
0.376
0.126
0.224
0.914
0.195
0.148
0.328
0.868
0.284
0.558
0.364
0.269
0.313
0.81
0.446
0.674
0.049
0.811
0.269
0.271
0.399
0.907
0.966
0.695
0.086
0.475
0.739
0.499
0.159
0.467
0.148
0.528
0.134
0.169
0
0.473
0.668
0.796
0.477
0.189
0.942
0.157
0.801
0.237
0.241
0.612
0.64
0.845
0.511
0.971
0.291
0.556
0.217
0.973
0.963
0.6
0.851
0.68
0.233
0.046
0.429
0.313
0.931
0.064
0.975
0.429
0.794
0.55
0.862
0.059
0.999
0.33
0.805
0.887
0.681
0.058
0.254
0.26
0.283
0.662
0.724
0.522
0.372
0.513
0.333
0.245
0.904
0.642
0.581
0.185
0.578
0.054
0.221
0.324
0.426
0.177
0.65
0.795
0.16
0.258
0.038
0.781
0.237
0.138
0.433
0.484
0.712
0.779
0.834
0.808
0.246
0.143
0.292
0.816
0.239
0.995
0.86
0.496
0.802
0.808
0.178
0.817
0.641
0.681
0.306
0.238
0.491
0.06
0.351
0.551
0.728
0.34
0.389
0.288
0.07
0.974
0.802
0.132
0.926
0.101
0.616
0.173
0.819
0.563
0.837
0.747
0.525
0.724
0.611
0.256
0.301
0.936
0.502
0.801
0.841
0.198
0.57
0.444
0.021
0.153
0.294
0.115
0.312
0.973
0.646
0.225
0.864
0.495
0.351
0.16
0.371
0.209
0.534
0.722
0.33
0.615
0.377
0.45
0.748
0.4
0.445
0.283
0.638
0.263
0.208
0.619
0.736
0.452
0.607
0.347
0.676
0.543
0.03
0.013
0.297
0.094
0.684
0.761
0.752
0.303
0.823
0.436
0.643
0.002
0.862
0.982
0.752
0.991
0.772
0.746
0.156
0.608
0.353
0.714
0.597
0.589
0.011
0.531
0.369
0.108
0.474
0.833
0.576
0.327
0.015
0.05
0.116
0.595
0.623
0.786
0.826
0.335
0.321
0.88
0.803
0.78
0.109
0.204
0.461
0.965
0.873
0.857
0.728
0.946
0.29
0.082
0.73
0.004
0.511
0.109
0.758
0.811
0.906
0.58
0.812
0.742
0.564
0.651
0.915
0.058
0.34
0.527
0.696
0.807
0.752
0.633
0.172
0.69
0.483
0.759
0.725
0.771
0.064
0.358
0.684
0.107
0.771
0.465
0.004
0.728
0.677
0.464
0.403
0.237
0.688
0.609
0.488
0.362
0.398
0.419
0.572
0.805
0.982
0.973
0.737
0.646
0.509
0.871
0.114
0.892
0.529
0.383
0.454
0.693
0.859
0.69
0.854
0.664
0.819
0.239
0.54
0.953
0.258
0.134
0.088
0.932
0.811
0.577
0.938
0.711
0.603
0.435
0.128
0.767
0.953
0.692
0.985
0.67
0.192
0.386
0.234
0.051
0.033
0.913
0.701
0.252
0.136
0.57
0.599
0.729
0.936
0.295
0.862
0.452
0.559
0.832
0.1
0.253
0.729
0.926
0.964
0.218
0.982
0.52
0.641
0.643
0.836
0.062
0.315
0.918
0.345
0.249
0.162
0.129
0.887
0.223
0.026
0.384
0.886
0.638
0.669
0.297
0.163
0.211
0.061
0.237
0.086
0.353
0.424
0.816
0.133
0.733
0.209
0.041
0.815
0.436
0.331
0.214
0.587
0.556
0.62
0.865
0.709
0.782
0.606
0.017
0.447
0.984
0.07
0.557
0.312
0.912
0.123
0.533
0.166
0.695
0.676
0.788
0.543
0.479
0.395
0.821
0.591
0.135
0.125
0.636
0.116
0.154
0.351
0.841
0.624
0.335
0.79
0
0.594
0.895
0.846
0.629
0.699
0.204
0.869
0.578
0.207
0.095
0.586
0.891
0.6
0.905
0.178
0.758
0.836
0.39
0.694
0.979
0.618
0.774
0.469
0.387
0.639
0.335
0.35
0.702
0.91
0.135
0.302
0.287
0.637
0.902
0.091
0.644
0.434
0.646
0.626
0.558
0.567
0.901
0.743
0.372
0.484
0.361
0.259
0.132
0.841
0.92
0.045
0.76
0.032
0.23
0.183
0.532
0.245
0.319
0.09
0.48
0.165
0.674
0.39
0.464
0.232
0.608
0.245
0.119
0.025
0.68
0.765
0.517
0.287
0.03
0.476
0.138
0.598
0.387
0.963
0.146
0.453
0.52
0.685
0.917
0.847
0.098
0.117
0.768
0.22
0.818
0.369
0.068
0.459
0.423
0.958
0.413
0.356
0.463
0.39
0.082
0.487
0.967
0.614
0.115
0.459
0.223
0.086
0.628
0.425
