0.441
0.997
0.667
0.152
0.336
0.799
0.871
0.255
0.541
0.125
0.424
0.273
0.158
0.15
0.633
0
0.223
0.005
0.917
0.872
0.616
0.213
0.596
0.704
0.032
0.606
0.603
0.225
0.405
0.132
0.963
0.132
0.921
0.622
0.045
0.873
0.047
0.617
0.861
0.802
0.969
0.408
0.05
0.458
0.699
0.622
0.482
0.016
0.103
0.086
0.194
0.076
0.261
0.138
0.615
0.419
0.155
0.994
0.116
0.029
0.493
0.211
0.324
0.834
0.904
0.688
0.31
0.441
0.815
0.652
0.986
0.809
0.174
0.39
0.846
0.064
0.945
0.498
0.78
0.864
0.392
0.585
0.473
0.898
0.035
0.396
0.094
0.801
0.083
0.722
0.06
0.534
0.036
0.712
0.187
0.207
0.363
0.61
0.286
0.774
0.581
0.084
0.548
0.714
0.589
0.705
0.341
0.73
0.417
0.43
0.989
0.131
0.663
0.981
0.264
0.854
0.099
0.712
0.194
0.656
0.875
0.788
0.184
0.879
0.006
0.235
0.757
0.986
0.181
0.378
0.409
0.311
0.968
0.189
0.546
0.486
0.577
0.478
0.403
0.154
0.669
0.149
0.668
0.959
0.951
0.147
0.94
0.599
0.373
0.348
0.955
0.189
0.561
0.906
0.956
0.963
0.038
0.684
0.818
0.791
0.462
0.809
0.809
0.525
0.843
0.639
0.514
0.572
0.461
0.999
0.446
0.843
0.948
0.47
0.35
0.999
0.579
0.96
0.76
0.592
0.587
0.826
0.301
0.902
0.037
0.155
0.76
0.0
0.659
0.096
0.371
0.077
0.619
0.101
0.144
0.288
0.742
0.13
0.324
0.105
0.589
0.701
0.054
0.928
0.842
0.744
0
0.306
0.742
0.589
0.491
0.684
0.299
0.176
0.941
0.709
0.522
0.224
0.377
0.595
0.716
0.751
0.813
0.223
0.861
0.081
0.747
0.798
0.74
0.009
0.209
0.085
0.349
0.177
0.652
0.77
0.497
0.164
0.448
0.173
0.933
0.013
0.582
0.372
0.168
0.784
0.634
0.005
0.565
0.838
0.837
0.531
0.523
0.014
0.451
0.189
0.783
0.159
0.759
0.319
0.171
0.338
0.491
0.178
0.655
0.749
0.507
0.448
0.028
0.196
0.231
0.425
0.081
0.396
0.209
0.874
0.634
0.59
0.181
0.581
0.781
0.724
0.152
0.639
0.669
0.694
0.424
0.006
0.759
0.618
0.456
0.814
0.889
0.435
0.349
0.384
0.053
0.888
0.017
0.729
0.046
0.959
0.742
0.14
0.597
0.32
0.834
0.028
0.176
0.62
0.249
0.694
0.477
0.049
0.732
0.735
0.495
0.691
0.727
0.183
0.919
0.015
0.597
0.484
0.89
0.162
0.846
0.741
0.702
0.868
0.934
0.32
0.167
0.655
0.961
0.797
0.9
0.892
0.7
0.615
0.113
0.47
0.84
0.653
0.579
0.231
0.761
0.473
0.417
0.834
0.177
0.758
0.212
0.834
0.532
0.399
0.551
0.012
0.841
0.602
0.027
0.15
0.555
0.455
0.245
0.971
0.259
0.452
0.344
0.012
0.899
0.024
0.584
0.406
0.693
0.442
0.475
0.492
0.454
0.406
0.183
0.184
0.205
0.714
0.309
0.029
0.828
0.896
0.551
0.171
0.229
0.208
0.025
0.148
0.585
0.661
0.883
0.794
0.472
0.591
0.11
0.318
0.592
0.261
0.836
0.495
0.405
0.23
0.547
0.181
0.621
0.284
0.872
0.028
0.425
0.458
0.747
0.828
0.128
0.924
0.646
0.446
0.041
0.634
0.537
0.57
0.759
0.308
0.581
0.83
0.555
0.969
0.543
0.773
0
0.053
0.143
0.021
0.253
0.042
0.362
0
0.211
0.13
0.446
0.022
0.241
0.058
0.15
0.415
0.268
0.108
0.933
0.531
0.96
0.671
0.862
0.694
0.986
0.445
0.229
0.755
0.972
0.66
0.63
0.652
0.563
0.859
0.942
0.559
0.62
0.447
0.404
0.766
0.264
0.603
0.394
0.583
0.385
0.904
0.094
0.37
0.66
0.289
0.433
0.254
0.126
0.341
0.674
0.822
0.754
0.879
0.719
0.42
0.95
0.166
0.812
0.481
0.753
0.318
0.279
0.364
0.392
0.736
0.287
0.559
0.567
0.131
0.847
0.651
0.676
0.439
0.35
0.591
0.17
0.584
0.983
0.776
0.746
0.412
0.481
0.446
0.035
0.776
0.936
0.996
0.037
0.947
0.768
0.495
0.033
0.011
0.541
0.832
0.329
0.007
0.217
0.092
0.784
0.099
0.442
0.259
0.921
0.395
0.989
0.972
0.256
0.849
0.76
0.103
0.854
0.717
0.328
0.296
0.997
0.987
0.133
0.705
0.283
0.762
0.771
0.584
0.244
0.716
0.299
0.418
0.701
0.947
0.87
0.402
0.646
0.736
0.638
0.82
0.879
0.334
0.501
0.525
0.858
0.775
0.258
0.537
0.151
0.608
0.09
0.003
0.991
0.741
0.124
0.465
0.843
0.415
0.258
0.085
0.808
0.699
0.35
0.042
0.919
0.127
0.328
0.918
0.111
0.339
0.321
0.495
0.747
0.235
0.589
0.931
0.146
0.88
0.165
0.671
0.263
0.902
0.282
0.794
0.301
0.565
0.498
0.903
0.965
0.748
0.616
0.929
0.103
0.16
0.385
0.108
0.293
0.422
0.106
0.365
0.013
0.242
0.898
0.696
0.666
0.964
0.689
0.257
0.175
0.775
0.367
0.44
0.189
0.526
0.682
0.803
0.035
0.04
0.156
0.999
0.312
0.102
0.579
0.907
0.909
0.166
0.273
0.779
0.972
0.625
0.307
0.295
0.71
0.552
0.208
0.317
0.862
0.624
0.73
0.288
0.524
0.05
0.12
0.28
0.711
0.357
0.948
0.615
0.752
0.751
0.294
0.64
0.234
0.886
0.573
0.906
0.471
0.518
0.547
0.691
0.955
0.586
0.531
0.709
0.738
0
0.133
0.753
0.908
0.669
0.479
0.434
0.695
0.474
0.696
0.459
0.911
0.566
0.241
0.87
0.304
0
0.945
0.222
0.326
0.564
0.961
0.747
0.751
0.807
0.775
0.896
0.201
0.067
0.035
0.654
0.158
0.125
0.877
0.399
0.772
0.696
0.886
0.225
0.578
0.157
0.114
0.253
0.208
0.215
0.551
0.575
0.85
0.129
0.906
0.598
0.59
0.149
0.899
0.331
0.898
0.187
0.513
0.269
0.231
0.729
0.958
0.108
0.409
0.848
0.632
0.809
0.902
0.667
0.016
0.638
0.178
0.942
0.108
0.127
0.692
0.65
0.376
0.55
0.741
0.717
0.759
0.181
0.887
0.137
0.359
0.128
0.353
0.375
0.951
0.742
0.116
0.438
0.134
0.344
0.152
0.919
0.045
0.146
0.246
0.374
0.787
0.826
0.942
0.448
0.048
0.894
0.855
0.206
0.67
0.655
0.743
0.202
0.683
0.694
0.448
0.35
0.092
0.543
0.939
0.249
0.321
0.717
0.463
0.183
0.495
0.213
0.913
0.376
0.925
0.473
0.859
0.604
0.079
0.917
0.088
0.024
0.921
0.711
0.342
0.813
0.387
0.393
0.769
0.852
0.033
0.228
0.43
0.489
0.342
0.405
0.707
0.438
0.997
0.529
0.079
0.958
0.457
0.715
0.929
0.99
0.497
0.582
0.246
0.578
0.96
0.221
0.831
0.899
0.341
0.557
0.893
0.134
0.831
0.252
0.447
0.33
0.158
0.488
0.621
0.305
0.86
0.919
0.813
0.172
0.58
0.254
0.09
0.783
0.462
0.941
0.881
0.066
0.47
0.855
0.167
0.906
0.076
0.152
0.404
0.272
0.066
0.916
0.783
0.325
0.146
0.615
0.457
0.463
0.108
0.018
0.783
0.055
0.546
0.196
0.505
0.275
0.944
0.641
0.127
0.213
0.449
0.068
0.316
0.359
0.069
0.412
0.91
0.236
0.269
0
0.163
0.618
0.228
0.887
0.982
0.05
0.064
0.163
0.152
0.28
0.782
0.184
0.674
0.198
0.086
0.041
0.336
0.041
0.307
0.483
0.965
0.127
0.366
0.88
0.14
0.393
0.232
0.267
0.48
0.637
0.149
0.948
0.47
0.43
0.388
0.536
0.617
0.623
0.615
0.95
0.43
0.124
0.305
0.537
0.431
0
0.3
0.416
0.201
0.951
0.995
0.049
0.097
0.966
0.788
0.099
0.512
0.612
0.678
0.259
0.716
0.84
0.221
0.436
0.009
0.707
0.07
0.375
0.405
0.734
