0.738
0.699
0.513
0.925
0.908
0.17
0.495
0.337
0.46
0.516
0.742
0.81
0.798
0.874
0.152
0.879
0.287
0.121
0.178
0.723
0.903
0.701
0.529
0.975
0.647
0.731
0.115
0.674
0.046
0.981
0.789
0.578
0.04
0.143
0.084
0.019
0.259
0.569
0.779
0.679
0.76
0.296
0.967
0.944
0.571
0.01
0.478
0.401
0.208
0.54
0.533
0.857
0.209
0.059
0.213
0.007
0.905
0.009
0.883
0.773
0.571
0.634
0.996
0.944
0.917
0.621
0.605
0.656
0.509
0.957
0.024
0.764
0.061
0.931
0.927
0.371
0.789
0.474
0.629
0.566
0.886
0.883
0.916
0.256
0.336
0.044
0.626
0.879
0.302
0.255
0.2
0.179
0.557
0.541
0.51
0.987
0.584
0.967
0.633
0.274
0.13
0.397
0.721
0.873
0.026
0.351
0.232
0.7
0.155
0.506
0.596
0.205
0.332
0.577
0.937
0.079
0.841
0.959
0.338
0.111
0.657
0.985
0.623
0.324
0.073
0.317
0.951
0.454
0.134
0.609
0.919
0.985
0.778
0.774
0.161
0.181
0.339
0.731
0.631
0.193
0.399
0.819
0.441
0.821
0.22
0.246
0.874
0.981
0.638
0.807
0.702
0.234
0.312
0.849
0.329
0.167
0.612
0.565
0.129
0.647
0.449
0.513
0.385
0.427
0.369
0.924
0.113
0.208
0.974
0.621
0.817
0.946
0.253
0.91
0.254
0.43
0.942
0.854
0.642
0.869
0.162
0.473
0.806
0.959
0.165
0.779
0.028
0.269
0.657
0.525
0.436
0.378
0.304
0.654
0.631
0.281
0.177
0.918
0.585
0.296
0.304
0.645
0.631
0.191
0.96
0.14
0.979
0.492
0.49
0.743
0.65
0.942
0.501
0.816
0.04
0.76
0.142
0.799
0.699
0.419
0.772
0.134
0.589
0.871
0.916
0.504
0.548
0.875
0.016
0.74
0.491
0.17
0.827
0.648
0.108
0.826
0.788
0.071
0.713
0.835
0.12
0.317
0.516
0.555
0.328
0.011
0.646
0.765
0.396
0.796
0.913
0.77
0.874
0.648
0.449
0.588
0.443
0.287
0.367
0.931
0.094
0.373
0.165
0.078
0.711
0.452
0.908
0.046
0.987
0.289
0.562
0.833
0.323
0.991
0.474
0.764
0.103
0.651
0.12
0.536
0.888
0.385
0.503
0.665
0.722
0.189
0.838
0.601
0.184
0.47
0.466
0.015
0.927
0.945
0.048
0.857
0.718
0.232
0.032
0.223
0.228
0.856
0.107
0.715
0.762
0.802
0.824
0.588
0.819
0.187
0.339
0.263
0.78
0.653
0.506
0.327
0.259
0.014
0.035
0.779
0.762
0.872
0.317
0.8
0.658
0.468
0.621
0.782
0.027
0.759
0.848
0
0.423
0.223
0.639
0.21
0.606
0.592
0.041
0.716
0.34
0.712
0.458
0.69
0.84
0.696
0.68
0.992
0.435
0.39
0.805
0.796
0.206
0.31
0.685
0.769
0.99
0.877
0.169
0.436
0.813
0.497
0.111
0.673
0.867
0.317
0.079
0.541
0.604
0.519
0.516
0.497
0.252
0.418
0.677
0.613
0.623
0.493
0.105
0.987
0.581
0.104
0.457
0.848
0.448
0.829
0.961
0.914
0.059
0.095
0.732
0.633
0.425
0.602
0.165
0.024
0.73
0.955
0.532
0.647
0.099
0.831
0.025
0.021
0.648
0.602
0.557
0.167
0.74
0.222
0.493
0.336
0.684
0.449
0.051
0.514
0.377
0.224
0.939
0.259
0.856
0.712
0.932
0.485
0.0
0.579
0.273
0.684
0.998
0.019
0.191
0.245
0.625
0.717
0.756
0.205
0.948
0.437
0.448
0.49
0.675
0.264
0.487
0.165
0.512
0.64
0.385
0.348
0.166
0.157
0.936
0.146
0.307
0.661
0.33
0.696
0.475
0.04
0.079
0.755
0.157
0.397
0.827
0.516
0.482
0.764
0.974
0.261
0.984
0.049
0.623
0.894
0.145
0.008
0.115
0.807
0.278
0.048
0.118
0.501
0.055
0.217
0.712
0.886
0.509
0.518
0.349
0.641
0.928
0.295
0.46
0.239
0.137
0.755
0.641
0.531
0.22
0.229
0.072
0.673
0.231
0.647
0.746
0.251
0.279
0.56
0.284
0.497
0.764
0.178
0.97
0.214
0.82
0.423
0.626
0.632
0.974
0.863
0.577
0.572
0.831
0.849
0.801
0.063
0.563
0.096
0.748
0.019
0.155
0.034
0.589
0.062
0.209
0.184
0.24
0.675
0.967
0.653
0.707
0.459
0.605
0.403
0.536
0.752
0.132
0.978
0.441
0.784
0.938
0.713
0.282
0.368
0.758
0.346
0.763
0.753
0.422
0.678
0.356
0.701
0.818
0.249
0.052
0.521
0.323
0.985
0.641
0.565
0.803
0.649
0.48
0.232
0.945
0.978
0.448
0.715
0.762
0.499
0.642
0.347
0.734
0.117
0.832
0.538
0.741
0.609
0.698
0.704
0.006
0.224
0.997
0.805
0.359
0.602
0.848
0.194
0.755
0.834
0.667
0.924
0.984
0.27
0.178
0.416
0.015
0.796
0.121
0.684
0.104
0.031
0.322
0.702
0.92
0.444
0.877
0.661
0.651
0.296
0.466
0.302
0
0.146
0.148
0.169
0.743
0.274
0.979
0.774
0.057
0.541
0.967
0.421
0.051
0.537
0.188
0.519
0.059
0.531
0.222
0.091
0.061
0.502
0.216
0.704
0.094
0.318
0.952
0.611
0.72
0.207
0.88
0.159
0.841
0.435
0.02
0.434
0.973
0.009
0.659
0.725
0.441
0.919
0.287
0.526
0.564
0.173
0.465
0.899
0.07
0.146
0.306
0.882
0.999
0.567
0.065
0.802
0.489
0.639
0.379
0.902
0.176
0.127
0.079
0.002
0.409
0.315
0.034
0.578
0.791
0.424
0.204
0.176
0.321
0.572
0.119
0.748
0.089
0.8
0.463
0.071
0.354
0.692
0.192
0.535
0.028
0.19
0.749
0.578
0.968
0.512
0.593
0.618
0.481
0.598
0.017
0.359
0.529
0.209
0.5
0.171
0.33
0
0.507
0.068
0.426
0.03
1.0
0.736
0.179
0.406
0.692
0.549
0.888
0.862
0.857
0.592
0.919
0.062
0.764
0.619
0.821
0.706
0.322
0.938
0.565
0.079
0.953
0.049
0.701
0.651
0.991
0.044
0.672
0.351
0.597
0.465
0.791
0.695
0.059
0.849
0.428
0.505
0.511
0.882
0.621
0.178
0.838
0.521
0.13
0.591
0.529
0.677
0.987
0.159
0.941
0.362
0.209
0.239
0.955
0.626
0.278
0.411
0.728
0.406
0.585
0.817
0.198
0.956
0.407
0.842
0.675
0.897
0.207
0.249
0.158
0.329
0.421
0.461
0.88
0.373
0.724
0.76
0.871
0.53
0.937
0.096
0.2
0.296
0.936
0.987
0.129
0.961
0.795
0.127
0.357
0.726
0.831
0.429
0.18
0.015
0.026
0.276
0.126
0.362
0.632
0.333
0.755
0.43
0.49
0.796
0.598
0.9
0.063
0.878
0.543
0.366
0.484
0.737
0.73
0.705
0.539
0.933
0.759
0.653
0.107
0.067
0.157
0.53
0.764
0.7
0.857
0.238
0.704
0.755
0.746
0.667
0.652
0.96
0.455
0.365
0.371
0.098
0.34
0.99
0.099
0.343
0.564
0.722
0.27
0.488
0.697
0.76
0.301
0.884
0.092
0.106
0.274
0.473
0.532
0.771
0.015
0.58
0.612
0.657
0.186
0.67
0.973
0.973
0.625
0.486
0.336
0.411
0.835
0.971
0.61
0.768
0.657
0.918
0.387
0.24
0.27
0.267
0.996
0.06
0.9
0.903
0.274
0.854
0.11
0.841
0.989
0.802
0.45
0.196
0.412
0.04
0.539
0.016
0.113
0.583
0.828
0.452
0.227
0.8
0.251
0.723
0.599
0.471
0.972
0.603
0.263
0.349
0.484
0.143
0.692
0.408
0.588
0.617
0.064
0.465
0.194
0.423
0.851
0.285
0.412
0.557
0.068
0.255
0.387
0.87
0.227
0.141
0.787
0.389
0.245
0.351
0.112
0.696
0.498
0.259
0.982
0.528
0.672
0.797
0.52
0.942
0.559
0.059
0.835
0.009
0.504
0.151
0.067
0.93
0.05
0.805
0.79
0.439
0.415
0.486
0.994
0.02
0.145
0.918
0.612
0.955
0.353
0.474
0.777
0.296
1.0
0.978
0.975
0.648
0.801
0.899
0.17
0.553
0.566
0.041
