0.641
0.489
0.139
0.228
0.783
0.51
0.182
0.701
0.036
0.171
0.082
0.627
0.344
0.383
0.426
0.292
0.162
0.17
0.565
0.282
0.258
0.322
0.564
0.657
0.436
0.084
0.915
0.637
0.354
0.642
0.893
0.753
0.329
0.809
0.637
0.604
0.323
0.369
0.093
0.344
0.559
0.529
0.344
0.549
0.939
0.026
0.173
0.963
0.643
0.836
0.984
0.886
0.082
0.762
0.26
0.734
0.019
0.676
0.18
0.149
0.674
0.407
0.512
0.56
0.311
0.882
0.866
0.064
0.472
0.059
0.431
0.589
0.257
0.435
0.453
0.994
0.996
0.401
0.607
0.97
0.58
0.896
0.07
0.362
0.693
0.84
0.392
0.272
0.078
0.321
0.732
0.05
0.065
0.373
0.706
0.679
0.922
0.982
0.143
0.465
0.678
0.782
0.09
0.035
0.942
0.128
0.421
0.806
0.888
0.665
0.947
0.413
0.399
0.244
0.486
0.269
0.997
0.53
0.386
0.593
0.054
0.632
0.174
0.083
0.147
0.733
0.798
0.94
0.469
0.794
0.906
0.17
0.971
0.356
0.625
0.453
0.973
0.825
0.796
0.933
0.042
0.205
0.178
0.253
0.965
0.681
0.081
0.242
0.159
0.036
0.808
0.804
0.521
0.923
0.439
0.96
0.897
0.888
0.627
0.004
0.021
0.935
0.102
0.703
0.9
0.475
0.199
0.367
0.651
0.437
0.071
0.651
0.294
0.507
0.123
0.758
0.669
0.117
0.035
0.955
0.401
0.747
0.708
0.777
0.537
0.249
0.231
0.488
0.559
0.298
0.529
0.949
0.094
0.223
0.718
0.877
0.179
0.442
0.259
0.235
0.041
0.338
0.223
0.158
0.946
0.652
0.047
0.93
0.062
0.015
0.172
0.193
0.091
0.607
0.763
0.162
0.982
0.862
0.9
0.111
0.456
0.282
0.298
0.794
0.322
0.938
0.658
0.707
0.116
0.638
0.553
0.343
0.826
0.623
0.973
0.589
0.508
0.781
0.599
0.345
0.977
0
0.127
0.965
0.657
0.794
0.31
0.753
0.002
0.305
0.221
0.221
0.561
0.774
0.708
0.008
0.444
0.881
0.852
0.26
0.545
0.7
0.81
0.287
0.107
0.718
0.697
0.808
0.705
0.054
0.524
0.721
0.794
0.073
0.817
0.79
0.062
0.673
0.645
0.388
0.547
0.222
0.19
0.8
0.515
0.108
0.553
0.338
0.133
0.43
0.553
0.694
0.593
0.787
0.589
0.425
0.569
0.294
0.983
0.541
0.518
0.141
0.408
0.469
0.204
0.766
0.098
0.382
0.355
0.147
0.034
0.56
0.728
0.952
0.209
0.388
0.122
0.707
0.555
0.274
0.17
0.247
0.416
0.902
0.371
0.73
0.319
0.731
0.053
0.186
0.824
0.908
0.856
0.872
0.662
0.536
0.383
0.896
0.65
0.569
0.27
0.601
0.911
0.182
0.219
0.116
0.856
0.698
0.117
0.562
0.506
0.009
0.364
0.547
0.997
0.411
0.76
0.441
0.859
0.189
0.952
0.181
0.673
0.915
0.854
0.229
0.181
0.48
0.753
0.57
0.246
0.245
0.344
0.626
0.538
0.803
0.492
0.732
0.501
0.205
0.279
0.295
0.843
0.808
0.317
0.584
0.52
0.972
0.125
0.508
0.608
0.355
0.692
0.969
0.525
0.04
0.619
0.498
0.421
0.437
0.59
0.228
0.551
0.01
0.561
0.691
0.69
0.139
0.724
0.27
0.868
0.354
0.293
0.977
0.056
0.76
0.875
0.47
0.734
0.5
0.06
0.433
0.591
0.413
0.718
0.709
0.17
0.699
0.934
0.11
0.495
0.78
0.814
0.541
0.704
0.17
0.25
0.063
0.78
0.385
0.298
0.753
0.919
0.341
0.155
0
0.946
0.507
0.286
0.756
0.741
0.802
0.921
0.162
0.154
0.008
0.874
0.326
0.256
0.549
0.831
0.474
0.163
0.182
0.292
0.169
0.968
0.128
0.747
0.702
0.311
0.516
0.507
0.106
0.836
0.574
0.239
0.75
0.757
0.062
0.006
0.992
0.559
0.006
0.651
0.292
0.469
0.084
0.639
0.83
0.796
0.522
0.032
0.206
0.957
0.471
0.224
0.671
0.434
0.699
0.545
0.311
0.908
0.221
0.545
0.274
0.063
0.485
0.632
0.623
0.711
0.719
0.473
0.695
0.023
0.126
0.801
0.789
0.805
0.77
0.985
0.446
0.688
0.749
0.632
0.312
0.435
0.934
0.542
0.294
0.551
0.17
0.908
0.113
0.087
0.826
0.851
0.373
0.58
0.445
0.108
0.311
0.931
0.686
0.427
0.296
0.548
0.87
0.234
0.856
0.018
0.7
0.846
0.105
0.626
0.114
0.501
0.278
0.635
0.141
0.948
0.207
0.154
0.827
0.866
0.251
0.942
0.861
0.151
0.242
0.508
0.109
0.875
0.791
0.586
0.289
0.737
0.277
0.018
0.933
0.602
0.366
0.539
0.423
0.502
0.431
0.862
0.258
0.69
0.987
0.022
0.069
0.584
0.585
0.622
0.516
0.055
0.454
0.152
0.287
0.492
0.126
0.633
0.705
0.63
0.238
0.576
0.161
0.771
0.063
0.155
0.997
0.208
0.059
0.597
0.12
0.228
0.807
0.058
0.58
0.33
0.534
0.365
0.929
0.047
0.193
0.332
0.971
0.002
0.456
0.449
0.587
0.131
0.989
0.55
0.428
0.827
0.698
0.71
0.736
0.648
0.828
0.337
0.729
0.468
0.697
0.933
0.328
0.499
0.322
0.604
0.198
0.551
0.109
0.185
0.62
0.575
0.094
0.463
0.967
0.197
0.767
0.073
0.441
0.097
0.414
0.399
0.472
0.81
0.399
0.895
0.506
0.502
0.952
0.749
0.956
0.688
0.531
0.296
0.418
0.631
0.908
0.627
0.755
0.493
0.354
0.939
0.514
0.241
0.785
0.809
0.405
0.795
0.908
0.479
0.319
0.593
0.108
0.092
0.741
0.375
0.89
0.519
0.932
0.918
0.831
0.287
0.867
0.511
0.02
0.83
0.004
0.313
0.394
0.473
0.139
0.393
0.053
0.343
0.716
0.466
0.713
0.118
0.112
0.921
0.067
0.576
0.947
0.419
0.075
0.482
0.06
0.185
0.266
0.466
0.629
0.824
0.826
0.999
0.934
0.538
0.795
0.284
0.226
0.531
0.16
0.08
0.004
0.311
0.437
0.494
0.345
0.933
0.437
0.402
0.28
0.219
0
0.892
0.709
0.337
0.719
0.73
0.119
0.911
0.049
0.311
0.414
0.806
0.109
0.448
0.487
0.546
0.637
0.011
0.943
0.706
0.718
0.956
0.011
0.993
0.483
0.608
0.796
0.396
0.638
0.03
0.027
0.266
0.171
0.22
0.935
0.338
0.985
0
0.34
0.637
0.062
0.495
0.884
0.355
0.53
0.713
0.832
0.213
0.244
0.386
0.435
0.607
0.265
0.78
0.14
0.439
0.872
0.008
0.085
0.701
0.698
0.802
0.735
0.703
0.637
0.408
0.345
0.331
0.379
0.813
0.364
0.34
0.748
0.875
0.659
0.093
0.041
0.807
0.205
0.573
0.4
0.855
0.477
0.082
0.094
0.459
0.195
0.295
0.632
0.913
0.435
0.118
0.192
0.977
0.815
0.887
0.106
0.86
0.791
0.939
0.052
0.956
0.554
0.055
0.855
0.673
0.114
0.879
0.002
0.506
0.977
0.944
0.597
0.336
0.808
0
0.223
0.268
0.417
0.426
0.475
0.153
0.015
0.043
0.002
0.385
0.064
0.984
0.086
0.99
0.84
0.76
0.574
0.215
0.293
0.739
0.16
0.097
0.478
0.744
0.352
0.464
0.748
0.833
0.575
0.273
0.359
0
0.721
0.445
0.225
0.566
0.094
0.48
0.088
0.321
0.281
0.235
0.883
0.259
0.247
0.515
0.78
0.239
0.592
0.97
0.205
0.129
0.749
0.231
0.603
0.008
0.021
0.327
0.702
0.355
0.207
0.813
0.341
0.179
0.319
0.076
0.952
0.243
0.277
0.206
0.118
0.132
0.115
0.341
0.749
0.173
0.031
0.432
0.684
0.082
0.156
0.14
0.032
0.896
0.036
0.586
0.952
0.987
0.278
0.405
0.606
0.169
0.816
0.602
0.951
0.518
0.08
0.282
0.475
0.61
0.57
0.587
0.914
0.909
0.663
0.428
0.868
0.712
0.437
0.902
0.316
0.265
0.912
0.307
0.625
0.654
0.279
0.799
0.844
0.099
0.615
0.333
0.7
0.312
0.925
0.479
0.879
