0.433
0.833
0.741
0.248
0.821
0.264
0.426
0.391
0.468
0.241
0.93
0.031
0.902
0.87
0.369
0.666
0.867
0.575
0.046
0.728
0.258
0.261
0.397
0.786
0.765
0.013
0.544
0.925
0.536
0.979
0.656
0.472
0.96
0.769
0.032
0.75
0.063
0.519
0.34
0.184
0.118
0.089
0.361
0.783
0.774
0.625
0.226
0.53
0.141
0.85
0.838
0.851
0.328
0.018
0.959
0.121
0.91
0.006
0.033
0.348
0.133
0.385
0.441
0.829
0.024
0.846
0.691
0.226
0.143
0.686
0.654
0.58
0.214
0.794
0.056
0.958
0.635
0.79
0.522
0.168
0.284
0.515
0.24
0.658
0.386
0.768
0.807
0.058
0.236
0.088
0.597
0.878
0.539
0.658
0.424
0.788
0.893
0.767
0.456
0.898
0.842
0.544
0.834
0.163
0.665
0.767
0.467
0.605
0.389
0.297
0.639
0.997
0.912
0.332
0.376
0.556
0.269
0.617
0.692
0.733
0.888
0.66
0.189
0.91
0.907
0.447
0.373
0.547
0.858
0.199
0.571
0.757
0.101
0.665
0.258
0.761
0.921
0.721
0.927
0.751
0.28
0.163
0.092
0.781
0.257
0.312
0.424
0.377
0.935
0.198
0.65
0.676
0.61
0.552
0.258
0.271
0.866
0.109
0.931
0.249
0.453
0.445
0.214
0.377
0.954
0.909
0.579
0.726
0.471
0.995
0.14
0.68
0.699
0.53
0.026
0.302
0.914
0.459
0.506
0.278
0.661
0.927
0.619
0.884
0.599
0.773
0.407
0.824
0.38
0.928
0.175
0.719
0.079
0.278
0.77
0.286
0.482
0.739
0.574
0.207
0.552
0.947
0.299
0.6
0.022
0.302
0.502
0.021
0.228
0.464
0.035
0.684
0.396
0.89
0.603
0.369
0.008
0.278
0.931
0.874
0.701
0.902
0.112
0.369
0.178
0.756
0.766
0.349
0.479
0.585
0.061
0.447
0.139
0.386
0.306
0.713
0.843
0.708
0.498
0.75
0.153
0.219
0.734
0.003
0.184
0.198
0.192
0.138
0.669
0.708
0.015
0.994
0.442
0.697
0.428
0.809
0.362
0.112
0.67
0.232
0.714
0.294
0.489
0.113
0.389
0.894
0.23
0.719
0.925
0.743
0.587
0.932
0.503
0.147
0.599
0.917
0.359
0.504
0.345
0.96
0.478
0.833
0.017
0.734
0.884
0.158
0.102
0.959
0.335
0.101
0.951
0.228
0.464
0.126
0.233
0.495
0.866
0.369
0.288
0.213
0.338
0.339
0.15
0.245
0.145
0.292
0.771
0.655
0.406
0.393
0.327
0.799
0.043
0.149
0.088
0.611
0.875
0.36
0.27
0.212
0.668
0.245
0.294
0.526
0.032
0.597
0.345
0.463
0.721
0.655
0.431
0.823
0.943
0.015
0.358
0.421
0.305
0.213
0.784
0.521
0.276
0.236
0.089
0.035
0.377
0.238
0.57
0.076
0.656
0.348
0.304
0.235
0.488
0.629
0.78
0.095
0.431
0.223
0.243
0.7
0.03
0.805
0.054
0.401
0.546
0.604
0.761
0.74
0.429
0.087
0.869
0.834
0.547
0.077
0.526
0.149
0.991
0.791
0.335
0.016
0.127
0.145
0.249
0.941
0.396
0.277
0.199
0.696
0.153
0.013
0.824
0.54
0.059
0.001
0.602
0.302
0.954
0.203
0.605
0.917
0.296
0.272
0.073
0.864
0.338
0.19
0.607
0.131
0.048
0.088
0.82
0.007
0.403
0.135
0.49
0.007
0.221
0.97
0.705
0.874
0.988
0.702
0.138
0.074
0.465
0.529
0.236
0.063
0.202
0.067
0.098
0.088
0.301
0.938
0.854
0.336
0.49
0.649
0.076
0.125
0.235
0.172
0.517
0.77
0.956
0.393
0.226
0.568
0.943
0.698
0.974
0.22
0.657
0.556
0.794
0.342
0.951
0.518
0.294
0.381
0.13
0.423
0.345
0.072
0.529
0.002
0.725
0.982
0.916
0.311
0.507
0.669
0.276
0.276
0.559
0.212
0.656
0.164
0.761
0.764
0.493
0.977
0.174
0.279
0.773
0.553
0.536
0.112
0.175
0.493
0.706
0.505
0.623
0.231
0.631
0.699
0.008
0.506
0.684
0.15
0.7
0.68
0.018
0.134
0.819
0.274
0.738
0.88
0.556
0.946
0.824
0.934
0.621
0.747
0.462
0.974
0.656
0.79
0.265
0.861
0.782
0.342
0.253
0.367
0.388
0.88
0.91
0.507
0.54
0.726
0.518
0.752
0.421
0.682
0.781
0.458
0.247
0.681
0.443
0.802
0.137
0.089
0.405
0.256
0.54
0.858
0.238
0.025
0.351
0.043
0.935
0.27
0.565
0.251
0.028
0.593
0.43
0.751
0.018
0.236
0.848
0.577
0.565
0.527
0.441
0.03
0.01
0.231
0.821
0.006
0.137
0.324
0.03
0.011
0.598
0.743
0.494
0.657
0.202
0.12
0.841
0.851
0.034
0.141
0.162
0.422
0.502
0.797
0.124
0.34
0.695
0.571
0.886
0.183
0.687
0.103
0.311
0.691
0.636
0.125
0.726
0.582
0.431
0.207
0.664
0.666
0.938
0.481
0.445
0.767
0.654
0.164
0.16
0.956
0.323
0.591
0.618
0.835
0.175
0.114
0.408
0.906
0.75
0.912
0.09
0.131
0.486
0.172
0.832
0.146
0.67
0.599
0.217
0.017
0.429
0.199
0.355
0.065
0.056
0.926
0.876
0.869
0.109
0.398
0.381
0.614
0.262
0.719
0.14
0.215
0.416
0.088
0.254
0.152
0.508
0.883
0.522
0.511
0.308
0.555
0.408
0.599
0.903
0.24
0.59
0.641
0.676
0.331
0.799
0.573
0.464
0.457
0.531
0.404
0.698
0.317
0.935
0.149
0.645
0.304
0.744
0.235
0.242
0.445
0.172
0.421
0.601
0.374
0.349
0.903
0.687
0.999
0.939
0.264
0.718
0.602
0.06
0.346
0.578
0.562
0.368
0.82
0.686
0.41
0.747
0.905
0.12
0.218
0.062
0.978
0.533
0.095
0.29
0.927
0.078
0.233
0.922
0.23
0.382
0.307
0.756
0.914
0.713
0.275
0.477
0.728
0.122
0.6
0.646
0.037
0.308
0.373
0.508
0.993
0.641
0.937
0.513
0.458
0.395
0.084
0.111
0.676
0.262
0.343
0.892
0.425
0.553
0.194
0.477
0.162
0.21
0.921
0.242
0.456
0.741
0.82
0.868
0.955
0.525
0.742
0.93
0.818
0.214
0.196
0.79
0.276
0.205
0.095
0.873
0.937
0.412
0.082
0.163
0.531
0.192
0.678
0.331
0.781
0.383
0.376
0.883
0.742
0.564
0.145
0.97
0.324
0.792
0.693
0.821
0.918
0.278
0.788
0.147
0.759
0.712
0.461
0.053
0.428
0.584
0.699
0.561
0.861
0.609
0.294
0.187
0.538
0.032
0.397
0.232
0.671
0.949
0.538
0.472
0.193
0.78
0.771
0.651
0.268
0.128
0.922
0.03
0.336
0.551
0.78
0.5
0.971
0.503
0.001
0.639
0.618
0.566
0.14
0.665
0.886
0.181
0.864
0.364
0.784
0.026
0.041
0.682
0.457
0.443
0.015
0.769
0.999
0.278
0.768
0.823
0.891
0.864
0.309
0.577
0.114
0.294
0.965
0.948
0.638
0.053
0.859
0.196
0.055
0.82
0.27
0.398
0.739
0.946
0.077
0.449
0
0.928
0.466
0.042
0.728
0.163
0.432
0.485
0.523
0.859
0.723
0.484
0.533
0.929
0.131
0.379
0.283
0.533
0.142
0.968
0.444
0.725
0.277
0.55
0.112
0.055
0.343
0.504
0.086
0.711
0.011
0.782
0.628
0.157
0.403
0.282
0.5
0.352
0.808
0.203
0.345
0.496
0.911
0.22
0.016
0.62
0.813
0.915
0.908
0.366
0.23
0.906
0.701
0.018
0.01
0.983
0.576
0.792
0.554
0.129
0.873
0.218
0.399
0.361
0.183
0.264
0.899
0.042
0.822
0.172
0.966
0.75
0.946
0.292
0.176
0.267
0.568
0.723
0.332
0.692
0.801
0.888
0.244
0.254
0.698
0.558
0.715
0.648
0.7
0.1
0.626
0.626
0.531
0.747
0.404
0.424
0.92
0.064
0.3
0.18
0.157
0.561
0.674
0.645
0.26
0.401
0.458
0.576
0.057
0.059
0.882
0.922
0.825
0.985
0.115
0.634
0.928
0.99
0.607
0.618
0.029
0.837
0.853
0.221
0.998
0.307
0.654
0.669
0.06
0.599
0.646
