0.699
0.909
0.648
0.402
0.408
0.596
0.561
0.348
0.212
0.739
0.434
0.228
0.98
0.028
0.395
0.18
0.452
0.444
0.695
0.561
0.198
0.754
0.006
0.09
0.285
0.313
0.511
0.786
0.018
0.932
0.944
0.639
0.111
0.013
0.799
0.716
0.447
0.292
0.424
0.371
0.533
0.178
0.475
0.839
0.087
0.97
0.981
0.057
0.611
0.161
0.554
0.397
0.957
0.875
0.885
0.858
0.467
0.161
0.958
0.442
0.306
0.851
0.803
0.236
0.169
0.058
0.645
0.848
0.511
0.272
0.084
0.367
0.519
0.925
0.756
0.828
0.511
0.217
0.373
0.066
0.202
0.024
0.971
0.825
0.842
0.934
0.512
0.609
0.378
0.722
0.201
0.405
0.821
0.667
0.667
0.601
0.393
0.469
0.167
0.823
0.167
0.681
0.376
0.226
0.337
0.958
0.065
0.265
0.73
0.738
0.292
0.447
0.371
0.071
0.611
0.095
0.78
0.088
0.724
0.429
0.758
0.543
0.622
0.166
0.069
0.704
0.986
0.193
0.812
0.694
0.579
0.505
0.462
0.837
0.757
0.871
0.236
0.851
0.306
0.093
0.142
0.638
0.488
0.224
0.125
0.702
0.111
0.409
0.958
0.73
0.32
0.293
0.848
0.958
0.466
0.851
0.658
0.771
0.405
0.35
0.214
0.373
0.087
0.582
0.536
0.912
0.104
0.716
0.46
0.873
0.194
0.988
0.712
0.654
0.286
0.82
0.694
0.458
0.494
0.676
0.612
0.018
0.077
0.83
0.247
0.309
0.878
0.312
0.716
0.097
0.566
0.482
0.242
0.234
0.229
0.688
0.291
0.506
0.036
0.376
0.538
0.765
0.674
0.097
0.72
0.572
0.714
0.777
0.27
0.798
0.841
0.911
0.3
0.892
0.598
0.249
0.803
0.217
0.566
0.564
0.873
0.997
0.397
0.373
0.954
0.341
0.88
0.181
0.118
0.229
0.379
0.077
0.289
0.564
0.663
0.183
0.389
0.826
0.591
0.711
0.239
0.629
0.064
0.202
0.45
0.787
0.6
0.89
0.486
0.594
0.044
0.188
0.471
0.385
0.927
0.914
0.928
0.533
0.742
0.546
0.805
0.388
0.459
0.661
0.426
0.109
0.788
0.732
0.142
0.068
0.145
0.788
0.807
0.675
0.238
0.271
0.792
0.45
0.042
0.76
0.386
0.362
0.692
0.523
0.992
0.97
0.991
0.594
0.167
0.812
0.08
0.505
0.336
0.571
0.587
0.908
0.889
0.945
0.273
0.956
0.016
0.552
0.695
0.348
0.983
0.582
0.014
0.191
0.565
0.506
0.443
0.587
0.189
0.636
0.723
0.052
0.058
0.687
0.348
0.923
0.032
0.437
0.169
0.422
0.969
0.116
0.959
0.06
0.764
0.064
0.714
0.2
0.411
0.905
0.894
0.021
0.955
0.926
0.377
0.971
0.575
0.284
0.315
0.515
0.544
0.535
0.462
0.289
0.107
0.32
0.185
0.372
0.148
0.045
0.983
0.866
0.862
0.266
0.222
0.147
0.947
0.376
0.764
0.724
0.042
0.218
0.085
0.916
0.096
0.896
0.309
0.434
0.352
0.778
0.327
0.13
0.944
0.189
0.425
0.439
0.116
0.479
0.328
0.568
0.684
0.721
0.19
0.456
0.48
0.813
0.363
0.962
0.058
0.717
0.072
0.074
0.128
0.752
0.288
0.869
0.693
0.644
0.711
0.509
0.145
0.884
0.84
0.445
0.926
0.724
0.375
0.232
0.966
0.183
0.343
0.539
0.514
0.116
0.166
0.381
0.846
0.304
0.061
0.692
0.402
0.544
0.62
0.756
0.296
0.378
0.589
0.103
0.448
0.626
0.303
0.859
0.653
0.842
0.228
0.966
0.263
0.469
0.323
0.509
0.629
0.17
0.504
0.446
0.009
0.341
0.047
0.069
0.108
0.135
0.494
0.941
0.679
0.434
0.589
0.015
0.058
0.927
0.578
0.468
0.454
0.721
0.576
0.791
0.445
0.463
0.492
0.699
0.307
0.157
0.306
0.089
0.069
0.499
0.497
0.734
0.888
0.804
0.867
0.793
0.41
0.058
0.939
0.697
0.417
0.764
0.181
0.281
0.856
0.083
0.027
0.16
0.85
0.275
0.197
0.711
0.297
0.444
0.836
0.2
0.501
0.742
0.631
0.317
0.943
0.939
0.913
0.813
0.287
0.3
0.619
0.6
0.303
0.935
0.018
0.226
0.003
0.119
0.134
0.39
0.508
0.515
0.74
0.969
0.689
0.554
0.284
0.839
0.928
0.451
0.172
0.81
0.6
0.373
0.937
0.771
0.903
0.45
0.397
0.726
0.456
0.865
0.33
0.866
0.611
0.668
0.874
0.146
0.489
0.488
0.369
0.274
0.114
0.333
0.724
0.67
0.9
0.477
0.936
0.385
0.368
0.393
0.68
0.703
0.296
0.135
0.418
0.196
0.053
0.681
0.357
0.425
0.58
0.27
0.845
0.303
0.697
0.726
0.009
0.365
0.369
0.777
0.802
0.04
0.242
0.38
0.354
0.772
0.967
0.634
0.79
0.512
0.178
0.218
0.388
0.116
0.435
0.034
0.88
0.991
0.925
0.562
0.118
0.763
0.704
0.262
0.835
0.287
0.486
0.877
0.933
0.35
0.92
0.599
0.991
0.924
0.676
0.124
0.364
0.077
0.93
0.337
0.396
0.146
0.636
0.102
0.022
0.265
0.786
0.961
0.102
0.053
0.23
0.487
0.673
0.755
0.193
0.787
0.617
0.793
0.75
0.007
0.067
0.498
0.532
0.533
0.09
0.552
0.908
0.327
0.565
0.303
0.85
0.987
0.592
0.642
0.673
0.802
0.079
0.86
0.064
0.385
0.727
0.67
0.523
0.901
0.327
0.988
0.39
0.161
0.491
0.875
0.408
0.807
0.711
0.018
0.085
0.337
0.968
0.407
0.411
0.233
0.37
0.633
0.449
0.572
0.387
0.206
0.387
0.12
0.269
0.006
0.951
0.576
0.048
0.101
0.793
0.291
0.076
0.898
0.352
0.875
0.118
0.148
0.717
0.342
0.403
0.174
0.555
0.377
0.419
0.187
0.411
0.495
0.184
0.519
0.168
0.577
0.493
0.439
0.778
0.448
0.277
0.304
0.311
0.898
0.741
0.29
0.664
0.327
0.8
0.799
0.851
0.107
0.934
0.142
0.298
0.134
0.822
0.626
0.48
0.837
0.647
0.184
0.051
0.492
0.517
0.175
0.087
0.586
0.821
0.709
0.738
0.34
0.054
0.843
0.557
0.206
0.397
0.737
0.008
0.427
0.162
0.437
0.023
0.329
0.325
0.946
0.164
0.934
0.892
0.765
0.389
0.921
0.095
0.503
0.13
0.809
0.036
0.815
0.351
0.086
0.22
0.854
0.725
0.768
0.96
0.901
0.771
0.639
0.891
0.319
0.861
0.646
0.784
0.701
0.917
0.95
0.03
0.135
0.609
0.827
0.252
0.216
0.339
0.035
0.225
0.487
0.038
0.79
0.813
0.748
0.076
0.422
0.297
0.318
0.82
0.162
0.518
0.979
0.077
0.128
0.04
0.232
0.746
0.042
0.875
0.46
0.946
0.801
0.865
0.608
0.952
0.997
0.768
0.389
0.379
0.403
0.863
0.662
0.144
0.643
0.358
0.038
0.788
0.806
0.326
0.697
0.675
0.129
0.475
0.8
0.87
0.043
0.397
0.123
0.818
0.268
0.988
0.639
0.28
0.985
0.073
0.352
0.927
0.415
0.929
0.199
0.961
0.535
0.956
0.366
0.104
0.336
0.655
0.854
0.114
0.863
0.552
0.064
0.007
0.848
0.417
0.714
0.726
0.202
0.055
0.324
0.537
0.211
0.103
0.795
0.594
0.042
0.513
0.452
0.971
0.838
0.23
0.455
0.576
0.785
0.774
0.886
0.311
0.054
0.854
0.266
0.561
0.754
0.419
0.101
0.653
0.433
0.893
0.133
0.203
0.133
0.592
0.801
0.693
0.086
0.994
0.514
0.35
0.151
0.995
0.459
0.703
0.924
0.165
0.326
0.519
0.274
0.384
0.946
0.683
0.471
0.416
0.213
0.599
0.995
0.432
0.935
0.995
0.563
0.773
0.976
0.335
0.404
0.973
0.232
0.06
0.063
0.156
0.319
0.073
0.82
0.674
0.232
0.042
0.241
0.943
0.411
0.0
0.242
0.481
0.777
0.473
0.737
0.244
0.936
0.358
0.629
0.788
0.215
0.18
0.272
0.93
0.646
0.189
0.107
0.918
0.71
0.832
0.864
0.911
0.926
0.412
0.023
0.879
0.12
0.23
0.442
0.127
0.751
