0.83
0.517
0.42
0.509
0.137
0.578
0.399
0.926
0.423
0.348
0.443
0.992
0.853
0.749
0.708
0.964
0.864
0.138
0.167
0.859
0.86
0.396
0.784
0.587
0.923
0.947
0.916
0.526
0.605
0.404
0.273
0.516
0.557
0.033
0.391
0.771
0.856
0.831
0.584
0.379
0.614
0.289
0.898
0.221
0.881
0.431
0.132
0.078
0.806
0.769
0.504
0.548
0.55
0.511
0.872
0.455
0.647
0.763
0.684
0.023
0.68
0.366
0.161
0.129
0.781
0.037
0.467
0.581
0.635
0.841
0.598
0.853
0.405
0.164
0.1
0.009
0.606
0.759
0.976
0.962
0.896
0.595
0.828
0.38
0.059
0.61
0.592
0.764
0.064
0.407
0.09
0.972
0.79
0.975
0.341
0.903
0.499
0.438
0.069
0.014
0.179
0.638
0.252
0.138
0.441
0.968
0.868
0.895
0.945
0.817
0.79
0.456
0.431
0.633
0.077
0.495
0.182
0.712
0.116
0.1
0.359
0.213
0.065
0.008
0.401
0.741
0.484
0.129
0.255
0.749
0.328
0.862
0.706
0.192
0.475
0.403
0.401
0.501
0.11
0.325
0.43
0.879
0.186
0.647
0.627
0.907
0.33
0.289
0.337
0.181
0.105
0.713
0.066
0.375
0.893
0.605
0.114
0.094
0.993
0.751
0.515
0.11
0.713
0.024
0.46
0.018
0.61
0.352
0.247
0.304
0.057
0.648
0.489
0.61
0.686
0.202
0.587
0.917
0.158
0.885
0.678
0.866
0.69
0.752
0.001
0.743
0.498
0.175
0.928
0.686
0.483
0.873
0.806
0.195
0.265
0.418
0.485
0.328
0.139
0.836
0.156
0.028
0.241
0.375
0.224
0.609
0.811
0.888
0.222
0.507
0.931
0.184
0.79
0.733
0.452
0.41
0.192
0.075
0.063
0.856
0.595
0.457
0.083
0.872
0.626
0.693
0.852
0.222
0.503
0.907
0.482
0.727
0.774
0.211
0.762
0.255
0.812
0.158
0.338
0.036
0.148
0.647
0.421
0.856
0.932
0.224
0.651
0.953
0.956
0.869
0.778
0.335
0.695
0.083
0.508
0.668
0.957
0.6
0.879
0.07
0.973
0.249
0.593
0.607
0.135
0.44
0.826
0.619
0.603
0.136
0.05
0.568
0.638
0.842
0.259
0.513
0.815
0.38
0.814
0.422
0.209
0.168
0.484
0.019
0.587
0.918
0.579
0.502
0.854
0.568
0.132
0.44
0.659
0.125
0.592
0.396
0.826
0.176
0.98
0.513
0.192
0.919
0.329
0.98
0.94
0.003
0.022
0.642
0.422
0.397
0.454
0.237
0.606
0.112
0.07
0.991
0.214
0.422
0.005
0.388
0.105
0.601
0.311
0.377
0.094
0.243
0.829
0.815
0.5
0.728
0.362
0.843
0.78
0
0.45
0.052
0.371
0.742
0.411
0.284
0.233
0.633
0.84
0.638
0.438
0.112
0.347
0.834
0.594
0.997
0.279
0.253
0.936
0.623
0.008
0.676
0.85
0.279
0.274
0.127
0.47
0.604
0.71
0.299
0.742
0.152
0.187
0.671
0.408
0.99
0.017
0.774
0.739
0.698
0.986
0.185
0.868
0.703
0.116
0.514
0.169
0.111
0.577
0.007
0.789
0.305
0.537
0.881
0.398
0.362
0.764
0.581
0.505
0.116
0.02
0.381
0.313
0.173
0.354
0.096
0
0.914
0.377
0.297
0.879
0.173
0.492
0.8
0.04
0.755
0.972
0.467
0.047
0.621
0.697
0.472
0.285
0.803
0.814
0.565
0.176
0.345
0.688
0.03
0.524
0.293
0.376
0.987
0.672
0.523
0.414
0.913
0.222
0.123
0.987
0.951
0.832
0.94
0.491
0.174
0.489
0.47
0.288
0.07
0.944
0.798
0.413
0.949
0.453
0.983
0.933
0.841
0.646
0.714
0.446
0.07
0.511
0.237
0.389
0.617
0.633
0.518
0.809
0.644
0.441
0.181
0.792
0.254
0.347
0.725
0.368
0.97
0.01
0.272
0.683
0.116
0.524
0.805
0.303
0.99
0.322
0.28
0.471
0.755
0.409
0.022
0.486
0.5
0.3
0.038
0.81
0.846
0.143
0.758
0.46
0.185
0.435
0.292
0.979
0.091
0.682
0.949
0.109
0.639
0.607
0.592
0.685
0.895
0.017
0.611
0.437
0.749
0.912
0.058
0.498
0.137
0.361
0.536
0.423
0.364
0.534
0.65
0.958
0.581
0.776
0.888
0.671
0.336
0.715
0.39
0.491
0.759
0.27
0.169
0.673
0.418
0.939
0.655
0.88
0.493
0.384
0.22
0.059
0.783
0.328
0.419
0.086
0.032
0.687
0.992
0.559
0.969
0.96
0.472
0.835
0.967
0.701
0.638
0.967
0.48
0.739
0.951
0.117
0.043
0.824
0.462
0.34
0.15
0.117
0.941
0.887
0.539
0.435
0.627
0.362
0.957
0.219
0.674
0.552
0.343
0.052
0.575
0.697
0.313
0.66
0.969
0.436
0.432
0.23
0.932
0.593
0.666
0.778
0.583
0.164
0.576
0.636
0.867
0.349
0.835
0.331
0.277
0.822
0.119
0.713
0.418
0.245
0.616
0.526
0.677
0.117
0.712
0.804
0.747
0.886
0.483
0.586
0.383
0.702
0.278
0.902
0.586
0.127
0.201
0.176
0.984
0.461
0.286
0.837
0.856
0.792
0.415
0.235
0.148
0.782
0.187
0.006
0.743
0.001
0.576
0.254
0.79
0.653
0.06
0.327
0.403
0.385
0.178
0.989
0.508
0.327
0.202
0.969
0.226
0.962
0.172
0.534
0.218
0.487
0.684
0.29
0.274
0.246
0.185
0.119
0.855
0.429
0.736
0.056
0.18
0.528
0.946
0.479
0.978
0.058
0.906
0.472
0.013
0.431
0.218
0.858
0.435
0.559
0.542
0.34
0.928
0.742
0.77
0.889
0.808
0.391
0.871
0.836
0.274
0.512
0.792
0.801
0.905
0.332
0.096
0.579
0.372
0.818
0.805
0.869
0.727
0.284
0.05
0.337
0.415
0.51
0.844
0.277
0.834
0.857
0.881
0.598
0.054
0.23
0.042
0.993
0.727
0.704
0.695
0.962
0.532
0.271
0.522
0.096
0.865
0.051
0.289
0.507
0.516
0.171
0.882
0.856
0.112
0.588
0.697
0.722
0.892
0.98
0.185
0.411
0.121
0.072
0.678
0.903
0.743
0.566
0.119
0.574
0.32
0.084
0.828
0.425
0.902
0
0.27
0.12
0.798
0.966
0.987
0.153
0.905
0.79
0.835
0.648
0.221
0.873
0.352
0.274
0.241
0.754
0.871
0.655
0.536
0.664
0.225
0.243
0.019
0.688
0.117
0.422
0.299
0.904
0.392
0.923
0.754
0.783
0.509
0.224
0.458
0.842
0.513
0.699
0.023
0.21
0.134
0.628
0.673
0.346
0.669
0.261
0.102
0.952
0.369
0.718
0.316
0.903
0.231
0.392
0.951
0.903
0.719
0.38
0.852
0.326
0.198
0.561
0.729
0.631
0.357
0.872
0.669
0.582
0.977
0.889
0.392
0.122
0.157
0.921
0.137
0.163
0.94
0.751
0.378
0.345
0.769
0.023
0.814
0.119
0.562
0.192
0.964
0.556
0.886
0.186
0.082
0.598
0.256
0.637
0.204
0.186
0.933
0.126
0.136
0.251
0.498
0.59
0.787
0.835
0.647
0.862
0.052
0.092
0.206
0.123
0.465
0.888
0.084
0.615
0.333
0.268
0.562
0.804
0.545
0.803
0.302
0
0.342
0.063
0.077
0.94
0.953
0.182
0.639
0.433
0.022
0.536
0.256
0.756
0.431
0
0.335
0.069
0.475
0.014
0.929
0.578
0.788
0.484
0.61
0.612
0.45
0.407
0.791
0.217
0.747
0.502
0.046
0.233
0.23
0.069
0.512
0.467
0.414
0.439
0.264
0.54
0.164
0.309
0.946
0.558
0.786
0.638
0.929
0.969
0.882
0.588
0.938
0.931
0.307
0
0.287
0.831
0.002
0.316
0.624
0.784
0.964
0.429
0.037
0.594
0.582
0.363
0.12
0.982
0.105
0.755
0.991
0.789
0.48
0.761
0.581
0.103
0.855
0.588
0.865
0.322
0.841
0.74
0.493
0.702
0.893
0.61
0.802
0.984
0.074
0.688
0.602
0.151
0.414
0.355
0.642
0.42
0.017
0
0.415
0.694
0.778
0.36
0.033
0.237
0.574
0.136
0.018
0.437
0.847
0.285
0.246
0.191
0.242
0.932
0.935
0.189
0.101
0.073
0.103
