0.256
0.984
0.225
0.075
0.328
0.86
0.334
0.084
0.14
0.5
0.615
0.837
0.611
0.93
0.579
0.206
0.979
0.807
0.799
0.344
0.304
0.219
0.123
0.514
0.599
0.835
0.099
0.779
0.393
0.656
0.395
0.35
0.12
0.561
0.288
0.203
0.784
0.176
0.927
0.239
0.545
0.808
0.666
0.543
0.729
0.685
0.233
0.555
0.086
0.082
0.01
0.708
0.488
0.814
0.146
0.474
0.011
0.346
0.837
0.162
0.384
0.337
0.681
0.524
0.781
0.741
0.787
0.714
0.009
0.932
0.456
0.42
0.626
0.645
0.851
0.74
0.735
0.654
0.773
0.36
0.84
0.701
0.189
0.154
0.038
0.228
0.572
0.16
0.228
0.308
0.6
0.64
0.497
0.483
0.411
0.792
0.544
0.721
0.649
0.627
0.449
0.357
0.383
0.622
0.84
0.144
0.104
0.593
0.975
0.372
0.374
0.081
0.208
0.29
0.164
0.7
0.133
0.516
0.81
0.596
0.191
0.04
0.126
0.78
0.448
0.035
0.577
0.886
0.872
0.505
0.308
0.5
0
0.279
0.767
0.357
0.567
0.468
0.926
0.098
0.139
0.933
0.94
0.331
0.44
0.66
0.864
0.57
0.054
0.552
0.262
0.002
0.683
0.217
0.857
0.403
0.779
0.734
0.562
0.343
0.977
0.563
0.681
0.013
0.933
0.413
0.166
0.539
0.811
0.25
0.71
0.686
0.252
0.146
0.873
0.152
0.14
0.249
0.933
0.597
0.788
0.112
0.112
0.167
0.072
0.584
0.401
0.092
0.31
0.437
0.302
0.236
0.082
0.562
0.783
0.853
0.652
0.197
0.257
0.263
0.515
1.0
0.913
0.351
0.478
0.141
0.689
0.031
0.83
0.336
0.154
0.098
0.158
0.508
0.148
0.125
0.743
0.975
0.072
0.23
0.313
0.396
0.56
0.666
0.848
0.577
0.047
0.951
0.217
0.96
0.855
0.996
0.653
0.874
0.337
0.818
0.937
0.613
0.429
0.753
0.296
0.246
0.554
0.513
0.429
0.065
0.651
0.381
0.344
0.634
0.18
0.346
0.468
0.952
0.77
0
0.847
0.434
0.802
0.054
0.951
0.047
0.762
0.023
0.351
0.335
0.873
0.656
0.555
0.783
0.704
0.146
0.372
0.266
0.492
0.889
0.217
0.5
0.401
0.041
0.545
0.608
0.485
0.92
0.988
0.852
0.219
0.884
0.524
0.096
0.494
0.727
0.161
0.713
0.351
0.134
0.179
0.254
0.143
0.372
0.137
0.131
0.839
0.253
0.623
0.914
0.051
0.89
0.549
0.824
0.96
0.528
0.816
0.154
0.304
0.202
0.964
0.502
0.077
0.28
0.374
0.029
0.208
0.936
0.945
0.427
0.168
0.924
0.253
0.966
0.134
0.961
0.815
0.89
0.213
0.592
0.766
0.783
0.397
0.85
0.488
0.06
0.121
0.802
0.741
0.414
0.298
0.348
0.975
0.622
0.795
0.244
0.846
0.246
0.224
0.285
0.511
0.887
0.416
0.599
0.991
0.529
0.448
0.331
0.583
0.788
0.122
0.798
0.031
0.026
0.133
0.753
0.604
0.8
0.584
0.606
0.125
0.366
0.18
0.437
0.399
0.22
0.486
0.278
0.612
0.972
0.412
0.264
0.882
0.725
0.73
0.586
0.45
0.283
0.681
0.101
0.157
0.237
0.387
0.8
0.832
0.966
0.16
0.619
0.562
0.345
0.776
0.521
0.553
0.985
0.882
0.399
0.389
0.937
0.176
0.09
0.351
0.618
0.429
0.661
0.215
0.598
0.71
0.375
0.699
0.314
0.352
0.794
0.458
0.948
0.058
0.408
0.988
0.382
0.756
0.685
0.726
0.17
0.633
0.091
0.285
0.486
0.479
0.569
0.864
0.808
0.08
0.225
0.544
0.079
0.339
0.905
0.734
0.795
0.318
0.471
0.055
0.863
0.84
0.059
0.366
0.033
0.659
0.998
0.126
0.13
0.53
0.066
0.819
0.942
0.771
0.692
0.971
0.079
0.764
0.755
0.19
0.789
0.535
0.599
0.464
0.147
0.228
0.228
0.671
0.616
0.84
0.291
0.351
0.553
0.34
0.278
0.853
0.689
0.862
0.28
0.174
0.867
0.33
0.226
0.731
0.561
0.564
0.304
0.833
0.78
0.481
0.057
0.593
0.759
0.421
0.536
0.406
0.064
0.114
0.319
0.119
0.757
0.005
0.056
0.821
0.682
0.545
0.937
0.724
0.584
0.45
0.633
0.294
0.632
0.376
0.687
0.031
0.359
0.651
0.746
0.784
0.983
0.003
0.594
0.749
0.762
0.492
0.322
0.316
0.142
0.206
0.543
0.261
0.305
0.56
0.675
0.057
0.205
0.658
0.978
0.141
0.895
0.102
0.207
0.952
0.58
0.219
0.434
0.613
0.999
0.996
0.933
0
0.199
0.089
0.971
0.055
0.371
0.241
0.913
0.533
0.601
0.848
0.05
0.052
0.212
0.586
0.733
0.355
0.473
0.772
0.882
0.72
0.314
0.863
0.103
0.253
0.061
0.245
0.596
0.456
0.302
0.012
0.347
0.778
0.946
0.738
0.121
0.967
0.671
0.333
0.762
0.574
0.846
0.178
0.534
0.366
0.881
0.618
0.809
0.639
0.281
0.264
0.327
0.199
0.282
0.434
0.23
0.189
0.315
0.279
0.732
0
0.629
0.364
0.515
0.306
0.078
0.809
0.233
0.148
0.813
0.162
0.387
0.122
0.361
0.158
0.168
0.298
0.111
0.482
0.111
0.545
0.97
0.945
0.751
0.767
0.598
0.066
0.183
0.628
0.302
0.026
0.359
0.582
0.931
0.221
0.96
0.37
0.569
0.279
0.899
0.488
0
0.698
0.33
0.93
0.962
0.994
0.161
0.048
0.001
0.34
0.325
0.607
0.425
0.344
0.314
0.016
0.062
0.827
0.137
0.237
0.773
0.725
0.424
0.267
0.154
0.219
0.091
0.869
0.567
0.295
0.544
0.727
0.471
0.402
0.538
0.314
0.722
0.311
0.706
0.464
0.607
0.951
0.624
0.609
0.675
0.518
0.206
0.088
0.892
0.263
0.628
0.06
0.343
0.226
0.287
0.947
0.807
0.485
0.644
0.241
0.501
0.474
0.084
0.027
0.636
0.023
0.964
0.389
0.283
0.008
0.142
0.323
0.387
0.54
0.715
0.083
0.85
0.772
0.947
0.617
0.72
0.392
0.408
0.71
0.782
0.978
0.07
0.105
0.62
0.215
0.985
0.72
0.599
0.572
0.387
0.503
0.9
0.167
0.398
0.041
0.213
0.01
0.837
0.077
0.829
0.237
0.727
0.346
0.47
0.597
0.011
0.295
0.367
0.732
0.54
0.317
0.752
0.314
0.693
0.155
0.42
0.03
0.489
0.404
0.461
0.43
0.058
0.854
0.329
0.012
0.704
0.156
0.422
0.706
0.978
0.773
0.015
0.905
0.593
0.015
0.842
0.938
0.178
0.361
0.943
0.264
0.81
0.368
0.062
0.151
0.333
0.577
0.859
0.028
0.102
0.707
0.228
0.821
0.088
0.358
0.692
0.781
0.123
0.513
0.199
0.38
0.392
0.16
0.043
0.886
0.026
0.941
0.009
0.641
0.143
0.775
0.066
0.019
0.499
0.469
0.347
0.455
0.268
0.147
0.523
0.708
0.691
0.512
0.773
0.957
0.645
0.767
0.157
0.598
0.2
0.467
0.966
0.318
0.566
0.944
0.785
0.351
0.479
0.235
0.094
0.368
0.718
0.579
0.298
0.064
0.916
0.258
0.002
0.182
0.966
0.203
0
0.785
0.827
0.06
0.488
0.175
0.642
0.755
0.805
0.371
0.833
0.606
0.876
0.592
0.858
0.233
0.802
0.19
0.99
0.87
0.891
0.474
0.707
0.148
0.637
0.029
0.46
0.697
0.581
0.881
0.18
0.901
0.249
0.937
0.023
0.274
0.22
0.853
0.344
0.804
0.101
0.109
0.028
0.659
0.897
0.617
0.591
0.419
0.22
0.126
0.191
0.343
0.205
0.481
0.347
0.058
0.053
0.49
0.351
0.015
0.529
0.092
0.132
0.72
0.875
0.523
0.755
0.797
0.874
0.347
0.105
0.789
0.52
0.408
0.298
0.397
0.033
0.404
0.426
0.432
0.124
0.911
0.453
0.974
0.442
0.045
0.006
0.169
0.936
0.865
0.281
0.993
0.629
0.891
0.194
0.943
0.049
0.32
0.644
0.841
0.425
0.862
0.827
0.073
0.506
0.72
0.809
0.623
0.786
0.826
0.794
0.722
0.652
0.473
0.613
