0.033
0.417
0.486
0.33
0.162
0.695
0.773
0.149
0.054
0.462
0.871
0.445
0.026
0.575
0.485
0.055
0.079
0.204
0.56
0.328
0.903
0.037
0.037
0.513
0.123
0.853
0.411
0.656
0.219
0.123
0.169
0.06
0.522
0.452
0.773
0.051
0.881
0.498
0.503
0.148
0.981
0.526
0.354
0.426
0.632
0.368
0.908
0.877
0.821
0.577
0.505
0.959
0.0
0.691
0.808
0.747
0.712
0.824
0.064
0.914
0.35
0.096
0.494
0.831
0.791
0.444
0.497
0.188
0.071
0.991
0.778
0.46
0.961
0.258
0.34
0.692
0.783
0.009
0.877
0.422
0.556
0.548
0.867
0.843
0.114
0.203
0.671
0.993
0.322
0.514
0.995
0.69
0.698
0.831
0.315
0.997
0.083
0.574
0.672
0.643
0.737
0.845
0.928
0.79
0.273
0.668
0.153
0.149
0.495
0.901
0.107
0.593
0.271
0.832
0.367
0.823
0.412
0.764
0.844
0.66
0.781
0.364
0.824
0.168
0.62
0.228
0.439
0.505
0.237
0.963
0.767
0.909
0.51
0.417
0.883
0.446
0.28
0.392
0.197
0.143
0.03
0.468
0.194
0.367
0.898
0.527
0.453
0.525
0.673
0.52
0.738
0.848
0.783
0.608
0.877
0.062
0.186
0.658
0.165
0.556
0.483
0.064
0.877
0.06
0.094
0.418
0.042
0.286
0.385
0.155
0.555
0.692
0.89
0.388
0.4
0.93
0.24
0.94
0.114
0.023
0.013
0.073
0.291
0.402
0.614
0.641
0.797
0.956
0.679
0.276
0.847
0.969
0.075
0.223
0.462
0.137
0.62
0
0.198
0.003
0.215
0.075
0.768
0.177
0.889
0.682
0.291
0.844
0.866
0.617
0.379
0.142
0.78
0.095
0.048
0.958
0.253
0.061
0.441
0.963
0.715
0.956
0.603
0.442
0.452
0.239
0.76
0.504
0.48
0.435
0.004
0.069
0.625
0.556
0.211
0.837
0.519
0.314
0.895
0.922
0.656
0.216
0.454
0.359
0.208
0.598
0.068
0.229
0.465
0.848
0.788
0.509
0.293
0.12
0.504
0.359
0.132
0.163
0.424
0.305
0.38
0.339
0.108
0.089
0.189
0.468
0.415
0.719
0.688
0.021
0.085
0.459
0.914
0.08
0.948
0.764
0.307
0.451
0.526
0.237
0.514
0.253
0.998
0.694
0.188
0.59
0.944
0.651
0.281
0.735
0.448
0.837
0.376
0.784
0.722
0.744
0.482
0.654
0.272
0.185
0.485
0.641
0.657
0.08
0.818
0.767
0.49
0.943
0.435
0.189
0.478
0.609
0.222
0.804
1.0
0.183
0.583
0.318
0.861
0.915
0.957
0.883
0.681
0.245
0.036
0.813
0.73
0.498
0.746
0.759
0.465
0.131
0.033
0.91
0.395
0.122
0.468
0.419
0.127
0.817
0.947
0.188
0.219
0.643
0.39
0.925
0.253
0.662
0.861
0.77
0.641
0.647
0.753
0.195
0.716
0.432
0.854
0.206
0.498
0.247
0.902
0.031
0.619
0.667
0.73
0.293
0.205
0.515
0.803
0.018
0.698
0.243
0.674
0.128
0.785
0.014
0.483
0.554
0.04
0.581
0.26
0.752
0.848
0.813
0.67
0.482
0.649
0.957
0.262
0.662
0.36
0.982
0.171
0.481
0.641
0.748
0.361
0.469
0.547
0.673
0.88
0.063
0.429
0.078
0.036
0.059
0.838
0.388
0.273
0.774
0.116
0.714
0.981
0.308
0.872
0.059
0.482
0.851
0.391
0.033
0.235
0.464
0.807
0.101
0.809
0.672
0.048
0.462
0.582
0.849
0.458
0.295
0.433
0.634
0.598
0.14
0.174
0.831
0.802
0.707
0.318
0.578
0.812
0.68
0.263
0.182
0.457
0.945
0.434
0.969
0.958
0.6
0.32
0.366
0.645
0.947
0.803
0.965
0.405
0.772
0.824
0.363
0.071
0.899
0.208
0.136
0.872
0.333
0.667
0.206
0.029
0.996
0.373
0.071
0.459
0.188
0.941
0.442
0.742
0.488
0.543
0.517
0.334
0.559
0.71
0.976
0.864
0.697
0.989
0.12
0.932
0.519
0.362
0.591
0.28
0.321
0.465
0.198
0.215
0.235
0.808
0.753
0.071
0.863
0.013
0.686
0.406
0.236
0.997
0.129
0.201
0.062
0.98
0.83
0.519
0.048
0.506
0.679
0.656
0.572
0.705
0.371
0.556
0.73
0.347
0.722
0.855
0.099
0.913
0.987
0.921
0.089
0
0.743
0.123
0.221
0.03
0.308
0.243
0.7
0.097
0.736
0.699
0.867
0.456
0.391
0.593
0.052
0.022
0.251
0.865
0.089
0.875
0.38
0.204
0.428
0.319
0.273
0.428
0.052
0.181
0.153
0.789
0.72
0.507
0.962
0.814
0.067
0.698
0.124
0.6
0.608
0.079
0.775
0.35
0.492
0.636
0.865
0.582
0.208
0.245
0.247
0.736
0.761
0.598
0.949
0.601
0.153
0.708
0.286
0.416
0.446
0.336
0.82
0.023
0.926
0.358
0.182
0.75
0.091
0.986
0.742
0.735
0.301
0.616
0.592
0.305
0.53
0.274
0.291
0.141
0.748
0.538
0.682
0.641
0.873
0.65
0.199
0.04
0.639
0.513
0.161
0.955
0.523
0.031
0.156
0.802
0.2
0.749
0.477
0.483
0.459
0.815
0.932
0.404
0.37
0.876
0.2
0.292
0.693
0.597
0.441
0.558
0.129
0.59
0.728
0.398
0.669
0
0.994
0.377
0.001
0.739
0.931
0.844
0.036
0.025
0.229
0.879
0.623
0.285
0.239
0.424
0.755
0.243
0.721
0.07
0.124
0.632
0.6
0.537
0.239
0.835
0.95
0.334
0.226
0.868
0.986
0.9
0.895
0.264
0.674
0.785
0.028
0.325
0.782
0.386
0.955
0.475
0.903
0.208
0.167
0.183
0.3
0.304
0.762
0.362
0.188
0.702
0.699
0.139
0.548
0.245
0.439
0.393
0.889
0.41
0.924
0.594
0.309
0.511
0.506
0.38
0.248
0.497
0.246
0.591
0.391
0.373
0.755
0.734
0.582
0.835
0.77
0.487
0.089
0.76
0.301
0.345
0.538
0.401
0.096
0.895
0.263
0.893
0.667
0.49
0.116
0.194
0.28
0.442
0.917
0.351
0.439
0.103
0.846
0.612
0.26
0.464
0.707
0.295
0.93
0.322
0.989
0.634
0.366
0.35
0.563
0.811
0.933
0.088
0.53
0.472
0.156
0.194
0.563
0.232
0.011
0.457
0.802
0.4
0.865
0.548
0.956
0.045
0.53
0.967
0.638
0.811
0.338
0.97
0.004
0.418
0.453
0.835
0.037
0.917
0.58
0.663
0.701
0.241
0.431
0.169
0.35
0.919
0.362
0.689
0.823
0.667
0.843
0.262
0.917
0.424
0.666
0.515
0.632
0.662
0.314
0.811
0.916
0.593
0.689
0.552
0.192
0.76
0.557
0.012
0.71
0.093
0.487
0.883
0.173
0.869
0.163
0.165
0.373
0.109
0.456
0.81
0.117
0.03
1.0
0.607
0.532
0.762
0.785
0.136
0.188
0.639
0.252
0.566
0.582
0.923
0.446
0.242
0.637
0.837
0.998
0.83
0.046
0.804
0.432
0.488
0.259
0.403
0.202
0.324
0.095
0.837
0.717
0.229
0.19
0.369
0.347
0.98
0.417
0.113
0
0.324
0.362
0.991
0.505
0.334
0.924
0.382
0.062
0.307
0.868
0.461
0.277
0.423
0.556
0.327
0.223
0
0.092
0
0.223
0.215
0.854
0.482
0.606
0.209
0.478
0.026
0.6
0.247
0.215
0.391
0.692
0.879
0.329
0.739
0.601
0.312
0.686
0.666
0.248
0.381
0.885
0.802
0.491
0.527
0.08
0.265
0.349
0.528
0.974
0.742
0.414
0.215
0.423
0.943
0.776
0.457
0.041
0.826
0.555
0.908
0.807
0.636
0.698
0.059
0.164
0.416
0.287
0.89
0.117
0.504
0.198
0.994
0.807
0.249
0.015
0.153
0.405
0.188
0.264
0.506
0.728
0.338
0.044
0.012
0.473
0.91
0.193
0.122
0.987
0.274
0.681
0.306
0.126
0.671
0.834
0.586
0.74
0.183
0.906
0.606
0.495
0.819
0.853
0.291
0.004
0.126
0.383
0.817
0.859
0.059
0.706
0.473
0.162
0.196
0.887
0.167
0.237
0.083
0.33
0.035
0.781
0.452
0.354
0.927
0.567
0.552
0.038
0.191
0.523
0.096
0.068
