0.162
0.986
0.893
0.139
0.516
0.345
0.621
0.848
0.745
0.726
0.557
0.207
0.306
0.475
0.162
0.36
0.892
0.434
0.854
0.027
0.253
0.683
0.612
0.516
0.324
0.376
0.766
0.678
0.483
0.964
0.3
0.969
0.667
0.287
0.927
0.531
0.102
0.614
0.029
0.927
0.687
0.195
0.172
0.574
0.881
0.407
0.473
0.699
0.776
0.299
0.66
0.263
0.017
0.738
0.827
0.459
0.74
0.894
0.476
0.243
0.84
0.822
0.861
0.591
0.1
0.82
0.121
0.232
0.731
0.454
0.623
0.975
0.863
0.454
0.196
0.062
0.825
0.566
0.578
0.295
0.445
0.265
0.83
0.303
0.955
0.642
0.101
0.154
0.058
0.461
0.465
0.274
0.915
0.329
0.586
0.51
0.582
0.13
0.035
0.992
0.724
0.184
0.842
0.845
0.179
0.796
0.254
0.967
0.751
0.207
0.79
0.626
0.691
0.689
0.813
0.217
0.377
0.64
0.625
0.282
0.627
0.103
0.293
0.364
0.845
0.092
0.184
0.247
0.404
0.045
0.671
0.984
0.152
0.42
0.031
0.553
0.704
0.712
0.315
0.564
0.233
0.934
0.886
0.112
0.117
0.455
0.712
0.231
0.693
0.393
0.47
0.364
0.769
0.382
0.232
0.034
0.63
0.711
0.158
0.91
0.246
0.402
0.049
0.536
0.722
0.567
0.007
0.748
0.47
0.455
0.352
0.026
0.286
0.308
0.515
0.486
0.463
0.077
0.414
0.896
0.861
0.144
0.76
0.874
0.6
0.557
0.771
0.452
0.442
0.776
0.503
0.895
0.685
0.313
0.026
0.626
0.469
0.728
0.802
0.22
0.825
0.518
0.642
0.716
0.051
0.016
0.344
0.486
0.223
0.488
0.628
0.398
0.685
0.047
0.038
0.915
0.791
0.916
0.301
0.493
0.324
0.841
0.254
0.889
0.574
0.351
0.587
0.718
0.898
0.934
0.659
0.318
0.022
0.504
0.136
0.276
0.519
0.558
0.185
0.932
0.342
0.129
0.383
0.997
0.733
0.071
0.802
0.035
0.3
0.24
0.088
0.826
0.172
0.011
0.528
0.644
0.829
0.76
0.263
0.396
0.664
0.006
0.681
0.706
0.771
0.347
0.176
0.885
0.888
0.473
0.463
0.113
0.478
0.027
0.907
0.703
0.262
0.826
0.003
0.705
0.453
0.383
0.537
0.807
0.004
0.89
0.557
0.157
0.547
0.796
0.197
0.571
0.348
0.565
0.979
0.262
0.679
0.467
0.962
0.736
0.511
0.132
0.402
0.818
0.072
0.468
0.919
0.156
0.669
0.135
0.315
0.984
0.199
0.717
0.917
0.468
0.431
0.242
0.859
0.498
0.292
0.513
0.975
0.676
0.77
0.361
0.643
0.076
0.44
0.646
0.748
0.873
0.917
0.242
0.669
0.586
0.724
0.372
0.437
0.788
0.674
0.572
0.529
0.865
0.114
0.532
0.27
0.933
0.557
0.383
0.994
0.678
0.383
0.511
0.785
0.718
0.725
0.218
0.444
0.357
0.729
0.255
0.424
0.305
0.789
0.029
0.072
0.921
0.225
0.061
0.763
0.13
0.31
0.664
0.221
0.354
0.066
0.666
0.126
0.836
0.512
0.113
0.27
0.532
0.644
0.331
0.256
0.899
0.153
0.172
0.116
0.324
0.157
0.772
0.268
0.823
0.354
0.911
0.219
0.574
0.851
0.905
0.293
0.618
0.374
0.068
0.445
0.004
0.065
0.522
0.763
0.129
0.554
0.44
0.383
0.793
0.093
0.926
0.862
0.302
0.465
0.955
0.799
0.552
0.601
0.914
0.685
0.294
0.516
0.855
0.212
0.841
0.717
0.483
0.694
0.836
0.581
0.515
0.218
0.028
0.028
0.31
0.134
0.966
0.371
0.611
0.36
0.847
0.804
0.475
0.681
0.972
0.868
0.128
0.402
0.534
0.242
0.812
0.814
0.874
0.274
0.747
0.284
0.646
0.845
0.048
0.452
0.682
0.357
0.636
0.91
0.121
0.141
0.521
0.394
0.787
0.458
0.645
0.852
0.475
0.16
0.11
0.563
0.429
0.008
0.341
0.628
0.773
0.858
0.679
0.691
0.626
0.287
0.518
0.993
0.87
0.829
0.712
0.52
0.594
0.918
0.355
0.998
0.387
0.404
0.432
0.816
0.174
0.35
0.06
0.994
0.058
0.749
0.207
0.037
0.922
0.125
0.865
0.768
0.787
0.138
0.241
0.54
0.643
0.703
0.533
0.007
0.77
0.082
0.801
0.261
0.954
0.573
0.696
0.3
0.54
0.321
0.848
0.877
0.621
0.039
0.172
0.377
0.509
0.176
0.063
0.369
0.941
0.769
0.705
0.539
0.606
0.607
0.972
0.837
0.492
0.384
0.528
0.29
0.409
0.255
0.655
0.041
0.859
0.207
0.536
0.266
0.04
0.319
0.761
0.144
0.719
0.65
0.52
0.956
0.414
0.123
0.011
0.502
0.356
0.466
0.966
0.873
0.349
0.083
0.929
0.286
0.918
0.842
0.21
0.022
0.588
0.616
0.37
0.243
0.045
0.888
0.015
0.924
0.204
0.018
0.667
0.815
0.704
0.052
0.205
0.162
0.54
0.128
0.968
0.88
0.572
0.261
0.252
0.809
0.003
0.287
0.523
0.514
0.057
0.699
0.754
0.02
0.126
0.578
0.283
0.727
0.182
0.717
0.793
0.002
0.757
0.791
0.414
0.609
0.252
0.789
0.754
0.871
0.229
0.966
0.834
0.668
0.925
0.312
0.145
0.26
0.935
0.93
0.972
0.965
0.214
0.34
0.104
0.52
0.528
0.09
0.453
0.783
0.419
0.715
0.359
0.379
0.14
0.702
0.745
0.906
0.973
0.354
0.945
0.301
0.905
0.269
0.508
0.894
0.16
0.118
0.535
0.189
0.095
0.17
0.502
0.679
0.349
0.84
0.118
0.291
0.264
0.86
0.033
0.39
0.127
0.864
0.275
0.245
0.846
0.639
0.412
0.853
0.295
0.52
0.506
0.083
0.773
0.831
0.094
0.181
0.018
0.274
0.822
0.216
0.697
0.055
0.369
0.287
0.939
0.748
0.884
0.787
0.458
0.315
0.566
0.214
0.187
0.399
0.369
0.632
0.14
0.682
0.996
0.631
0.008
0.017
0.663
0.121
0.186
0.021
0.42
0.602
0.951
0.071
0.426
0.185
0.742
0.343
0.402
0.927
0.179
0.213
0.727
0.088
0.702
0.147
0.648
0.257
0.251
0.512
0.402
0.487
0.112
0.01
0.693
0.662
0.384
0.66
0.97
0.969
0.149
0.315
0.88
0.768
0.653
0.432
0.062
0.757
0.995
0.059
0.751
0.08
0.314
0.734
0.232
0.621
0.034
0.989
0.064
0.523
0.73
0.258
0.372
0.409
0.417
0.128
0.683
0.103
0.513
0.807
0.373
0.584
0.034
0.83
0.845
0.93
0.664
0.146
0.186
0.444
0.501
0.507
0.164
0.909
0.332
0.286
0.116
0.293
0.097
0.963
0.306
0.302
0.901
0.159
0.223
0.48
0.359
0.939
0.221
0.863
0.127
0.919
0.161
0.586
0.774
0.365
0.066
0.763
0.985
0.081
0.019
0.975
0.038
0.47
0.242
0.742
0.524
0.372
0.577
0.181
0.567
0.558
0.914
0.896
0.301
0.437
0.245
0.256
0.668
0.202
0.012
0.946
0.981
0.198
0.335
0.686
0.014
0.475
0.522
0.39
0.701
0.571
0.419
0.985
0.298
0.838
0.364
0.858
0.875
0.798
0.235
0.581
0.718
0.107
0.883
0.887
0.296
0.581
0.064
0.578
0.167
0.287
0.309
0.974
0.679
0.616
0.611
0.137
0.771
0.425
0.31
0.66
0.582
0.867
0.266
0.288
0.03
0.844
0.279
0.322
0.95
0.162
0.855
0.984
0.308
0.907
0.353
0.023
0.423
0.398
0.876
0.04
0.421
0.883
0.816
0.773
0.236
0.921
0.155
0.003
0.451
0.992
0.812
0.691
0.136
0.903
0.858
0.399
0.849
0.594
0.454
0.734
0.049
0.983
0.679
0.539
0.39
0.424
0.386
0.36
0.308
0.703
0.875
0.209
0.307
0.706
0.619
0.468
0.883
0.993
0.312
0.131
0.388
0.943
0.671
0.426
0.439
0.422
0.81
0.65
0.919
0.543
0.355
0.14
0.817
0.62
0.545
0.173
0.269
0.824
0.781
0.344
0.414
0.14
0.816
0.215
0.431
0.788
0.096
0.724
0.553
0.687
0.083
0.78
0.676
0.03
0.41
0.15
0.981
0.885
0.034
0.486
0.483
