0.427
0.039
0.95
0.302
0.324
0.47
0.29
0.726
0.659
0.13
0.869
0.245
0.173
0.432
0.385
0.753
0.525
0.808
0.916
0.458
0.215
0.587
0.212
0.435
0.928
0.034
0.979
0.675
0.736
0.872
0.433
0.393
0.748
0.528
0.654
0.462
0.882
0.069
0.305
0.008
0.676
0.597
0.014
0.453
0.949
0.065
0.411
0.447
0.319
0.577
0.869
0.574
0.553
0.512
0.911
0.68
0.066
0.325
0.816
0.714
0.018
0.496
0.348
0.319
0.26
0.354
0.565
0.968
0.428
0.169
0.451
0.674
0.467
0.525
0.504
0.662
0.548
0.173
0.812
0.789
0.663
0.767
0.566
0.053
0.63
0.935
0.206
0.755
0.626
0.973
0.745
0.402
0.769
0.663
0.064
0.24
0.381
0.948
0.887
0.57
0.857
0.143
0.011
0.364
0.829
0.811
0.621
0.946
0.978
0.26
0.525
0.659
0.939
0.213
0.634
0.985
0.562
0.944
0.711
0.403
0.548
0.211
0.948
0.877
0.349
0.505
0.3
0.572
0.034
0.687
0.543
0.547
0.711
0.949
0.766
0.542
0.271
0.187
0.331
0.184
0.003
0.064
0.376
0.496
0.794
0.813
0.192
0.041
0.285
0.551
0.056
0.354
0.07
0.073
0.957
0.642
0.092
0.044
0.285
0.728
0.646
0.909
0.765
0.224
0.456
0.76
0.438
0.157
0.117
0.638
0.879
0.219
0.639
0.751
0.258
0.756
0.548
0.402
0.148
0.781
0.824
0.217
0.338
0.854
0.098
0.661
0.473
0.837
0.578
0.368
0.186
0.788
0.377
0.415
0.122
0.628
0.106
0.518
0.236
0.215
0.628
0.149
0.455
0.144
0.487
0.107
0.172
0.488
0.443
0.161
0.405
0.406
0.82
0.652
0.308
0.719
0.242
0.339
0.768
0.601
0.51
0.9
0.971
0.756
0.418
0.15
0.495
0.491
0.911
0.088
0.246
0.628
0.836
0.185
0.802
0.562
0.156
0.665
0.646
0.001
0.723
0.854
0.162
0.813
0.855
0.473
0.609
0.076
0.44
0.322
0.776
0.219
0.797
0.65
0.109
0.403
0.542
0.898
0.489
0.893
0.406
0.618
0.622
0.771
0.868
0.385
0.626
0.177
0.305
0.789
0.892
0.893
0.1
0.464
0.818
0.09
0.998
0.548
0.163
0.08
0.312
0.411
0.702
0.683
0.393
0.759
0.234
0.135
0.675
0.111
0.212
0.604
0.24
0.196
0.317
0.331
0.216
0.462
0.87
0.377
0.508
0.326
0.957
0.533
0.768
0.47
0.316
0.368
0.405
0.957
0.094
0.308
0.573
0.964
0.836
0.783
0.99
0.967
0.107
0.855
0.307
0.724
0.773
0.994
0.685
0.213
0.198
0.089
0.378
0.974
0.093
0.001
0.829
0.583
0.798
0.594
0.278
0.672
0.188
0.67
0.792
0.848
0.496
0.53
0.373
0.672
0.035
0.479
0.763
0.06
0.035
0.726
0.551
0.226
0.371
0.334
0.114
0
0.447
0.372
0.828
0.4
0.576
0.174
0.159
0.676
0.503
0.92
0.242
0.563
0.448
0.461
0.928
0.987
0.395
0.997
0.76
0.376
0.907
0.823
0.719
0.035
0
0.48
0.734
0.887
0.768
0.014
0.162
0.19
0
0.974
0.916
0.322
0.804
0.202
0.718
0.331
0.94
0.842
0
0.279
0.033
0.803
0.129
0.621
0.362
0.766
0.06
0.867
0.598
0.396
0.0
0.608
0.231
0.29
0.456
0.158
0.617
0.266
0.082
0.078
0.796
0.193
0.927
0.243
0.119
0.523
0.844
0.34
0.261
0.72
0.446
0.338
0.986
0.787
0.946
0.366
0.911
0.366
0.594
0.956
0.88
0.115
0.531
0.862
0.029
0.578
0.271
0.882
0.804
0.935
0.159
0.891
0.33
0.268
0.252
0.148
0.405
0.748
0.742
0.569
0.893
0.217
0.703
0.553
0.395
0.147
0.001
0.469
0.242
0.597
0.985
0.341
0.921
0.367
0.573
0.71
0.494
0.576
0.691
0.421
0.13
0.204
0.632
0.096
0.274
0.411
0.317
0.513
0.21
0.493
0.884
0.04
0.913
0.966
0.735
0.082
0.479
0.807
0.086
0.066
0.75
0.31
0.28
0.358
0.817
0.458
0.748
0.926
0.755
0.627
0.549
0.681
0.343
0.325
0.422
0.574
0.876
0.642
0.794
0.162
0.971
0.564
0.02
0.104
0.645
0.579
0.874
0.1
0.273
0.493
0.657
0.693
0.652
0.546
0.117
0.536
0.078
0.686
0.756
0.41
0.072
0.499
0.469
0.476
0.139
0.456
0.35
0.977
0.024
0.109
0.861
0.041
0.176
0.055
0.695
0.276
0.604
0.357
0.138
0.258
0.7
0.403
0.406
0.1
0.399
0.325
0.882
0.512
0.546
0.711
0.42
0.742
0.611
0.973
0.178
0.812
0.652
0.501
0.484
0.268
0.044
0.035
0.553
0.906
0.093
0.919
0.489
0.876
0.68
0.451
0.544
0.541
0.629
0.933
0
0.161
0.348
0.004
0.881
0.323
0.186
0.623
0.993
0.51
0.387
0.176
0.525
0.57
0.289
0.183
0.347
0.869
0.363
0.975
0.503
0.701
0.01
0.97
0.565
0.75
0.31
0.86
0.885
0.762
0.714
0.637
0.391
0.687
0.245
0.423
0.325
0.787
0.354
0.682
0.716
0.284
0.78
0.165
0.205
0.75
0.33
0.21
0.481
0.986
0.771
0.107
0.776
0.719
0.528
0.58
0.31
0.511
0.377
0.477
0.301
0.614
0.513
0.207
0.972
0.819
0.402
0.329
0.813
0.132
0.396
0.92
0.252
0.022
0.586
0.331
0.572
0.755
0.572
0.57
0.835
0.816
0.724
0.296
0.48
0.32
0.059
0.168
0.925
0.581
0.381
0.833
0.468
0.365
0.498
0.478
0.239
0.101
0.459
0.467
0.957
0.428
0.221
0.271
0.156
0.721
0.748
0.547
0.176
0.258
0.933
0.852
0.538
0.758
0.167
0.515
0.66
0.289
0.999
0.59
0.154
0.022
0.979
0.907
0.053
0.804
0.178
0.06
0.444
0.05
0.863
0.081
0.709
0.898
0.946
0.132
0.753
0.582
0.333
0.675
0.895
0.337
0.514
0.986
0.45
0.575
0.949
0.629
0.335
0.675
0.456
0.791
0.517
0.194
1.0
0.485
0.763
0.967
0.467
0.262
0.219
0.58
0.726
0.004
0.068
0.713
0.11
0.524
0.339
0.202
0.14
0.998
0.891
0.081
0.699
0.983
0.5
0.48
0.156
0.193
0.301
0.719
0.204
0.425
0.142
0.085
0.293
0.094
0.63
0.61
0.693
0.358
0.298
0.571
0.086
0.119
0.325
0.099
0.243
0.654
0.855
0.755
0.934
0.146
0.692
0.319
0.384
0.991
0.088
0.681
0.01
0.421
0.996
0.851
0.538
0.144
0.481
0.876
0.997
0.307
0.079
0.264
0.96
0.38
0.189
0.685
0.368
0.656
0.053
0.277
0.353
0.595
0.238
0.888
0.254
0.382
0.524
0.818
0.109
0.707
0.346
0.571
0.867
0.345
0.954
0.934
0.662
0.59
0.875
0.013
0.933
0.097
0.492
0.609
0.31
0.869
0.187
0.002
0.196
0.9
0.775
0.067
0.597
0.803
0
0.93
0.376
0.469
0.716
0.139
0.326
0.048
0.943
0.335
0.882
0.821
0.562
0.498
0.71
0.481
0.103
0.091
0.472
0.596
0.042
0.06
0.786
0.749
0.739
0.194
0.518
0.515
0.685
0.674
0.238
0.409
0.644
0.664
0.815
0.85
0.043
0.31
0.769
0.05
0.941
0.151
0.469
0.632
0.054
0.792
0.896
0.922
0.451
0.74
0
0.952
0.058
0.51
0.781
0.111
0.447
0.695
0.185
0.74
0.849
0.378
0.99
0.44
0.203
0.252
0.812
0.983
0.892
0.403
0.768
0.066
0.749
0.529
0.482
0.432
0.492
0.959
0.288
0.037
0.819
0.197
0.222
0.54
0.047
0.946
0.848
0.362
0.246
0.994
0.972
0.757
0.134
0.339
0.029
0.922
0.354
0.274
0.364
0.721
0.225
0.318
0.995
0.536
0.83
0.58
0.897
0.339
0.021
0.408
0.949
0.37
0.455
0.13
0.08
0.243
0.981
0.728
0.466
0.519
0.406
0.695
0.32
0.723
0.459
0.874
0.432
0.662
0.388
0.739
0.877
0.159
0.481
0.271
0.86
0.083
0.528
0.251
0.123
0.603
