0.749
0.879
0.063
0.662
0.269
0.039
0.111
0.08
0.971
0.162
0.175
0.862
0.039
0.174
0.003
0.426
0.01
0.623
0.133
0.031
0.784
0.006
0.065
0.578
0.13
0.321
0.127
0.252
0.45
0.822
0.321
0.016
0.7
0.834
0.043
0.681
0.029
0.089
0.641
0.607
0.668
0.142
0.0
0.099
0.222
0.157
0.226
0.932
0.267
0.534
0.302
0.159
0.712
0.897
0.708
0.486
0.351
0.659
0.816
0.735
0.435
0.638
0.268
0.886
0.246
0.411
0.065
0.399
0.835
0.224
0.329
0.82
0.894
0.47
0.652
0.614
0.1
0.93
0.547
0.709
0.12
0.87
0.901
0.824
0.439
0.063
0.878
0.979
0.764
0.286
0.212
0.026
0.257
0.766
0.839
0.936
0.422
0.103
0.399
0.951
0.785
0.837
0.47
0.573
0.341
0.824
0.049
0.482
0.106
0.326
0.853
0.871
0.555
0.343
0.893
0.042
0.274
0.481
0.728
0.671
0.72
0.676
0.279
0.619
0.627
0.856
0.608
0.474
0.367
0.453
0.135
0.333
0.164
0.772
0.55
0.154
0.659
0.868
0.323
0.456
0.59
0.727
0.25
0.36
0.196
0.518
0.973
0.693
0.759
0.505
0.566
0.579
0.455
0.973
0.034
0.096
0.936
0.437
0.293
0.257
0.075
0.372
0.084
0.18
0.288
0.102
0.69
0.876
0.234
0.631
0.207
0.182
0.167
0.344
0.398
0.183
0.871
0.711
0.498
0.409
0
0.073
0.317
0.493
0.287
0.38
0.955
0.749
0.207
0.483
0.531
0.036
0.295
0.223
0.826
0.605
0.904
0.34
0.776
0.985
0.603
0.193
0.855
0.117
0.854
0.361
0.391
0.693
0.281
0.744
0
0.397
0.099
0.968
0.617
0.334
0.085
0.08
0.551
0.232
0.39
0.542
0.004
0.45
0.873
0.946
0.515
0.313
0.919
0.391
0.803
0.598
0.122
0.961
0.547
0.664
0.904
0.356
0.802
0.811
0.958
0.383
0.236
0.774
0.056
0.178
0.901
0.955
0.79
0.499
0.599
0.842
0.413
0.497
0.004
0.102
0.157
0.241
0.128
0.128
0.444
0.953
0.762
0.808
0.859
0
0.787
0.826
0.385
0.986
0.184
0.235
0.619
0.27
0.56
0.942
0.553
0.464
0.002
0.748
0.076
0.112
0.923
0.083
0.87
0.697
0.071
0.476
0.577
0.757
0.407
0.698
0.76
0.079
0.698
0.81
0.084
0.726
0.492
0.772
0.758
0.373
0.865
0.996
0.189
0.46
0.708
0.349
0.964
0.619
0.538
0.141
0.219
0.511
0.659
0.301
0.571
0.741
0.788
0.671
0.837
0.285
0.466
0
0.464
0.86
0.219
0.637
0.584
0.105
0.767
0.393
0.679
0.594
0.538
0.55
0.123
0.093
0.703
0.349
0.996
0.481
0.161
0.258
0.111
0.387
0.823
0.847
0.791
0.592
0.155
0.987
0.11
0.365
0.83
0.326
0.62
0.493
0.115
0.224
0.452
0.422
0.561
0.513
0.363
0.378
0.965
0.476
0.099
0.395
0.748
0.063
0.238
0.335
0.424
0.666
0.392
0.866
0.726
0.196
0.418
0.763
0.833
0.006
0.319
0.898
0.923
0.442
0.732
0.185
0.643
0.047
0.551
0.84
1.0
0.095
0.573
0.204
0.115
0.156
0.735
0.205
0.429
0.555
0.305
0.688
0.578
0.35
0.373
0.805
0.75
0.202
0.457
0.259
0.511
0.243
0.622
0.086
0.23
0.227
0.448
0.212
0.849
0.119
0.427
0.403
0.575
0.102
0.157
0.477
0.442
0.739
0.939
0.686
0.035
0.216
0.959
0.232
0.193
0.06
0.082
0.737
0.127
0.538
0.621
0.058
0.935
0.035
0.378
0.753
0.644
0.157
0.977
0.872
0.945
0.68
0.531
0.948
0.664
0.439
0.793
0.445
0.266
0.713
0.073
0.133
0.638
0.493
0.567
0.376
0.416
0.997
0.656
0.424
0.381
0.104
0.203
0.896
0.972
0.322
0.342
0.337
0.832
0.297
0.63
0.069
0.456
0.762
0.492
0.311
0.605
0.022
0.597
0.154
0.661
0.111
0.838
0.853
0.354
0.562
0.762
0.9
0.236
0.668
0.371
0.19
0.646
0.113
0.646
0.847
0.699
0.48
0.678
0.012
0.283
0.657
0.553
0.703
0.542
0.326
0.208
0.191
0.62
0.107
0.004
0.253
0.591
0.37
0.94
0.208
0.741
0.612
0.786
0.314
0.495
0.397
0.872
0.434
0.651
0.431
0.48
0.742
0.043
0.937
0.319
0.599
0.842
0.888
0.841
0.22
0.918
0.27
0.98
0.527
0.2
0.69
0.315
0.146
0.743
0.92
0.585
0.293
0.67
0.759
0.687
0.335
0.846
0.247
0.513
0.955
0.449
0.504
0.753
0.57
0.121
0.906
0.043
0.127
0.332
0.697
0.917
0.083
0.781
0.088
0.972
0.631
0.344
0.773
0.751
0.836
0.504
0.625
0.521
0.853
0.128
0.881
0.837
0.805
0.459
0.254
0.639
0.092
0.9
0.26
0.841
0.228
0.772
0.047
0.661
0.784
0.711
0.217
0.906
0.728
0.775
0.204
0.39
0.068
0.755
0.808
0.884
0.318
0.537
0.794
0.573
0.977
0.018
0.318
0.446
0.274
0.612
0.293
0.637
0.116
0.278
0.441
0.292
0.473
0.172
0.149
0.204
0.688
0.916
0.342
0.892
0.783
0.776
0.248
0.894
0.097
0.253
0.398
0.482
0.522
0.376
0.069
0.529
0.689
0.988
0.72
0.371
0.595
0.755
0
0.308
0.398
0.563
0.401
0.632
0.29
0.616
0.676
0.009
0.128
0.813
0.927
0.848
0.661
0.282
0.082
0.734
0.811
0.052
0.491
0.228
0.155
0.587
0.665
0.407
0.7
0.805
0.475
0.853
0.049
0.038
0.404
0.321
0.614
0.853
0.094
0.991
0.585
0.586
0.016
0.43
0.13
0.337
0.842
0.046
0.065
0.958
0.306
0.844
0.923
0.144
0.903
0.978
0.732
0.961
0.21
0.314
0.925
0.82
0.826
0.621
0.483
0.654
0.574
0.731
0.463
0.705
0.44
0.429
0.42
0.324
0.368
0.179
0.949
0.273
0.778
0.772
0.553
0.91
0.539
0.535
0.339
0.986
1.0
0.717
0.16
0.272
0.504
0.557
0.408
0.692
0.878
0.343
0.509
0.085
0.98
0.808
0.968
0.093
0.633
0.46
0.163
0.499
0.899
0.632
0.283
0.282
0.116
0.67
0.217
0.276
0.266
0.39
0.147
0.992
0.838
0.75
0.986
0.566
0.399
0.312
0.365
0.467
0.582
0.444
0.681
0.417
0.468
0.543
0.524
0.353
0.601
0.343
0.237
0.536
0.45
0.009
0.453
0.017
0.862
0.569
0.819
0.043
0.09
0.337
0.399
0.17
0.029
0.517
0.703
0.7
0.793
0.339
0.451
0.442
0.694
0.614
0.676
0.336
0.692
0.657
0.992
0.814
0.065
0.143
0.152
0.064
0.526
0.422
0.466
0.8
0.207
0.844
0.413
0
0.358
0.222
0.355
0.032
0.677
0.482
0.995
0.958
0.707
0.131
0.494
0.572
0.488
0.943
0.514
0.635
0.514
0.773
0.827
0.822
0.389
0.272
0.374
0.808
0.835
0.771
0.698
0.71
0.319
0.678
0.066
0.627
0.642
0.531
0.79
0.76
0.318
0.257
0.815
0.865
0.015
0.971
0.391
0.329
0.249
0.878
0.107
0.093
0.006
0.127
0.921
0.08
0.086
0.94
0.947
0.128
0.578
0.377
0.437
0.258
0.006
0.246
0.275
0.036
0.336
0.224
0.825
0.812
0.905
0.387
0.687
0.864
0.394
0.264
0.539
0.595
0.943
0.642
0.05
0.784
0.908
0.475
0.097
0.855
0.522
0.871
0.445
0.129
0.008
0.353
0.665
0.854
0.31
0.378
0.718
0.629
0.368
0.133
0.053
0.691
0.341
0.596
0.863
0.557
0.18
0.129
0.296
0.6
0.163
0.992
0.792
0.047
0.07
0.711
0.211
0.195
0.865
0.542
0.557
0.535
0.962
0.89
0.333
0.698
0.951
0.102
0.04
0.968
0.821
0.94
0.016
0.172
0.105
0.379
0.581
0.205
0.99
0.231
0.342
0.468
0.153
0.656
0.111
0.42
0.561
0.775
0.438
0.872
0.99
0.7
0.167
0.562
0.221
0.859
0.009
0.165
0.596
0.794
0.69
0.35
0.237
