0.79
0.026
0.457
0.494
0.368
0.725
0.359
0.707
0.023
0.944
0.376
0.686
0.491
0.345
0.018
0.105
0.847
0.203
0.654
0.571
0.594
0.004
0.073
0.194
0.167
0.128
0.061
0.937
0.209
0.27
0.795
0.544
0.253
0.407
0.186
0.653
0.368
0.001
0.729
0.533
0.108
0.336
0.047
0.189
0.056
0.416
0.728
0.792
0.87
0.567
0.206
0.004
0.203
0.563
0.436
0.938
0.156
0.114
0.541
0.256
0.035
0.634
0.534
0.937
0.053
0.214
0.188
0.728
0.459
0.373
0.315
0.747
0.036
0.492
0.113
0.532
0.422
0.649
0.869
0.217
0.34
0.085
0
0.89
0.96
0.833
0.774
0.288
0.151
0.167
0.164
0.404
0.864
0.433
0.154
0.249
0.909
0.749
0.272
0.291
0.4
0.328
0.165
0.555
0.636
0.328
0.064
0.553
0.117
0.111
0.34
0.418
0.409
0.82
0.5
0.746
0.39
0.638
0.106
0.907
0.134
0.549
0.379
0.148
0.027
0.612
0.601
0.603
0.497
0.951
0.728
0.649
0.31
0.11
0.99
0.043
0.524
0.618
0.249
0.559
0.463
0.883
0.92
0.221
0.84
0.361
0.176
0.032
0.432
0.887
0.55
0.352
0.279
0.492
0.827
0.001
0.043
0.33
0.306
0.278
0.783
0.401
0.146
0.691
0.009
0.871
0.393
0.689
0.759
0.056
0.071
0.754
0.097
0.052
0.547
0.784
0.783
0.376
0.031
0.163
0.548
0.782
0.811
0.499
0.702
0.359
0.55
0.1
0.005
0.8
0.931
0.193
0.664
0.593
0.622
0.228
0.506
0.185
0.761
0.214
0.018
0.518
0.356
0.997
0.54
0.186
0.84
0.895
0.008
0.272
0.142
0.469
0.956
0.789
0.335
0.829
0.373
0.934
0.101
0.928
0.958
0.725
0.579
0.264
0.107
0.571
0.271
0.905
0.973
0.337
0.87
0.657
0.204
0.865
0.124
0.505
0.809
0.025
0.633
0.929
0.746
0.845
0.761
0.051
0.057
0.076
0.642
0.289
0.19
0.785
0.661
0.368
0.52
0.566
0.006
0.268
0.256
0.919
0.1
0.68
0.83
0.287
0.58
0.588
0.996
0.273
0.183
0.56
0.028
0.459
0.074
0.355
0.066
0.638
0.269
0.901
0.155
0.082
0.694
0.825
0.639
0.47
0.212
0.839
0.605
0.58
0.966
0.671
0.499
0.635
0.753
0.868
0.769
0.113
0.425
0.589
0.307
0.087
0.364
0.709
0.458
0.064
0.101
0.048
0.702
0.428
0.436
0.119
0.213
0.323
0.502
0.643
0.409
0.076
0.437
0.302
0.846
0.091
0.055
0.836
0.048
0.606
0.802
0.599
0.774
0.778
0.077
0.502
0.44
0.086
0.528
0.038
0.216
0.331
0.244
0.656
0.85
0.653
0.773
0.216
0.772
0.143
0.953
0.811
0.726
0.391
0.175
0.499
0.224
0.344
0.99
0.839
0.279
0.778
0.982
0.193
0.863
0.896
0.307
0.109
0.152
0.786
0.888
0.525
0.621
0.017
0.801
0.944
0.812
0.689
0.561
0.831
0.453
0.814
0.547
0.029
0.59
0.296
0.479
0.808
0.552
0.158
0.745
0.515
0.81
0.387
0.156
0.232
0.195
0.245
0.082
0.733
0.257
0.522
0.323
0.609
0.977
0.631
0.237
0.788
0.885
0.862
0.653
0.749
0.059
0.155
0.783
0.733
0.617
0.95
0.862
0.435
0.489
0.331
0.172
0.772
0.521
0.106
0.563
0.216
0.392
0.314
0.396
0.029
0.398
0.363
0.351
0.997
0.662
0.968
0.256
0.088
0.212
0.973
0.275
0.235
0.136
0.759
0.162
0.909
0.411
0.593
0.95
0.473
0.74
0.135
0.042
0.204
0.239
0.941
0.36
0.212
0.765
0.229
0.468
0.348
0.528
0.72
0.825
0.997
0.999
0.833
0
0.875
0.099
0.645
0.985
0.984
0.488
0.142
0.87
0.043
0.499
0.979
0.344
0.767
0.42
0.273
0.969
0.796
0.983
0.143
0.051
0.297
0.418
0.627
0.088
0.48
0.238
0.649
0.573
0.53
0.728
0.596
0.363
0.953
0.161
0.13
0.042
0.632
0.544
0.393
0.072
0.391
0.355
0.472
0.907
0.747
0.034
0.463
0.542
0.295
0.585
0.27
0.812
0.382
0.236
0.034
0.543
0.896
0.377
0.523
0.844
0.867
0.238
0.028
0.555
0.125
0.054
0.008
0.2
0.048
0.654
0.125
0.507
0.221
0.026
0.414
0.87
0.142
0.214
0.964
0.188
0.01
0.78
0.824
0.675
0.856
0.409
0.618
0.838
0.991
0.603
0.615
0.265
0.937
0.474
0.597
0.374
0.186
0.115
0.665
0.401
0.083
0.806
0.343
0.597
0.612
0.164
0.354
0.525
0.799
0.471
0.325
0.343
0.465
0.629
0.627
0.843
0.693
0.741
0.539
0.678
0.076
0.685
0.027
0.143
0.135
0.648
0.456
0.47
0.963
0.558
0.849
0.959
0.242
0.757
0.666
0.939
0.796
0.663
0.648
0.493
0.698
0.079
0.954
0.593
0.607
0.649
0.101
0.093
0.907
0.275
0.769
0.444
0.993
0.551
0.287
0.639
0.426
0.195
0.345
0.328
0.84
0.655
0.676
0.782
0.739
0.777
0.966
0.129
0.257
0.014
0.99
0.086
0.756
0.163
0.539
0.893
0.511
0.449
0.192
0.768
0.577
0.132
0.521
0.417
0.388
0.25
0.948
0.763
0.608
0.106
0.738
0.289
0.538
0.63
0.034
0.788
0.045
0.471
0.906
0.232
0
0.393
0.771
0.117
0.091
0.392
0.192
0.908
0.742
0.934
0.791
0.623
0.741
0.568
0.465
0.939
0.505
0.079
0.819
0.974
0.376
0.372
0.55
0.491
0.286
0.023
0.1
0.471
0.58
0.31
0.253
0.85
0.287
0.851
0.154
0.31
0.794
0.561
0.614
0.847
0.71
0.88
0.942
0.323
0.025
0.244
0.669
0.832
0.823
0.506
0.137
0.623
0.986
0.238
0.938
0.677
0.226
0.542
0.461
0.298
0.703
0.883
0.046
0.901
0.314
0.217
0.947
0.757
0.163
0.108
0.869
0.808
0.842
0.605
0.113
0.595
0.325
0.032
0.383
0.389
0.838
0
0.038
0.811
0.014
0.889
0.349
0.053
0.748
0.699
0.85
0.608
0.05
0.288
0.484
0.999
0.855
0.092
0.622
0.86
0.767
0.119
0.602
0.731
0.659
0.44
0.008
0.658
0.664
0.791
0.874
0.24
0.933
0.078
0.306
0.91
0.274
0.942
0.979
0.372
0.236
0.821
0.439
0.333
0.648
0.202
0.059
0.254
0.843
0.964
0.373
0.539
0.404
0.354
0.533
0.543
0.78
0.349
0.514
0.912
0.156
0.499
0.577
0.911
0.481
0.341
0.524
0.309
0.499
0.974
0.386
0.742
0.838
0.025
0.958
0.929
0.277
0.952
0.232
0.195
0.68
0.109
0.083
0.512
0.5
0.083
0.965
0.004
0.211
0.175
0.612
0.094
0.155
0.554
0.522
0.233
0.47
0.137
0.575
0.815
0.76
0.052
0.451
0.031
0.07
0.632
0.271
0.878
0.198
0.128
0.225
0.851
0.302
0.292
0.254
0.163
0.767
0.656
0.075
0.43
0.907
0.78
0.574
0.035
0.032
0.648
0.746
0.051
0
0.024
0.515
0.862
0.866
0.499
0.812
0.118
0.188
0.224
0.089
0.292
0.366
0.099
0.153
0.42
0.01
0.489
0.314
0.786
0.638
0.103
0.503
0.725
0.895
0.912
0.521
0.604
0.968
0.144
0.652
0.077
0.718
0.755
0.4
0.411
0.735
0.406
0.057
0.35
0.444
0.6
0.69
0.947
0.567
0.938
0.551
0.369
0.415
0.32
0.206
0.711
0.213
0.468
0.51
0.667
0.36
0.458
0.813
0.267
0
0.865
0.958
0.686
0.011
0.404
0.549
0.491
0.803
0.045
0.744
0.796
0.652
0.884
0.018
0.185
0.026
0.374
0.867
0.064
0.373
0.188
0.988
0.565
0.022
0.378
0.384
0.336
0.525
0.843
0.203
0.837
0.25
0.169
0.571
0.39
0.005
0.836
0.496
0.761
0.432
0.026
0.899
0.642
0.637
0.269
0.262
0.197
0.882
0.441
0.856
0.263
0.838
0.751
0.188
0.326
0.663
0.95
0.339
0.898
0.565
0.348
0.609
0.245
0.18
0.13
0.671
0.901
0.742
