0.339
0.506
0.331
0.078
0.549
0.292
0.461
0.464
0.547
0.681
0.558
0.928
0.712
0.541
0.164
0.566
0.187
0.374
0.653
0.464
0.748
0.043
0.104
0.397
0.142
0.355
0.12
0.013
0.005
0.749
0.238
0.681
0.555
0.092
0.66
0.006
0.753
0.624
0.383
0.129
0.375
0.465
0.179
0.001
0.488
0.951
0.221
0.35
0.74
0.859
0.478
0.516
0.962
0.657
0.2
0.035
0.422
0.683
0.16
0.186
0.688
0.127
0.304
0.859
0.581
0.526
0.218
0.423
0.002
0.728
0.239
0.359
0.797
0.183
0.38
0.205
0.142
0.824
0.65
0.56
0.367
0.422
0.253
0.344
0.379
0.581
0.863
0.43
0.049
0.229
0.365
0.82
0.111
0.472
0.45
0.948
0.927
0.928
0.074
0.699
0.888
0.075
0.811
0.344
0.083
0.123
0.08
0.712
0.762
0.147
0.407
0.831
0.236
0.266
0.271
0.018
0.465
0.686
0.571
0.707
0
0.971
0.879
0.547
0.535
0.101
0.86
0.46
0.144
0.341
0.386
0.164
0.407
0.528
0.087
0.623
0.413
0.308
0.615
0.693
0.814
0.49
0.518
0.97
0.524
0.255
0.321
0.759
0.235
0.09
0.2
0.44
0.443
0.165
0.283
0.484
0.519
0.309
0.723
0.652
0.964
0.635
0.933
0.233
0.106
0.067
0.443
0.22
0.308
0.016
0.152
0.947
0.029
0.444
0.206
0.473
0.636
0.254
0.207
0.559
0.912
0.831
0.057
0.513
0.354
0.699
0.506
0.251
0.123
0.763
0.343
0.801
0.924
0.038
0.901
0.235
0.246
0.975
0.275
0.027
0.302
0.101
0.065
0.824
0.014
0.157
0.241
0.747
0.018
0.34
0.367
0.106
0.528
0.257
0.802
0.058
0.369
0.148
0.812
0.435
0.612
0.731
0.568
0.847
0.48
0.728
0.778
0.544
0.227
0.848
0.128
0.88
0.262
0.73
0.981
0.055
0.283
0.143
0.694
0.764
0.21
0.634
0.032
0.955
0.861
0.937
0.375
0.711
0.121
0.149
0.252
0.36
0.098
0.471
0.727
0.997
0.778
0.059
0.841
0.776
0.807
0.325
0.282
0.955
0.464
0.846
0.064
0.334
0.757
0.862
0.701
0.204
0.767
0.072
0.051
0.563
0.525
0.361
0.03
0.345
0.03
0.051
0.965
0.817
0.299
0.439
0.266
0.809
0.944
0.397
0.721
0.858
0.421
0.101
0.519
0.577
0.063
0.282
0.1
0.55
0.863
0.059
0.727
0.513
0.654
0.423
0.175
0.245
0.351
0.172
0.689
0.906
0.591
0.31
0.552
0.59
0.903
0.646
0.643
0.899
0.051
0.652
0.113
0.993
0.742
0.99
0.33
0.062
0.807
0.271
0.357
0.021
0.711
0.172
0.071
0.691
0.074
0.305
0.227
0.401
0.804
0.659
0.799
0.457
0.344
0.552
0.123
0.586
0.939
0.805
0.297
0.01
0.569
0.57
0.11
0.96
0
0.578
0.102
0.275
0.936
0.267
0.558
0.658
0.053
0.224
0.565
0.791
0.275
0.1
0.931
0.117
0.765
0.879
0.61
0.303
0.001
0.013
0.975
0.214
0.284
0.184
0.708
0.592
0.608
0.548
0.616
0.908
0.093
0.308
0.895
0.753
0.763
0.434
0.616
0.174
0.341
0.101
0.758
0.62
0.06
0.296
0.358
0.257
0.349
0.503
0.22
0.807
0.688
0.453
0.425
0.471
0.883
0.489
0.7
0.252
0.441
0.729
0.422
0.319
0.159
0.978
0.661
0.495
0.285
0.917
0.045
0.605
0.974
0.633
0.854
0.321
0.873
0.287
0.73
0.64
0.721
0.217
0.68
0.519
0.924
0.917
0.591
0.023
0.218
0.704
0.959
0.319
0.868
0.593
0.544
0.774
0.627
0.636
0.685
0.097
0.977
0.343
0.407
0.931
0.731
0.582
0.165
0.15
0.876
0.395
0.852
0.924
0.934
0.427
0.19
0.285
0.162
0.204
0.99
0.777
0.091
0.559
0.785
0.9
0.352
0.589
0.16
0.816
0.427
0.588
0.112
0.163
0.954
0.294
0.154
0.874
0.763
0.704
0.037
0.772
0.776
0.888
0.739
0.023
0.686
0.744
0.018
0.414
0.056
0.376
0.052
0.931
0.702
0.166
0.384
0.153
0.755
0.508
0
0.349
0.832
0.559
0.711
0.39
0.705
0.19
0.385
0.849
0.55
0.227
0.003
0.237
0.326
0.457
0.617
0.628
0.787
0.15
0.179
0.481
0.783
0.436
0.045
0.125
0.258
0.234
0.475
0.875
0.612
0.325
0.054
0.632
0.346
0.342
0.277
0.859
0.094
0.811
0.204
0.423
0.924
0.831
0.091
0.46
0.467
0.698
0.667
0.903
0.909
0.998
0.528
0.051
0.732
0.639
0.052
0.702
0.399
0.37
0.65
0.742
0.162
0.422
0.238
0.854
0.324
0.149
0.316
0.731
0.506
0.406
0.763
0.435
0.794
0.677
0.742
0.503
0.723
0.02
0.658
0.765
0.755
0.788
0.164
0.785
0.328
0.871
0.882
0.64
0.097
0.609
0.254
0.949
0.099
0.363
0.72
0.224
0.921
0.53
0.308
0.628
0.748
0.454
0.265
0.955
0.164
0.333
0.066
0.9
0.504
0.925
0.176
0.002
0.493
0.28
0.253
0.637
0.941
0.409
0.092
0.431
0.303
0.553
0.99
0.422
0.213
0.058
0.978
0.362
0.66
0.228
0.81
0.15
0.713
0.168
0.518
0.985
0.595
0.32
0.076
0.526
0.446
0.727
0.61
0.325
0.217
0.903
0.98
0.978
0.577
0.311
0.128
0.822
0.754
0.099
0.414
0.177
0.495
0.13
0.353
0.102
0.048
0.12
0.999
0.096
0.642
0.044
0.53
0.223
0.941
0.344
0.524
0.828
0.67
0.658
0.959
0.353
0.042
0.958
0.492
0.534
0.607
0.721
0.208
0.173
0.498
0.476
0.535
0.975
0.032
0.816
0.182
0.683
0.265
0.212
0.109
0.685
0.872
0.421
0.22
0.812
0.223
0.468
0.228
0.903
0.19
0.943
0.2
0.064
0.101
0.897
0.715
0
0.424
0.332
0.2
0.442
0.822
0.319
0.612
0.37
0.42
0.493
0.243
0.896
0.75
0.808
0.774
0.606
0.062
0.31
0.317
0.379
0.865
0.98
0.78
0.233
0.248
0.36
0.409
0.989
0.688
0.7
0.642
0.19
0.314
0.803
0.761
0.497
0.037
0.949
0.813
0.015
0.396
0.146
0.4
0.766
0.741
0.321
0.171
0.397
0.105
0.801
0.675
0.531
0.397
0.378
0.724
0.118
0.34
0.178
0.056
0.949
0.95
0.898
0.994
0.138
0.149
0.015
0.281
0.656
0.848
0.273
0.543
0.632
0.839
0.48
0.365
0.239
0.919
0.665
0.905
0.006
0.284
0.567
0.502
0.951
0.046
0.442
0.747
0.814
0.523
0.412
0.499
0.19
0.322
0.592
0.136
0.616
0.414
0.641
0.525
0.492
0.929
0.177
0.516
0.699
0.571
0.396
0.402
0.491
0.104
0.846
0.449
0.95
0.585
0.346
0.668
0.603
0.644
0.477
0.931
0.045
0.817
0.783
0.806
0.838
0.873
0.374
0.409
0.568
0.662
0.228
0.754
0.514
0.605
0.994
0.016
0.337
0.371
0.501
0
0.689
0.192
0.76
0.436
0.948
0.554
0.328
0.988
0.556
0.619
0.633
0.795
0.028
0.391
0.464
0.482
0.796
0.585
0.108
0.091
0.211
0.418
0.534
0.382
0.273
0.096
0.682
0.572
0.025
0.019
0.172
0.444
0.731
0.355
0.591
0.174
0.539
0.223
0.268
0.903
0.54
0.738
0.971
0.367
0.344
0.486
0.591
0.09
0.787
0.63
0.285
0.339
0.174
0.38
0.65
0.453
0.43
0.679
0.839
0.932
0.099
0.778
0.907
0.036
0.546
0.219
0.952
0.751
0.603
0.249
0.431
0.475
0.95
0.733
0.259
0.898
0.098
0.366
0.553
0.37
0.895
0.037
0.934
0.932
0.915
0.791
0.729
0.942
0.533
0.898
0.02
0.384
0.142
0.703
0.013
0.407
0.823
0.188
0.612
0.673
0.621
0.844
0.973
0.441
0.532
0.176
0.413
0.561
0.911
0.36
0.36
0.226
0.303
0.54
0.646
0.986
0.094
0.255
0.85
0.585
0.125
0.078
0.05
0.507
0.157
0.638
0.408
0.664
0.848
0.257
0.749
0.912
0.707
