0.451
0.267
0.888
0.521
0.049
0.731
0.137
0.792
0.585
0.143
0.801
0.748
0.142
0.012
0.701
0.748
0.422
0.766
0.289
0.26
0.483
0.243
0.699
0.175
0.126
0.208
0.242
0.966
0.838
0.499
0.434
0.06
0.933
0.183
0.107
0.029
0.017
0.757
0.063
0.588
0.347
0.279
0.061
0.263
0.825
0.606
0.421
0.474
0.239
0.981
0.993
0.598
0.697
0.666
0.654
0.836
0.23
0.466
0.823
0.129
0.625
0.283
0.978
0.689
0.987
0.501
0.403
0.601
0.569
0.489
0.102
0.959
0.748
0.042
0.323
0.093
0.035
0.152
0.128
0.174
0.49
0.711
0.391
0.443
0.218
0.229
0.274
0.377
0.524
0.562
0.753
0.681
0.957
0.933
0.502
0.599
0.919
0.585
0.374
0.65
0.108
0.913
0.572
0.904
0.901
0.359
0.826
0.79
0.912
0.605
0.199
0.187
0.905
0.202
0.354
0.068
0.765
0.405
0.907
0.02
0.589
0.79
0.729
0.419
0.363
0.095
0.727
0.309
0.793
0.913
0.966
0.095
0.769
0.095
0.04
0.866
0.878
0.74
0.884
0.84
0.03
0.985
0.329
0.198
0.744
0.727
0.138
0.24
0.062
0.006
0.04
0.913
0.276
0.655
0.679
0.887
0.646
0.281
0.554
0.638
0.634
0.435
0.222
0.352
0.638
0.243
0.707
0.103
0.707
0.393
0.613
0.322
0.374
0.844
0.963
0.053
0.322
0.481
0.021
0.225
0.928
0.104
0.654
0.772
0.537
0.63
0.376
0.565
0.321
0.651
0.794
0.487
0.336
0.94
0.425
0.861
0.384
0.799
0.909
0.281
0.922
0.15
0.302
0.991
0.684
0.142
0.998
0.867
0.113
0.532
0.666
0.672
0.359
0.903
0.169
0.797
0.016
0.273
0.145
0.022
0.893
0.943
0.498
0.534
0.162
0.758
0.547
0.311
0.283
0.594
0.62
0.864
0.262
0.629
0.503
0.183
0.991
0.735
0.659
0.454
0.439
0.335
0.383
0.447
0.992
0.713
0.307
0.748
0.56
0.956
0.756
0.244
0.901
0.81
0.173
0.516
0.857
0.744
0.069
0.973
0.192
0.067
0.629
0.892
0.575
0.62
0.198
0.875
0.162
0.535
0.232
0.551
0.826
0.064
0.153
0.824
0.401
0.245
0.572
0.818
0.015
0.651
0.413
0.449
0.355
0.171
0.907
0.832
0.758
0.028
0.152
0.679
0.563
0.377
0.507
0.716
0.953
0.201
0.838
0.147
0.65
0.379
0.25
0.527
0.764
0.24
0.45
0.448
0.235
0.186
0.631
0.913
0.408
0.689
0.591
0.527
0.925
0.517
0.958
0.537
0.161
0.831
0.521
0.516
0.162
0.106
0.854
0.21
0.215
0.829
0.191
0.048
0.794
0.257
0.103
0.066
0.918
0.922
0.704
0.368
0.179
0.131
0.122
0.36
0.634
0.71
0.501
0.805
0.248
0.139
0.34
0.159
0.749
0.453
0.206
0.343
0.381
0.559
0.468
0.6
0.023
0.084
0.197
0.141
0.85
0.511
0.38
0.762
0.914
0.961
0.614
0.873
0.033
0.716
0.016
0.14
0.407
0.711
0.046
0.296
0.303
0.801
0.657
0.564
0.085
0.876
0.116
0.125
0.343
0.769
0.957
0.251
0.801
0.076
0.03
0.636
0.054
0.014
0.358
0.375
0.723
0.695
0.328
0.406
0.086
0.375
0.183
0.067
0.248
0.417
0.163
0.636
0.333
0.507
0.503
0.462
0.459
0.736
0.875
0.203
0.468
0.28
0.024
0.637
0.993
0.339
0.904
0.347
0.172
0.859
0.439
0.527
0.962
0.865
0.325
0.208
0.164
0.406
0.413
0.368
0.951
0.557
0.996
0.864
0.439
0.512
0.405
0.671
0.181
0.1
0.471
0.226
0.676
0.054
0.645
0.045
0.506
0.187
0.708
0.275
0.347
0.562
0.622
0.952
0.257
0.708
0.606
0.511
0.13
0.853
0.53
0.98
0.061
0.868
0.879
0.228
0.921
0.821
0.796
0.343
0.876
0.901
0.562
0.578
0.341
0.097
0.824
0.644
0.009
0.227
0.857
0.751
0.821
0.545
0.067
0.027
0.399
0.592
0.472
0.823
0.49
0.281
0.258
0.927
0.832
0.892
0.981
0.148
0.233
0.628
0.993
0.318
0.707
0.557
0.627
0.726
0.987
0.74
0.515
0.416
0.165
0.122
0.62
0.225
0.24
0.688
0.077
0.927
0.984
0.198
0.597
0.172
0.556
0.722
0.456
0.506
0.0
0.211
0.667
0.346
0.242
0.506
0.825
0.57
0.868
0.259
0.752
0.716
0.905
0.416
0.535
0.105
0.712
0.371
0.684
0.371
0.646
0.417
0.23
0.297
0.849
0.313
0.613
0.903
0.752
0.074
0.951
0.188
0.92
0.112
0.278
0.015
0.411
0.715
0.544
0.334
0.346
0.891
0.017
0.582
0.542
0.287
0.345
0.701
0.318
0.267
0.774
0.896
0.935
0.158
0.973
0.889
0.066
0.581
0.16
0.855
0.741
0.193
0.372
0.508
0.767
0.276
0.118
0.102
0.422
0.719
0.963
0.356
0.504
0.784
0.224
0.684
0.992
0.621
0.086
0.576
0.559
0.587
0.098
0.523
0.739
0.564
0.32
0.589
0.719
0.255
0.945
0.488
0.74
0.061
0.42
0.602
0.543
0.069
0.32
0.903
0.887
0.962
0.509
0.634
0.449
0.175
0.568
0.345
0.65
0.045
0.523
0.765
0.273
0.467
0.145
0.192
0.961
0.61
0.441
0.337
0.294
0.323
0.108
0.053
0.944
0.994
0.569
0.873
0.764
0.05
0.432
0.829
0.445
0.195
0.694
0.379
0.903
0.498
0.685
0.387
0.754
0.671
0.8
0.911
0.742
0.716
0.767
0.227
0.852
0.663
0.621
0.821
0.647
0.171
0.093
0.796
0.571
0.077
0.386
0.165
0.184
0.336
0.37
0.567
0.344
0.363
0.486
0.305
0.887
0.947
0.206
0.274
0.612
0.615
0.013
0.235
0.411
0.445
0.778
0.666
0.15
0.871
0.423
0.08
0.086
0.218
0.716
0.827
0.816
0.437
0.691
0.252
0.162
0.605
0.524
0.519
0.882
0.721
0.897
0.44
0.314
0.717
0.028
0.871
0.891
0.019
0.555
0.489
0.494
0.318
0.983
0.789
0.903
0.625
0.292
0.69
0.742
0.428
0.887
0.857
0.933
0.555
0.228
0.377
0.672
0.247
0.094
0.911
0.886
0.23
0.808
0.086
0.064
0.177
0.016
0.689
0.006
0.579
0.308
0.657
0.238
0.558
0.696
0.322
0.967
0.677
0.004
0.808
0.632
0.817
0.296
0.567
0.234
0.973
0.564
0.94
0.656
0.049
0.127
0.236
0.086
0.133
0.082
0.35
0.548
0.746
0.196
0.455
0.209
0.863
0.56
0.279
0.662
0.24
0.396
0.897
0.183
0.489
0.68
0.587
0.511
0.225
0.175
0.28
0.879
0.101
0.27
0.415
0.637
0.398
0.361
0.858
0.228
0.19
0.536
0.707
0.55
0.66
0.544
0.419
0.501
0.268
0.212
0.453
0.982
0.711
0.319
0.912
0.891
0.93
0.464
0.603
0.264
0.046
0.553
0.687
0.997
0.521
0.561
0.99
0.18
0.364
0.082
0.988
0.552
0.548
0.175
0.298
0.601
0.954
0.487
0.974
0.137
0.451
0.759
0.445
0.557
0.008
0.019
0.712
0.196
0.858
0.811
0.035
0.096
0.734
0.703
0.796
0.098
0.344
0.995
0.425
0.439
0.319
0.851
0.5
0.996
0.943
0.906
0.988
0.585
0.206
0.795
0.94
0.27
0.89
0.035
0.834
0.18
0.302
0.01
0.681
0.997
0.78
0.902
0.715
0.08
0.165
0.379
0.163
0.165
0.38
0.041
0.979
0.248
0.805
0.751
0.153
0.79
0.747
0.916
0.373
0.602
0.593
0.329
0.098
0.242
0.901
0.594
0.374
0.18
0.005
0.222
0.542
0.321
0.103
0.981
0.343
0.044
0.647
0.522
0.829
0.663
0.62
0.402
0.004
0.017
0.809
0.961
0.521
0.06
0.547
0.238
0.725
0.757
0.752
0.638
0.948
0.433
0.997
0.798
0.166
0.361
0.665
0.351
0.751
0.758
0.382
0.944
0.451
0.745
0.453
0.421
0.398
0.497
0.374
0.709
0.556
0.091
0.564
0.659
0.699
0.673
0.774
0.027
0.252
0.759
0.66
0.535
0.886
0.978
0.883
0.031
0.595
