0.558
0.729
0.503
0.141
0.081
0.655
0.947
0.52
0.688
0.526
0.171
0.477
0.931
0.961
0.177
0.844
0.436
0.11
0.142
0.421
0.535
0.304
0.651
0.39
0.887
0.089
0.356
0.821
0.529
0.634
0.305
0.963
0.248
0.982
0.283
0.782
0.093
0.537
0.363
0.076
0.557
0.858
0.783
0.493
0.836
0.432
0.461
0.316
0.067
0.789
0.104
0.361
0.505
0.645
0.343
0.498
0.111
0.622
0.45
0.747
0.97
0.151
0.317
0.307
0.641
0.108
0.274
0.448
0.776
0.408
0.118
0.951
0.468
0.923
0.783
0.73
0.908
0.839
0.1
0.625
0.958
0.682
0.463
0.422
0.514
0.304
0.93
0.966
0.137
0.704
0.197
0.019
0.88
0.377
0.002
0.767
0.75
0.46
0.994
0.841
0.194
0.31
0.793
0.169
0.892
0.36
0.917
0.31
0.615
0.939
0.801
0.984
0.999
0.819
0.329
0.766
0.954
0.915
0.436
0.311
0.096
0.254
0.438
0.908
0.957
0.149
0.941
0.011
0.542
0.42
0.927
0.873
0.643
0.686
0.374
0.648
0.704
0.383
0.168
0.399
0.317
0.05
0.142
0.651
0.648
0.588
0.105
0.407
0.656
0.046
0.898
0.854
0.976
0.226
0.909
0.624
0.632
0.895
0.17
0.816
0.641
0.33
0.094
0.826
0.897
0.905
0.116
0.255
0.341
0.818
0.06
0.148
0.16
0.109
0.877
0.795
0.621
0.042
0.096
0.753
0.435
0.685
0.973
0.497
0.915
0.92
0.442
0.953
0.37
0.213
0.403
0.8
0.918
0.018
0.026
0.116
0.06
0.312
0.9
0.818
0.673
0.689
0.975
0.222
0.09
0.73
0.929
0.41
0.578
0.915
0.565
0.713
0.392
0.181
0.087
0.661
0.212
0.552
0.844
0.728
0.484
0.603
0.76
0.51
0.116
0.523
0.306
0.131
0.552
0.973
0.274
0.352
0.939
0.397
0.001
0.419
0.105
0.172
0.372
0.948
0.97
0.253
0.188
0.444
0.538
0.475
0.954
0.207
0.008
0.567
0.308
0.07
0.878
0.307
0.816
0.221
0.252
0.386
0.801
0.86
0.288
0.213
0.86
0.075
0.501
0.892
0.509
0.028
0.534
0.543
0.361
0.116
0.193
0.379
0.38
0.661
0.585
0.88
0.051
0.758
0.827
0.973
0.46
0.195
0.367
0.273
0.563
0.683
0.63
0.281
0.08
0.749
0.057
0.673
0.042
0.167
0.791
0.61
0.797
0.362
0.24
0.669
0.772
0.349
0.704
0.717
0.817
0.872
0.88
0.017
0.957
0.637
0.696
0.364
0.895
0.414
0.07
0.505
0.269
0.028
0.711
0.47
0.673
0.5
0.999
0.881
0.843
0.822
0.834
0.42
0.001
0.277
0.325
0.456
0.728
0.57
0.137
0.83
0.95
0.82
0.741
0.563
0.622
0.161
0.764
0.715
0.042
0.151
0.547
0.702
0.856
0.793
0.329
0.428
0.182
0.023
0.594
0.271
0.624
0.2
0.09
0.791
0.09
0.266
0.51
0.645
0.65
0.867
0.296
0.629
0.114
0.957
0.634
0.965
0.677
0.844
0.594
0.559
0.48
0.061
0.818
0.984
0.815
0.769
0.395
0.663
0.947
0.24
0.082
0.822
0.238
0.701
0.029
0.985
0.104
0.14
0.285
0.543
0.069
0.552
0.443
0.174
0.664
0.471
0.097
0.33
0.692
0.242
0.315
0.313
0.564
0.906
0.426
0.519
0.714
0.588
0.512
0.609
0.497
0.566
0.103
0.806
0.445
0.5
0.281
0.104
0.99
0.628
0.976
0.618
0.643
0.019
0.935
0.051
0.047
0.232
0.132
0.763
0.23
0.83
0.524
0.359
0.503
0.133
0.742
0.818
0.86
0.446
0.861
0.695
0.486
0.141
0.657
0.762
0.974
0.424
0.95
0.244
0.847
0.603
0.506
0.122
0.106
0.842
0.626
0.734
0.626
0.118
0.903
0.761
0.183
0.524
0.355
0.461
0.028
0.918
0.233
0.785
0.241
0.565
0.242
0.59
0.231
0.913
0.286
0.265
0.559
0.554
0.46
0.02
0.72
0.782
0.261
0.802
0.647
0.681
0.04
0.471
0.017
0.072
0.202
0.951
0.726
0.377
0.954
0.884
0.944
0.946
0.183
0.387
0.417
0.171
0.373
0.611
0.008
0.214
0.909
0.175
0.678
0.92
0.02
0.976
0.142
0.769
0.785
0.328
0.088
0.227
0.419
0.189
0.61
0.292
0.798
0.832
0.006
0.911
0.177
0.865
0.046
0.15
0.638
0.421
0.893
0.795
0.833
0.36
0.922
0.682
0.667
0.407
0.725
0.465
0.081
0.218
0.411
0.268
0.81
0.157
0.988
0.397
0.536
0.533
0.913
0.434
0.669
0.69
0.999
0.446
0.867
0.089
0.17
0.179
0.522
0.716
0.533
0.168
0.98
0.533
0.094
0.172
0.93
0.99
0.355
0.837
0.205
0.153
0.208
0.259
0.299
0.569
0.214
0.655
0.908
0.763
0.428
0.549
0.238
0.802
1.0
0.086
0.463
0.507
0.334
0.801
0.896
0.605
0.047
0.239
0.24
0.985
0.495
0.27
0.229
0.351
0.298
0.139
0.14
0.922
0.614
0.069
0.926
0.212
0.48
0.761
0.254
0.974
0.379
0.673
0.031
0.296
0.116
0.968
0.208
0.815
0.77
0.101
0.381
0.351
0.903
0.994
0.773
0.13
0.785
0.163
0.113
0.209
0.22
0.402
0.763
0.888
0.908
0.232
0.079
0.614
0.45
0.957
0.194
0.924
0.125
0.337
0.049
0.787
0.697
0.696
0.797
0.353
0.631
0.462
0.029
0.307
0.563
0.758
0.638
0.904
0.562
0.662
0.991
0.399
0.346
0.854
0.303
0.119
0.086
0.862
0.898
0.707
0.89
0.203
0.397
0.652
0.241
0.095
0.443
0.526
0.825
0.7
0.117
0.223
0.477
0.258
0.066
0.641
0.134
0.875
0.509
0.505
0.376
0.952
0.142
0.545
0.39
0.142
0.236
0.236
0.858
0.257
0.843
0.79
0.031
0.187
0.514
0.73
0.076
0.944
0.163
0.06
0.491
0.975
0.603
0.845
0.416
0.637
0.369
0.479
0.171
0.786
0.17
0.275
0.41
0.574
0.517
0.344
0.245
0.319
0.151
0.597
0.553
0.115
0.608
0.701
0.108
0.166
0.909
0.714
0.81
0.443
0.471
0.083
0.876
0.546
0.033
0.746
0.4
0.984
0.378
0.59
0.872
0.4
0.894
0.752
0.582
0.378
0.157
0.559
0.268
0.476
0.82
0.336
0.614
0.314
0.177
0.661
0.235
0.259
0.751
0.416
0.739
0.455
0.287
0.548
0.867
0.835
0.286
0.633
0.994
0.029
0.1
0.83
0.91
0.661
0.455
0.9
0.013
0.908
0.867
0.468
0.291
0.555
0.346
0.373
0.579
0.597
0.315
0.427
0.445
0.738
0.426
0.597
0.496
0.2
0.412
0.234
0.367
0.584
0.82
0.529
0.738
0.121
0.751
0.979
0.911
0.051
0.927
0.237
0.675
0.663
0.573
0.418
0.855
0.979
0.729
0.962
0.52
0.605
0.528
0.557
0.849
0.135
0.215
0.191
0.32
0.874
0.165
0.336
0.871
0.96
0.788
0.454
0.683
0.014
0.985
0.376
0.237
0.133
0.67
0.853
0.088
0.615
0.353
0.898
0.463
0.281
0.786
0.925
0.85
0.476
0.744
0.115
0.112
0.476
0.409
0.101
0.719
0.512
0.645
0.795
0.975
0.146
0.186
0.527
0.756
0.411
0.867
0.782
0.934
0.268
0.076
0.356
0.566
0.99
0.379
0.984
0.524
0.573
0.802
0.662
0.143
0.994
0.918
0.272
0.796
0.425
0.379
0.629
0.088
0.591
0.956
0.247
0.187
0.436
0.186
0.326
0.24
0.678
0.802
0.991
0.309
0.209
0.888
0.266
0.718
0.19
0.56
0.119
0.209
0.381
0.781
0.7
0.749
0.509
0.691
0.185
0.371
0.658
0.403
0.927
0.7
0.695
0.496
0.267
0.052
0.999
0.704
0.254
0.582
0.77
0.176
0.483
0.951
0.149
0.212
0.559
0.577
0.066
0.392
0.918
0.881
0.629
0.979
0.488
0.296
0.644
0.483
0.54
0.365
0.37
0.748
0.035
0.421
0.977
0.915
0.685
0.485
0.862
0.321
0.118
0.027
0.365
0.174
0.81
0.6
0.095
0.619
0.913
0.865
0.42
0.187
0.079
0.781
0.542
