0.566
0.698
0.578
0.205
0.915
0.967
0.75
0.255
0.66
0.31
0.69
0.046
0.311
0.478
0.304
0.617
0.432
0.05
0.404
0.055
0.029
0.855
0.629
0.969
0.199
0.381
0.693
0.753
0.353
0.396
0.961
0.768
0.222
0.922
0.007
0.83
0.193
0.667
0.959
0.255
0.078
0.064
0.982
0.333
0.213
0.056
0.738
0.264
0.175
0.358
0.94
0.48
0.93
0.776
0.186
0.941
0.413
0.565
0.626
0.682
0.377
0.896
0.584
0.865
0.086
0.542
0.187
0.898
0.196
0.078
0.065
0.667
0.035
0.788
0.952
0.836
0.629
0.666
0.275
0.622
0.08
0.465
0.689
0.342
0.923
0.226
0.755
0.618
0.259
0.008
0.234
0.509
0.354
0.916
0.408
0.81
0.249
0.944
0.634
0.984
0.316
0.488
0.036
0.205
0.227
0.795
0.051
0.324
0.457
0.835
0.818
0.386
0.61
0.068
0.342
0.445
0.622
0.035
0.801
0.611
0.903
0.257
0.205
0.582
0.74
0.247
0.496
0.938
0.189
0.163
0.39
0.043
0.25
0.008
0.813
0.852
0.414
0.61
0.189
0.76
0.821
0.551
0.418
0.521
0.046
0.873
0.355
0.641
0.078
0.108
0.564
0.832
0.835
0.907
0.249
0.087
0.477
0.108
0.687
0.65
0.325
0.585
0.969
0.041
0.688
0.187
0.307
0.577
0.948
0.11
0.254
0.706
0.037
0.648
0.134
0.05
0.021
0.657
0.605
0.869
0.367
0.691
0.189
0.797
0.126
0.931
0.893
0.1
0.086
0.18
0.636
0.455
0.301
0.977
0.398
0.808
0.808
0.539
0.208
0.553
0.129
0.346
0.503
0.06
0.036
0.675
0.1
0.598
0.099
0.589
0.56
0.289
0.796
0.313
0.985
0.078
0.032
0.98
0.321
0.052
0.795
0.361
0
0.692
0.406
0.121
0.687
0.27
0.674
0.48
0.141
0.864
0.48
0.896
0.49
0.392
0.803
0.117
0.472
0.903
0.87
0.807
0.54
0.958
0.256
0.254
0.455
0.256
0.86
0.796
0.295
0.534
0.545
0.661
0.157
0.858
0.373
0
0.911
0.055
0.411
0.034
0.568
0.093
0.384
0.203
0.976
0.103
0.013
0.196
0.183
0.602
0.304
0.933
0.214
0.152
0.049
0.199
0.609
0.742
0.837
0.592
0.12
0.921
0.93
0.569
0.436
0.982
0.611
0.16
0.777
0.06
0.341
0.994
0.092
0.781
0.29
0.551
0.984
0.752
0.586
0.248
0.439
0
0.466
0.659
0.438
0.744
0.873
0.8
0.247
0.313
0.925
0.069
0.676
0.188
0.002
0.523
0.243
0.188
0.363
0.199
0.843
0.801
0.192
0.855
0.851
0.995
0.596
0.803
0.044
0.036
0.615
0.3
0.336
0.298
0.861
0.754
0.337
0.579
0.95
0.479
0.974
0.544
0.716
0.381
0.397
0.561
0.55
0.621
0.729
0.785
0.075
0.686
0.083
0.912
0.848
0.525
0.553
0.465
0.852
0.242
0.39
0.306
0.851
0.534
0.925
0.513
0.27
0.758
0.034
0.983
0.635
0.125
0.316
0.051
0.528
0.738
0.168
0.407
0.264
0.824
0.855
0.268
0.417
0.418
0.597
0.77
0.204
0.822
0.297
0.645
0.599
0.385
0.645
0.157
0.701
0.202
0.757
0.921
0.477
0.073
0.107
0.973
0.575
1.0
0.355
0.173
0.402
0.309
0.538
0.341
0.833
0.657
0.13
0.063
0.263
0.839
0.507
0.624
0.085
0.227
0.557
0.847
0.278
0.906
0.21
0.736
0.893
0.09
0.189
0.079
0.556
0.725
0.903
0.004
0.973
0.213
0.984
0.739
0.933
0.481
0.711
0.868
0.639
0.55
0.05
0.496
0.358
0.711
0.91
0.73
0.85
0.322
0.561
0.159
0.731
0.649
0.43
0.846
0.64
0.959
0.578
0.379
0.328
0.859
0.154
0.335
0.636
0.051
0.612
0.817
0.11
0.335
0.147
0.197
0.471
0.687
0.998
0.754
0.118
0.715
0.539
0.161
0.562
0.839
0.997
0.034
0.419
0.143
0.492
0.162
0.616
0.826
0.11
0.061
0.636
0.902
0.721
0.643
0.69
0.085
0.284
0.909
0.763
0.325
0.572
0.478
0.921
0.936
0.956
0.319
0.718
0.938
0.417
0.771
0.304
0.076
0.627
0.118
0.889
0.104
0.131
0.705
0.488
0.29
0.687
0.566
0.93
0.335
0.623
0.508
0.684
0.712
0.082
0.957
0.644
0.468
0.208
0.076
0.421
0.911
0.369
0.87
0.224
0.449
0.395
0.871
0.172
0.121
0.878
0.065
0.275
0.365
0.347
0.416
0.287
0.639
0.053
0.533
0.795
0.811
0.713
0.03
0.827
0.714
0.682
0.291
0.137
0.739
0.046
0.574
0.509
0.429
0.706
0.957
0.387
0.004
0.781
0.559
0.693
0.514
0.656
0.483
0.212
0.446
0.912
0.002
0.932
0.97
0.37
0.589
0.9
0.416
0.862
0.308
0.449
0.172
0.328
0.789
0.711
0.227
0.004
0.444
0.963
0.818
0.088
0.25
0.525
0.863
0.427
0.741
0.241
0.252
0.955
0.193
0
0.16
0.015
0.579
0.805
0.136
0.005
0.858
0.666
0.802
0.354
0.171
0.895
0.037
0.914
0.181
0.871
0.014
0.119
0.703
0.453
0.809
0.52
0.51
0.148
0.024
0.926
0.4
0.15
0.716
0.999
0.273
0.188
0.553
0.329
0.186
0.655
0.68
0.445
0.247
0.219
0.911
0.981
0.296
0.74
0.522
0.492
0.049
0.86
0.977
0.675
0.968
0.434
0.883
0.038
0.42
0.5
0.138
0.655
0.371
0.933
0.765
0.132
0.566
0.976
0.103
0.816
0.652
0.647
0.675
0.404
0.37
0.175
0.765
0.193
0.199
0.883
0.222
0.784
0.18
0.246
0.851
0.48
0.068
0.612
0.017
0.038
0.886
0.92
0.072
0.835
0.99
0.94
0.843
0.284
0.009
0.181
0.281
0.183
0.834
0.378
0.774
0.52
0.436
0.763
0.005
0.105
0.784
0.555
0.901
0.993
0.117
0.753
0.816
0.401
0.603
0.607
0.321
0.44
0.211
0.039
0.66
0.64
0.443
0.824
0.785
0.729
0.7
0.22
0.273
0.899
0.54
0.308
0.202
0.257
0.076
0.35
0.568
0.726
0.112
0.596
0.933
0.718
0.823
0.028
0.834
0.178
0.935
0.879
0.339
0.86
0.75
0.598
0.607
0.25
0.405
0.864
0.363
0.754
0.509
0.893
0.461
0.533
0.807
0.685
0.032
0.786
0.324
0.0
0.154
0.466
0.235
0.856
0.107
0.446
0.674
0.092
0.582
0.7
0.678
0.578
0.425
0.978
0.328
0.908
0.601
0.902
0.93
0.448
0.291
0.148
0.054
0.642
0.982
0.721
0.249
0.487
0.488
0.612
0.416
0.17
0.149
0.546
0.418
0.108
0.113
0.302
0.641
0.398
0.381
0.784
0.392
0.494
0.455
0.27
0.37
0.21
0.297
0.351
0.014
0.272
0.921
0.266
0.732
0.823
0.873
0.286
0.424
0.004
0.108
0.728
0.904
0.893
0.97
0.562
0.274
0.454
0.19
0.905
0.405
0.777
0.997
0.918
0.422
0.907
0.659
0.926
0.684
0.524
0.655
0.834
0.402
0.832
0.692
0.651
0.361
0
0.318
0.486
0.923
0.568
0.398
0.293
0.618
0.001
0.478
0.381
0.438
0.995
0.169
0.84
0.453
0.444
0.896
0.97
0.201
0.15
0.471
0.783
0.531
0.385
0.713
0.141
0.123
0.4
0.355
0.794
0.575
0.586
0.854
0.356
0.244
0.992
0.861
0.675
0.711
0.089
0.657
0.055
0.751
0.916
0.856
0.051
0.028
0.001
0.129
0.071
0.753
0.344
0.183
0.335
0.723
0.632
0.284
0.692
0.274
0.942
0.413
0.301
0.242
0.129
0.386
0.345
0.667
0.241
0.352
0.015
0.517
0.433
0.237
0.25
0.343
0.055
0.237
0.77
0.426
0.67
0.357
0.403
0.628
0.576
0.551
0.404
0.989
0.597
0.988
0.403
0.041
0.088
0.066
0.749
0.055
0.594
0.707
0.437
0.636
0.407
0.705
0.777
0.845
0.698
0.142
0.16
0.756
0.514
0.262
0.676
0.057
0.447
0.216
0.34
0.859
0.828
0.065
0.249
0.695
0.362
0.977
0.402
0.287
0.224
0.462
0.108
0.831
