0.038
0.745
0.471
0.036
0.719
0.947
0.807
0.142
0.569
0.29
0.057
0.944
0.874
0.148
0.701
0.881
0.999
0.87
0.404
0.821
0.822
0.908
0.438
0.873
0.371
0.486
0.017
0.233
0.334
0.869
0.497
0.873
0.534
0.798
0.749
0.386
0.376
0.258
0.788
0.964
0.025
0.769
0.709
0.779
0.081
0.238
0.143
0.268
0.491
0.079
0.904
0.427
0.327
0.684
0.85
0.286
0.93
0.292
0.915
0.07
0.651
0.272
0.18
0.572
0.036
0.1
0.026
0.884
0.34
0.395
0.782
0.118
0.928
0.216
0.149
0.924
0.854
0.14
0.796
0.98
0.525
0.164
0.922
0.431
0.336
0.25
0.921
0.852
0.443
0.339
0.683
0.02
0.029
0.568
0.929
0.244
0.508
0.358
0.124
0.669
0.461
0.888
0.385
0.853
0.395
0.162
0.66
0.422
0.891
0.892
0.167
0.739
0.507
0.376
0.479
0.144
0.431
0.714
0.518
0.741
0.799
0.635
0.51
0.701
0.441
0.59
0.821
0.047
0.278
0.358
0.895
0.292
0.526
0.767
0.966
0.171
0.978
0.405
0.005
0.788
0.583
0.691
0.764
0.526
0.36
0.852
0.512
0.945
0.203
0.839
0.074
0.281
0.72
0.183
0.54
0.681
0.463
0
0.33
0.09
0.111
0.848
0.181
0.181
0.48
0.163
0.919
0.501
0.983
0.703
0.839
0.28
0.142
0.405
0.806
0.55
0.175
0.219
0.08
0.223
0.135
0.334
0.707
0.427
0.991
0.847
0.863
0.594
0.689
0.573
0.564
0.598
0.098
0.97
0.112
0.426
0.306
0.054
0.649
0.795
0.665
0.671
0.052
0.249
0.156
0.531
0.86
0.431
0.525
0.148
0.365
0.245
0.806
0.65
0.672
0.387
0.276
0.807
0.406
0.983
0.927
0.45
0.867
0.201
0.562
0.388
0.527
0.057
0.828
0.324
0.153
0.241
0.515
0.48
0.772
0.146
0.852
0.563
0.881
0.145
0.512
0.577
0.435
0.613
0.793
0.732
0.135
0.006
0.729
0.271
0.44
0.118
0.882
0.388
0.355
0.463
0.47
0.65
0.429
0.898
0.528
0.591
0.765
0.216
0.549
0.117
0.19
0.695
0.754
0.024
0.574
0.867
0.891
0.797
0.133
0.538
0.896
0.653
0.821
0.446
0.371
0.145
0.141
0.341
0.981
0.199
0.449
0.25
0.924
0.443
0.212
0.024
0.952
0.26
0.057
0.45
0.715
0.552
0.471
0.291
0.337
0.041
0.618
0.652
0.587
0.107
0.921
0.466
0.005
0.408
0.258
0.185
0.626
0.942
0.946
0.208
0.999
0.178
0.452
0.903
0.694
0.008
0.445
0.67
0.592
0.712
0.661
0.297
0.8
0.187
0.924
0.674
0.562
0.631
0.126
0.772
0.233
0.188
0.889
0.628
0.882
0.237
0.929
0.189
0.952
0.918
0.213
0.158
0.688
0.016
0.054
0.561
0.139
0.028
0.927
0.05
0.89
0.745
0.059
0.878
0.825
0.189
0.939
0.488
0.572
0.509
0.547
0.301
0.384
0
0.544
0.664
0.434
0.593
0.551
0.3
0.699
0.974
0.915
0.073
0.622
0.008
0.481
0.051
0.004
0.7
0.525
0.4
0.799
0.195
0.985
0.669
0.089
0.949
0.212
0.995
0.401
0.862
0.808
0.614
0.794
0.512
0.795
0.556
0.817
0.479
0.873
0.035
0.542
0.566
0.736
0.885
0.133
0.646
0.669
0.869
0.913
0.82
0.017
0.092
0.251
0.436
0.083
0.84
0.936
0.055
0.363
0.77
0.203
0.248
0.114
0.919
0.978
0.533
0.078
0.563
0.637
0.36
0.828
0.225
0.077
0.279
0.89
0.391
0.026
0.565
0.019
0.851
0.818
0.01
0.477
0.131
0.48
0.598
0.16
0.277
0
0.552
0.555
0.935
0.82
0.51
0.67
0.705
0.456
0.413
0.887
0.299
0.726
0.908
0.828
0.305
0.963
0.96
0
0.071
0.927
0.526
0.393
0.71
0.314
0.837
0.487
0.942
0.673
0.76
0.534
0.848
0.331
0.793
0.384
0.764
0.449
0.477
0.83
0.637
0.349
0.144
0.491
0.2
0.823
0.376
0.313
0.898
0.905
0.959
0.649
0.748
0.682
0.316
0.722
0.987
0.808
0.742
0.164
0.175
0.743
0.122
0.291
0.604
0.868
0.733
0.029
0.91
0.613
0.587
0.594
0.012
0.883
0.993
0.44
0.896
0.459
0.81
0.282
0.593
0.441
0.8
0.482
0.569
0.246
0.708
0.56
0.618
0.986
0.208
0.08
0.634
0.926
0.667
0.187
0.473
0.224
0.55
0.558
0.515
0.422
0.003
0.621
0.854
0.549
0.021
0.825
0.443
0.282
0.718
0.501
0.996
0.615
0.654
0.84
0.392
0.413
0.448
0.103
0.603
0.965
0.104
0.57
0.696
0.268
0.088
0.29
0.189
0.695
0.358
0.652
0.749
0.28
0.211
0.068
0.339
0.097
0.834
0.437
0.226
0.465
0.337
0.016
0.191
0.652
0.409
0.076
0.6
0.101
0.168
0.405
0.956
0.551
0.565
0.677
0.437
0.349
0.823
0.29
0.525
0.206
0.462
0.519
0.721
0.224
0.462
0.887
0.622
0.574
0.413
0.583
0.523
0.999
0.573
0.484
0.996
0.089
0.6
0.681
0.903
0.843
0.21
0.78
0.226
0.094
0.819
0.419
0.028
0.834
0.354
0.936
0.183
0.792
0.748
0.725
0.538
0.091
0.867
0.664
0.469
0.205
0.92
0.904
0.021
0.466
0.732
0.513
0.679
0.195
0.119
0.253
0.33
0.48
0.823
0.784
0.836
0.755
0.268
0.343
0.336
0.002
0.866
0.646
0.769
0.181
0.289
0.909
0.246
0.943
0.017
0.672
0.333
0.044
0.837
0.201
0.616
0.098
0.352
0.912
0.555
0.496
0.349
0.332
0.696
0.64
0.707
0.751
0.021
0.857
0.347
0.463
0.949
0.163
0.89
0.379
0.615
0.758
0.973
0.863
0.242
0.241
0.263
0.163
0.503
0.252
0.53
0.293
0.743
0.591
0.945
0.191
0.76
0.792
0.04
0.393
0.583
0.152
0.597
0.756
0.073
0.316
0.22
0.819
0.929
0.372
0.116
0.819
0.79
0.417
0.127
0.154
0.922
0.604
0.417
0.743
0.973
0.188
0.008
0.372
0.33
0.188
0.821
0.03
0.311
0.551
0.564
0.458
0.901
0.867
0.702
0.567
0.757
0.693
0.369
0.719
0.959
0.78
0.595
0.166
0.077
0.225
0.799
0.1
0.215
0.239
0.954
0.092
0.061
0.842
0.135
0.615
0.735
0.459
0.845
0.093
0.312
0.323
0.891
0.824
0.531
0.26
0.273
0.617
0.632
0.591
0.409
0.125
0.444
0.98
0.823
0.733
0.545
0.423
0.935
0.363
0.647
0.626
0.178
0.336
0.77
0.299
0.556
0.348
0.106
0.911
0.584
0.126
0.595
0.392
0.659
0.766
0.162
0.113
0.912
0.327
0.491
0.353
0.972
0.807
0.271
0.237
0.033
0.358
0.944
0.253
0.514
0.709
0.596
0.763
0.508
0.207
0.852
0.781
0.693
0.11
0.19
0.805
0.837
0.524
0.077
0.625
0.055
0.272
0.776
0.816
0.315
0.324
0.911
0.165
0.865
0.711
0.609
0.656
0.54
0.79
0.966
0.984
0.898
0.555
0.326
0.795
0.054
0.201
0.322
0.56
0.673
0.564
0.211
0.943
0.65
0.587
0.436
0.204
0.082
0.851
0.8
0.341
0.413
0.043
0.376
0.897
0.093
0.785
0.074
0.914
0.436
0.864
0.738
0.757
0.044
0.593
0.189
0.315
0.392
0.745
0.072
0.68
0.668
0.227
0.757
0.52
0.661
0.113
0.932
0.489
0.016
0.458
0.97
0.119
0.871
0.53
0.35
0.971
0.311
0.355
0.578
0.509
0.029
0.477
0.61
0.082
0.475
0.568
0.844
0.122
0.269
0.238
0.159
0.303
0.484
0.943
0.282
0.722
0.168
0.248
0.429
0.946
0.973
0.432
0.783
0.938
0.503
0.675
0.045
0.208
0.728
0.301
0.541
0.542
0.11
0.343
0.865
0.192
0.536
0.007
0.894
0.924
0.872
0.883
0.472
0.073
0.832
0.099
0.663
0.558
0.132
0.812
0.731
0.233
0.863
0.289
0.461
0.806
0.929
0.147
0.781
0.68
0.734
0.88
0.302
0.425
0.926
0.816
0.879
