0.378
0.813
0.009
0.651
0.596
0.123
0.498
0.054
0.387
0.665
0.493
0.773
0.794
0.108
0.754
0.823
0.893
0.017
0.169
0.324
0.667
0.761
0.27
0.294
0.318
0.194
0.43
0.087
0.473
0.707
0.058
0.458
0.476
0.424
0.476
0.927
0.963
0.371
0.598
0.884
0.892
0.009
0.787
0.495
0.777
0.74
0.393
0.986
0.039
0.434
0.284
0.019
0.318
0.629
0.179
0.734
0.169
0.667
0.706
0.959
0.127
0.067
0.161
0.945
0.153
0.597
0.822
0.357
0.405
0.586
0.769
0.903
0.822
0.269
0.039
0.771
0.194
0.032
0.65
0.634
0.082
0.012
0.216
0.842
0.8
0.372
0.582
0.68
0.846
0.005
0.651
0.759
0.076
0.379
0.309
0.565
0.614
0.143
0.058
0.779
0.745
0.453
0.691
0.433
0.737
0.268
0.551
0.55
0.574
0.699
0.693
0.875
0.07
0.768
0.854
0.181
0.592
0.206
0.21
0.2
0.691
0.867
0.58
0.015
0.104
0.487
0.057
0.552
0.028
0.082
0.567
0.088
0.678
0.026
0.277
0.469
0.266
0.618
0.434
0.753
0.742
0.159
0.922
0.186
0.198
0.196
0.48
0.525
0.898
0.421
0.723
0.477
0.186
0.348
0.784
0.82
0.096
0.367
0.336
0.882
0.264
0.319
0.609
0.707
0.342
0.842
0.422
0.792
0.316
0.736
0.808
0.796
0.635
0.177
0.034
0.525
0.184
0.019
0.355
0.665
0.058
0.569
0.934
0.749
0.434
0.911
0.134
0.864
0.041
0.52
0.307
0.497
0.867
0.998
0.334
0.521
0.485
0.968
0.827
0.261
0.305
0.67
0.87
0.531
0.242
0.3
0.316
0.057
0.247
0.03
0.504
0.635
0.211
0.645
0.738
0.34
0.967
0.776
0.02
0.763
0.414
0.286
0.594
0.338
0.597
0.582
0.173
0.219
0.553
0.04
0.471
0.211
0.785
0.142
0.404
0.675
0.884
0.434
0.065
0.4
0.514
0.824
0.147
0.201
0.847
0.069
0.544
0.819
0.152
0.618
0.714
0.077
0.804
0.579
0.247
0.436
0.72
0.985
0.12
0.744
0.507
0.762
0.91
0.144
0.39
0.159
0.688
0.014
0.006
0.524
0.21
0.038
0.152
0.679
0.881
0.768
0.76
0.141
0.624
0.607
0.962
0.428
0.014
0.85
0.134
0.295
0.56
0.909
0.483
0.167
0.913
0.183
0.547
0.979
0.087
0.844
0.84
0.912
0.679
0.752
0.717
0.804
0.846
0.782
0.574
0.282
0.625
0.696
0.895
0.836
0.861
0.58
0.24
0.481
0.277
0.101
0.22
0.522
0.027
0.286
0.225
0.287
0.874
0.593
0.146
0.729
0.493
0.477
0.237
0.966
0.722
0.761
0.089
0.777
0.195
0.449
0.16
0.649
0.548
0.056
0.047
0.397
0.734
0.871
0.304
0.392
0.78
0.352
0.756
0.689
0.8
0.359
0.31
0.5
0.314
0.425
0.888
0.347
0.62
0.977
0.015
0.112
0.962
0.202
0.854
0.478
0.303
0.637
0.504
0.577
0.966
0.198
0.926
0.409
0.223
0.139
0.494
0.998
0.022
0.881
0.861
0.992
0.187
0.022
0.786
0.259
0.16
0.401
0.724
0.362
0.203
0.378
0.577
0.748
0.601
0.547
0.181
0.093
0.562
0.317
0.263
0.077
0.256
0.965
0.001
0.636
0.795
0.397
0.879
0.527
0.244
0.319
0.695
0.954
0.208
0.481
0.531
0.002
0.465
0.835
0.048
0.181
0.606
0.37
0.668
0.392
0.142
0.764
0.196
0.607
0.028
0.226
0.086
0.469
0.309
0.938
0.192
0.621
0.667
0.285
0.784
0.974
0.609
0.917
0.685
0.755
0.969
0.954
0.211
0.636
0.046
0.98
0.461
0.115
0.778
0.196
0.61
0.075
0.852
0.522
0.332
0.214
0.823
0.56
0.808
0.875
0.544
0.006
0.46
0.547
0.616
0.308
0.173
0.772
0.916
0.897
0.799
0.228
0.988
0.328
0.998
0.187
0.302
0.659
0.155
0.171
0.777
0.386
0.642
0.303
0.603
0.83
0.972
0.615
0.153
0.904
0.1
0.564
0.387
0.238
0.217
0.701
0.707
0.462
0.54
0.514
0.087
0.414
0.572
0.844
0.815
0.969
0.331
0.601
0.263
0.403
0.285
0.641
0.456
0.606
0.892
0.076
0.077
0.913
0.082
0.573
0.713
0.253
0.86
0.028
0.776
0.078
0.024
0.006
0.933
0.924
0.759
0.834
0.924
0.409
0.414
0.576
0.896
0.592
0.869
0.368
0.621
0.706
0.466
0.661
0.215
0.149
0.046
0.791
0.201
0.404
0.082
0.598
0.256
0.504
0.338
0.658
0.785
0.843
0.33
0.184
0.378
0.73
0.719
0.033
0.933
0.261
0.398
0.231
0.016
0.596
0.676
0.769
0.915
0.886
0.9
0.855
0.919
0.02
0.903
0.81
0.838
0.034
0.092
0.904
0.881
0.09
0.181
0.622
0.613
0.811
0.984
0.904
0.325
0.346
0.483
0.713
0.481
0.575
0.635
0.953
0.457
0.145
0.897
0.006
0.618
0.677
0.754
0.639
0.2
0.405
0.534
0.138
0.2
0.113
0.886
0.456
0.175
0.161
0.63
0.611
0.312
0.99
0.406
0.529
0.516
0.335
0.961
0.022
0.251
0.16
0.648
0.746
0.2
0.073
0.772
0.178
0.513
0.608
0.283
0.985
0.141
0.778
0.151
0.247
0.527
0.929
0.055
0.168
0.933
0.597
0.918
0.712
0.282
0.184
0.894
0.767
0.146
0.997
0.288
0.701
0.329
0.238
0.11
0.101
0.121
0.195
0.363
0.699
0.933
0.007
0.559
0.391
0.924
0.404
0.222
0.702
0.015
0.412
0.487
0.872
0.907
0.787
0.071
0.81
0.679
0.329
0.671
0.148
0.635
0.906
0.523
0.42
0.89
0.181
0.328
0.796
0.419
0.057
0.36
0.76
0.173
0.244
0.592
0.227
0.393
0.876
0.292
0.707
0.547
0.031
0.921
0.798
0.293
0.544
0.081
0.344
0.01
0.653
0.698
0.737
0.264
0.867
0.326
0.354
0.635
0.712
0.154
0.138
0.17
0.33
0.547
0.846
0.665
0.399
0.72
0.085
0.037
0.126
0.471
0.463
0.071
0.051
0.038
0.555
0.991
0.427
0.064
0.941
0.199
0.645
0.027
0.943
0.34
0.292
0.823
0.392
0.897
0.512
0.575
0.222
0.209
0.436
0.466
0.751
0.551
0.75
0.877
0.072
0.88
0.647
0.548
0.944
0.731
0.904
0.328
0.088
0.907
0.975
0.309
0.892
0.976
0.867
0.568
0.165
0.353
0.608
0.316
0.679
0.276
0.046
0.369
0.481
0.271
0.988
0.469
0.571
0.273
0.509
0.478
0.284
0.633
0.257
0.723
0.014
0.521
0.901
0.442
0.927
0.818
0.234
0.54
0.901
0.621
0.735
0.365
0.8
0.177
0.493
0.742
0.246
0.747
0.262
0.322
0.524
0.357
0.261
0.623
0.496
0.579
0.661
0.248
0.8
0.197
0.676
0.665
0.616
0.029
0.997
0.685
0.55
0.345
0.825
0.455
0.575
0.996
0.864
0.754
0.326
0.31
0.385
0.159
0.165
0.059
0.294
0.33
0.946
0.443
0.677
0.103
0.002
0.464
0.625
0.73
0.708
0.699
0.612
0.275
0.138
0.631
0.913
0.146
0.092
0.883
0.516
0.461
0.728
0.47
0.945
0.038
0.748
0.881
0.089
0.453
0.858
0.691
0.59
0.318
0.77
0.018
0.723
0.413
0.149
0.935
0.279
0.838
0.499
0.255
0.072
0.794
0.073
0.73
0.59
0.541
0.428
0.313
0.808
0.945
0.106
0.999
0.524
0.05
0.112
0.235
0.475
0.023
0.327
0.603
0.642
0.756
0.632
0.128
0.305
0.068
0.818
0.245
0.058
0.076
0.725
0.863
0.388
0.072
0.782
0.06
0.942
0.814
0.512
0.252
0.097
0.41
0.659
0.863
0.433
0.522
0.464
0.386
0.522
0.641
0.345
0.465
0.437
0.883
0.442
0.519
0.278
0.784
0.96
0.87
0.106
0.469
0.302
0.603
0.462
0.939
0.491
0.611
0.377
0.89
0.453
0.529
0.621
0.017
0.735
0.598
0.637
0.301
0.18
0.902
0.435
0.121
0.407
0.821
0.331
0.421
0.982
0.844
0.644
0.924
0.598
0.477
0.505
0.973
0.998
0.898
0.355
