0.347
0.733
0.598
0.388
0.671
0.766
0.016
0.887
0.148
0.122
0.009
0.36
0.572
0.75
0.738
0.205
0.114
0.102
0.28
0.324
0.071
0.853
0.996
0.805
0.91
0.864
0.884
0.502
0.762
0.787
0.276
0.382
0.262
0.221
0.733
0.473
0.971
0.752
0.804
0.421
0.446
0.955
0.778
0.436
0.906
0.321
0.872
0.964
0.185
0.184
0.311
0.211
0.287
0.923
0.587
0.088
0.028
0.738
0
0.138
0.127
0.501
0.851
0.057
0.429
0.21
0.75
0.44
0.832
0.636
0.163
0.026
0.686
0.277
0.632
0.398
0.603
0.551
0.458
0.205
0.109
0.945
0.049
0.842
0.307
0.277
0.243
0.425
0.485
0.681
0.911
0.975
0.999
0.704
0.311
0.702
0.065
0.339
0.643
0.067
0.487
0.838
0.775
0.239
0.141
0.481
0.414
0.725
0.64
0.087
0.499
0.481
0.307
0.54
0
0.927
0.204
0.756
0.782
0.336
0.508
0.759
0.242
0.183
0.931
0.006
0.427
0.083
0.171
0.616
0.738
0.579
0.466
0.022
0.017
0.914
0.242
0.416
0.28
0.426
0.291
0.622
0.07
0.949
0.097
0.865
0.514
0.743
0.143
0.51
0.017
0.772
0.458
0.316
0.461
0.962
0.678
0.72
0.119
0.195
0.445
0.024
0.551
0.176
0.484
0.184
0.439
0.383
0.895
0.428
0.803
0.515
0.799
0.681
0.163
0.134
0.752
0.915
0.318
0.629
0.83
0.842
0.703
0.749
0.453
0.631
0.831
0.579
0.776
0.446
0.839
0.084
0.706
0.151
0.566
0.072
0.736
0.986
0.801
0.543
0.368
0.756
0.948
0.737
0.947
0.017
0.934
0.735
0.421
0.433
0.556
0.402
0.9
0.095
0.893
0.497
0.012
0.276
0.902
0.097
0.728
0.379
0.316
0.951
0.421
0.722
0.469
0.757
0.034
0.627
0.736
0.891
0.194
0.443
0.219
0.425
0.132
0.391
0.178
0.615
0.849
0.247
0.775
0.186
0.08
0.954
0.473
0.853
0.064
0.868
0.825
0.253
0.232
0.46
0.681
0.69
0.138
0.199
0.194
0.856
0.873
0.79
0.904
0.361
0.341
0.907
0.261
0.141
0.224
0.629
0.369
0.658
0.61
0.641
0.903
0.971
0.22
0.987
0.665
0.033
0.468
0.328
0.605
0.151
0.019
0.258
0.639
0.923
0.266
0.615
0.83
0.871
0.564
0.203
0.969
0.009
0.211
0.105
0.957
0.364
0.243
0.457
0.149
0.525
0.038
0.713
0.324
0.996
0.482
0.966
0.691
0.743
0.201
0.529
0.027
0.94
0.328
0.515
0.107
0.569
0.428
0.379
0.133
0.068
0.626
0.649
0.499
0.192
0.16
0.455
0.721
0.227
0.245
0.487
0.88
0.9
0.394
0.417
0.624
0.172
0.849
0.239
0.809
0.212
0.412
0.581
0.994
0.876
0.339
0.954
0.009
0.843
0.468
0.66
0.755
0.916
0.406
0.579
0.587
0.248
0.075
0.394
0.464
0.918
0.968
0.996
0.135
0.772
0.956
0.919
0.124
0.576
0.553
0.317
0.547
0.383
0.469
0.429
0.585
0.96
0.535
0.628
0.689
0.083
0.021
0.67
0.046
0.92
0.927
0.277
0.517
0.537
0.932
0.597
0.213
0.99
0.41
0.344
0.228
0.779
0.623
0.048
0.581
0.97
0.096
0.878
0.905
0.224
0.348
0.595
0.346
0.658
0.437
0.617
0.238
0.897
0.295
0.761
0.699
0.139
0.251
0.037
0.111
0.532
0.389
0.744
0.349
0.409
0.565
0.456
0.316
0.453
0.32
0.833
0
0.084
0.113
0.416
0.641
0.897
0.861
0.215
0.797
0.133
0.11
0.164
0.594
0.822
0.651
0.264
0.223
0.144
0.707
0.863
0.783
0.871
0.512
0.151
0.697
0.57
0.038
0.336
0.634
0.94
0.463
0.012
0.787
0.704
0.736
0.027
0.088
0.514
0.288
0.94
0.215
0.248
0.218
0.255
0.202
0.748
0.177
0.237
0.989
0.058
0.231
0.747
0.202
0.721
0.983
0.224
0.476
0.917
0.931
0.222
0.517
0.017
0.733
0.065
0.223
0.283
0.572
0.987
0.237
0.609
0.67
0.451
0.353
0.151
0.006
0.332
0.641
0.612
0.718
0.943
0.791
0.88
0.005
0.541
0.741
0.586
0.926
0.988
0.012
0.048
0.087
0.508
0.15
0.644
0.712
0.38
0.367
0
0.872
0.602
0.968
0.176
0.341
0.487
0.628
0.987
0.164
0.308
0.085
0.197
0.282
0.811
0.795
0.1
0.596
0.979
0.114
0.856
0.704
0.253
0.811
0.593
0.83
0.656
0.117
0.815
0.583
0.278
0.98
0.578
0.035
0.132
0.684
0.999
0.147
0.18
0.969
0.01
0.082
0.698
0.112
0.406
0.549
0.261
0.358
0.034
0.66
0.117
0.55
0.861
0.606
0.438
0.871
0.202
0.015
0.764
0.79
0.514
0.462
0.497
0.562
0.64
0.024
0.555
0.116
0.991
0.501
0.141
0.856
0.698
0.028
0.172
0.396
0.489
0.916
0.547
0.765
0.239
0.004
0.405
0.681
0.278
0.428
0.954
0.282
0.377
0.932
0.726
0.61
0.156
0.456
0.997
0.819
0.476
0.052
0.942
0.319
0.583
0.117
0.096
0.016
0.994
0.335
0.347
0.913
0.705
0.098
0.761
0.601
0.673
0.521
0.372
0.09
0.856
0.462
0.561
0.327
0.861
0.146
0.119
0.705
0.099
0.562
0.505
0.805
0.44
0.032
0.817
0.198
0.467
0.951
0.666
0.548
0.093
0.709
0.457
0.707
0.689
0.087
0.63
0.7
0.354
0.12
0.711
0.459
0.431
0.965
0.159
0
0.196
0.393
0.146
0.605
0.019
0.363
0.585
0.722
0.216
0.809
0.762
0.949
0.54
0.16
0.752
0.002
0.079
0.332
0.784
0.132
0.051
0.286
0.641
0.712
0
0.647
0.299
0.897
0.594
0.391
0.986
0.909
0.313
0.341
0.063
0.63
0.222
0.031
0.636
0.727
0.302
0.877
0.113
0.61
0.686
0.697
0.938
0.985
0.174
0.691
0.981
0.038
0.74
0.609
0.083
0.388
0.527
0.026
0.282
0.693
0.549
0.928
0.402
0.018
0.089
0.023
0.159
0.803
0.414
0.802
0.856
0.291
0.076
0.794
0.237
0.841
0.375
0.941
0.072
0.075
0.278
0.212
0.54
0.784
0.542
0.283
0.235
0.733
0.071
0.429
0.195
0.99
0.669
0.945
0.527
0.575
0.682
0.42
0.101
0.537
0.488
0.92
0.963
0.123
0.676
0.516
0.025
0.398
0.362
0.716
0.523
0.662
0.593
0.526
0.797
0.997
0.936
0.723
0.959
0.328
0.637
0.001
0.112
0.846
0.428
0.652
0.072
0.507
0.738
0.649
0.399
0.826
0.725
0.958
0.722
0.591
0.625
0.026
0.851
0.43
0.286
0.577
0.021
0.79
0.546
0.039
0.499
0.273
0.004
0.037
0.893
0.858
0
0.361
0.109
0.389
0.02
0.682
0.657
0.099
0.528
0.684
0.897
0.718
0.425
0.025
0.225
0.961
0.162
0.369
0.028
0.456
0.622
0.286
0.974
0.145
0.063
0.007
0.592
0.253
0.734
0.779
0.191
0.91
0.836
0.237
0.81
0.418
0.514
0.695
0.6
0.625
0.123
0.823
0.507
0.828
0.099
0.642
0.274
0.076
0.205
0.925
0.926
0.444
0.027
0.304
0.358
0.653
0.459
0.172
0.721
0.588
0.15
0.491
1.0
0.827
0.737
0.555
0.919
0.912
0.073
0.748
0.154
0.856
0.584
0.346
0.073
0.393
0.427
0.012
0.718
0.025
0.084
0.1
0.793
0.244
0.843
0.125
0.452
0.895
0.544
0.746
0.37
0.857
0.905
0.116
0.338
0.304
0.93
0.869
0.115
0.554
0.84
0.439
0.691
0.603
0.896
0.952
0.025
0.392
0.939
0.939
0.556
0.791
0.844
0.088
0.445
0.79
0.131
0.847
0.806
0.921
0.484
0.962
0.714
0.492
0.842
0.262
0.76
0.68
0.1
0.351
0.17
0.809
0.072
0.932
0.274
0.589
0.609
0.891
0.371
0.191
0.049
0
0.1
0.489
0.095
0.707
0.449
0.928
0.587
0.956
0.92
0.453
0.131
0.466
0.644
0.857
0.808
0.276
0.12
0.099
0.463
0.383
0.862
0.371
0.705
