0.128
0.057
0.86
0.413
0.693
0.23
0.193
0.259
0.368
0.109
0.719
0.429
0.403
0.484
0.953
0.259
0.573
0.546
0.421
0.691
0.138
0.196
0.151
0.582
0.996
0.77
0.875
0.465
0.541
0.204
0.717
0.984
0.055
0.258
0.202
0.857
0.622
0.705
0.551
0.639
0.68
0.071
0.754
0.911
0.741
0.378
0.478
0.472
0.083
0.41
0.081
0.699
0.287
0.076
0.41
0.357
0.79
0.661
0.732
0.136
0.329
0.566
0.297
0.168
0.884
0.814
0.283
0.819
0.452
0.0
0.85
0.16
0.321
0.737
0.715
0
0.324
0.322
0.732
0.651
0.737
0.221
0.725
0.896
0.517
0.989
0.648
0.932
0.656
0.76
0.251
0.44
0.297
0.233
0.456
0.413
0.895
0.311
0.759
0.612
0.237
0.686
0.574
0.391
0.041
0.179
0.583
0.074
0.066
0.689
0.301
0.723
0.374
0.842
0.587
0.625
0.281
0.314
0.518
0.283
0.34
0.484
0.002
0.766
0.729
0.413
0.991
0.238
0.614
0.014
0.623
0.58
0.575
0.017
0.988
0.874
0.478
0.093
0.279
0.217
0.576
0.466
0.618
0.327
0.438
0.983
0.218
0.584
0.157
0.057
0.573
0.726
0.086
0.41
0.147
0.941
0.891
0.45
0.238
0.25
0.509
0.205
0.671
0.202
0.251
0.839
0.442
0.584
0.493
0.746
0.565
0.893
0.101
0.94
0.021
0.52
0.468
0.395
0.009
0.609
0.921
0.876
0.535
0.028
0.297
0.253
0.723
0.948
0.379
0.63
0.68
0.582
0.663
0.684
0.282
0.919
0.214
0.97
0.078
0.534
0.904
0.259
0.833
0.532
0.045
0.487
0.449
0.773
0.966
0.616
0.081
0.8
0.831
0.027
0.597
0.495
0.166
0.638
0.375
0.441
0.739
0.351
0.666
0.649
0.907
0.377
0.571
0.294
0.648
0.872
0.049
0.787
0.178
0.843
0.961
0.294
0.413
0.317
0.343
0.221
0.854
0.288
0.325
0.832
0.013
0.224
0.092
0.838
0.197
0.609
0.473
0.703
0.925
0.768
0.578
0.498
0.144
0.792
0.515
0.137
0.906
0.313
0.36
0.464
0.172
0.696
0.866
0.54
0.971
0.61
0.47
0.796
0.389
0.763
0.609
0.099
0.059
0.888
0.121
0.347
0.245
0.073
0.37
0.363
0.33
0.975
0.959
0.092
0.121
0.666
0.182
0.91
0.242
0.83
0.399
0.927
0.132
0.27
0.749
0.901
0.53
0.381
0.778
0.047
0.754
0.909
0.908
0.973
0.582
0.887
0.205
0.169
0.777
0.059
0.594
0.254
0.465
0.336
0.734
0.306
0.095
0.987
0.265
0.682
0.485
0.04
0.484
0.206
0.913
0.628
0.649
0.333
0.392
0.21
0.904
0.268
0.467
0.828
0.463
0.999
0.064
0.091
0.058
0.803
0.887
0.296
0.951
0.942
0.416
0.789
0.196
0.664
0.767
0.595
0.282
0.566
0.048
0.148
0.982
0.387
0.568
0.412
0.352
0.702
0.744
0.139
0.514
0.185
0.201
0.627
0.329
0.348
0.765
0.132
0.339
0.085
0.324
0.263
0.463
0.938
0.037
0.419
0.206
0.377
0.003
0.352
0.95
0.747
0.79
0.873
0.098
0.257
0.518
0.263
0.334
0.11
0.444
0.764
0.594
0.585
0.947
0.036
0.9
0.939
0.148
0.717
0.589
0.098
0.028
0.488
0.124
0.692
0.128
0.753
0.775
0.508
0.531
1.0
0.337
0.018
0.369
0.231
0.447
0.416
0.086
0.455
0.749
0.364
0.972
0.962
0.112
0.247
0.597
0.165
0.491
0.604
0.395
0.425
0.735
0.406
0.199
0.937
0.038
0.159
0.185
0.78
0.527
0.227
0.0
0.582
0.148
0.996
0.316
0.989
0.487
0.207
0.4
0.344
0.128
0.215
0.516
0.995
0.207
0.007
0.37
0.529
0.561
0.976
0.39
0.9
0.37
0.679
0.386
0.051
0.266
0.712
0.53
0
0.145
0.246
0.032
0.62
0.676
0.23
0.76
0.284
0.083
0.977
0.886
0.686
0.482
0.133
0.089
0.009
0.701
0.411
0.229
0.444
0.399
0.913
0.905
0.833
0.602
0.02
0.264
0.773
0.376
0.595
0.898
0.092
0.674
0.325
0.851
0.97
0.601
0.568
0.423
0.939
0.271
0.94
0.292
0.449
0.2
0.711
0.7
0.187
0.927
0.401
0.922
0.633
0.19
0.733
0.196
0.123
0.92
0.157
0.439
0.472
0.261
0.383
0.52
0.666
0.538
0.948
0.72
0.376
0.126
0.125
0.113
0.728
0.099
0.407
0.189
0.653
0.595
0.022
0.891
0.157
0.652
0.3
0.813
0.825
0.302
0.153
0.292
0.782
0.564
0.59
0.272
0.478
0.782
0.955
0.436
0.418
0.289
0.135
0.158
0.022
0.665
0.419
0.428
0.568
0.379
0.507
0.394
0.404
0.868
0.874
0.871
0.601
0.512
0.831
0.225
0.565
0.21
0.823
0.059
0.141
0.791
0.035
0.646
0.014
0.436
0.536
0.482
0.761
0.943
0.916
0.754
0.657
0.833
0
0.607
0.36
0.249
0.625
0.651
0.957
0.99
0.987
0.149
0.089
0.873
0.685
0.588
0.469
0.985
0.179
0.659
0.629
0.87
0.958
0.192
0.595
0.145
0.224
0.623
0.762
0.768
0.278
0.559
0.396
0.684
0.628
0.509
0.763
0.064
0.882
0.4
0.736
0.92
0.599
0.622
0.194
0.964
0.04
0.939
0.483
0.755
0.907
0.499
0.273
0.803
0.623
0.9
0.185
0.626
0.473
0.292
0.699
0.794
0.583
0.254
0.158
0.683
0.735
0.942
0.018
0.851
0.876
0
0.395
0.769
0.975
0.194
0.087
0.847
0.005
0.148
0.109
0.714
0.189
0.542
0.594
0.59
0.022
0.143
0.725
0.536
0.355
0.866
0.024
0.67
0.802
0.238
0.464
0.582
0.163
0.508
0.944
0.432
0.208
0.89
0.749
0.915
0.709
0.241
0.301
0.532
0.439
0.918
0.119
0.911
0.545
0.134
0.891
0.625
0.444
0.617
0.733
0.223
0.484
0.43
0.51
0.651
0.655
0.817
0.144
0.656
0.905
0.412
0.904
0.624
0.175
0.685
0.901
0.001
0.669
0.579
0.206
0.102
0.479
0.743
0.161
0.619
0.704
0.301
0.573
0.185
0.43
0.757
0.736
0.749
0.385
0.839
0.627
0.431
0.139
0.6
0.861
0.789
0.034
0.001
0.713
0.719
0.915
0.038
0.973
0.822
0.992
0.588
0.459
0.044
0.929
0.924
0.29
0.982
0.659
0.733
0.181
0.149
0.488
0.354
0.6
0.494
0.498
0.484
0.12
0.028
0.613
0.073
0.481
0.831
0.451
0.717
0.307
0.715
0.993
0.326
0.414
0.025
0.389
0.159
0.121
0.422
0.147
0.227
0.788
0.302
0.653
0.131
0.286
0.268
0.2
0.076
0.28
0.787
0.249
0.863
0.144
0.159
0.849
0.734
0.633
0.736
0.201
0.649
0.009
0.421
0.788
0.846
0.31
0.262
0.869
0.858
0.564
0.752
0.898
0.996
0.124
0.272
0.895
0.638
0.218
0.79
0.812
0.019
0.863
0.363
0.221
0.283
0.412
0.356
0.644
0.62
0.044
0.32
0.832
0.854
0.854
0.12
0.143
0.861
0.647
0.614
0.886
0.079
0.641
0.779
0.637
0.386
0.083
0.271
0.416
0.543
0.323
0.969
0.583
0.012
0.261
0.432
0.77
0.574
0.447
0.04
0.097
0.051
0.324
0.755
0.997
0.624
0.726
0.054
0.102
0.668
0.583
0.464
0.661
0.922
0.742
0.629
0.927
0.043
0.06
0.315
0.675
0.154
0.702
0.558
0.382
0.179
0.753
0.821
0.518
0.582
0.111
0.186
0.102
0.654
0.033
0.128
0.323
0.99
0.084
0.892
0.666
0.905
0.67
0.309
0.279
0.262
0.445
0.284
0.244
0.148
0.396
0.365
0.084
0.46
0.028
0.028
0.35
0.913
0.361
0.968
0.659
0.922
0.078
0.862
0.522
0.967
0.92
0.047
0.129
0.998
0.327
0.133
0.669
0.511
0.655
0.764
0.395
0.838
0.973
0.556
0.965
0.537
0.838
0.704
0.502
0.085
0.02
0.831
0.317
0.291
0.131
0.198
0.339
0.751
0.46
0.44
0.181
0.34
0.316
0.306
0.597
0.46
0.487
0.928
0.512
