0.707
0.426
0.659
0.458
0.623
0.165
0.014
0.297
0.427
0.939
0.16
0.764
0.194
0.495
0.149
0.686
0.905
0.601
0.846
0.273
0.76
0.859
0.814
0.877
0.971
0.332
0.032
0.342
0.048
0.126
0.488
0.52
0.998
0.664
0.036
0.29
0.671
0.473
0.417
0.019
0.553
0.492
0.653
0.216
0.143
0.655
0.784
0.565
0.922
0.704
0.16
0.513
0.563
0.888
0.047
0.241
0.427
0.266
0.062
0.614
0.099
0.801
0.078
0.976
0.825
0.04
0.864
0.291
0.501
0.731
0.496
0.765
0.912
0.725
0.29
0.083
0.468
0.312
0.129
0.608
0.27
0.878
0.486
0.644
0.79
0.881
0.049
0.962
0.141
0.712
0.25
0.305
0.097
0.083
0.278
0.519
0.422
0.429
0.199
0.716
0.758
0.41
0.879
0.259
0.266
0.029
0.682
0.928
0.175
0.845
0.822
0.866
0.427
0.337
0.724
0.857
0.358
0.037
0.937
0.293
0.739
0.525
0.866
0.616
0.301
0.137
0.478
0.373
0.418
0.335
0.275
0.45
0.078
0.012
0.87
0.043
0.809
0.261
0.15
0.226
0.369
0.693
0.684
0.614
0.519
0.607
0.346
0.148
0.408
0.64
0.143
0.537
0.191
0.49
0.078
0.745
0.196
0.594
0.608
0.692
0.681
0.068
0.904
0.712
0.235
0.298
0.531
0.606
0.119
0.983
0.525
0.594
0.772
0.194
0.16
0.84
0.268
0.435
0.86
0.573
0.736
0.638
0.015
0.988
0.724
0.495
0.141
0.593
0.915
0.646
0.797
0.423
0.833
0.956
0.583
0.259
0.754
0.595
0.843
0.709
0.963
0.168
0.368
0.932
0.786
0.911
0.596
0.666
0.613
0.231
0.573
0.625
0.657
0.665
0.179
0.019
0.072
0.018
0.753
0.133
0.103
0.343
0.792
0.9
0.302
0.806
0.988
0.544
0.869
0.247
0.093
0.406
0.172
0.348
0.722
0.177
0.273
0.544
0.131
0.158
0.687
0.859
0.628
0.383
0.276
0.354
0.743
0.569
0.615
0.816
0.309
0.771
0.783
0.831
0.735
0.029
0.956
0.103
0.208
0.705
0.981
0.818
0.296
0.071
0.797
0.77
0.461
0.938
0.481
0.589
0.432
0.074
0.778
0.853
0.689
0.537
0.111
0.157
0.541
0.074
0.941
0.13
0.014
0.774
0.014
0.949
0.268
0.497
0.869
0.303
0.847
0.956
0.56
0.05
0.689
0.758
0.086
0.557
0.363
0.178
0.238
0.734
0.849
0.089
0.247
0.287
0.386
0.268
0.378
0.618
0.915
0.438
0.566
0.421
0.847
0.479
0
0.704
0.405
0.302
0.606
0.586
0.864
0.164
0.882
0.309
0.298
0.39
0.434
0.361
0.066
0.815
0.863
0.965
0.933
0.703
0.738
0.036
0.06
0.27
0.654
0.914
0.781
0.51
0.853
0.331
0.523
0.234
0.912
0.328
0.827
0.577
0.089
0.994
0.589
0.052
0.466
0.77
0.989
0.584
0.176
0.721
0.523
0.66
0.626
0.097
0.312
0.605
0.117
0.815
0.666
0.779
0.604
0.454
0.498
0.554
0.162
0.423
0.109
0.121
0.313
0.253
0.855
0.908
0.501
0.37
0.715
0.353
0.931
0.377
0.782
0.849
0.126
0.434
0.588
0.756
0.9
0.143
0.476
0.452
0.749
0.312
0.204
0.755
0.804
0.915
0.715
0.879
0.643
0.682
0.297
0.687
0.037
0.321
0.493
0.511
0.421
0.557
0.723
0.4
0.531
0.62
0.95
0.222
0.345
0.181
0.232
0.474
0.112
0.43
0.392
0
0.453
0.655
0.071
0.611
0.152
0.617
0.065
0.953
0.653
0.091
0.288
0.337
0.162
0.691
0.97
0.062
0.383
0.412
0.803
0.312
0.677
0.453
0.551
0.433
0.459
0.702
0.505
0.488
0.079
0.697
0.839
0.482
0.734
0.254
0.177
0.895
0.146
0.287
0.115
0.554
0.147
0.567
0.777
0.59
0.063
0.989
0.404
0.735
0.216
0.39
0.71
0.181
0.522
0.743
0.414
0.793
0.394
0.448
0.321
0.879
0.404
0.726
0.165
0.244
0.829
0.226
0.842
0.662
0.132
0.801
0.558
0.999
0.529
0.325
0.244
0.184
0.289
0.099
0.608
0.889
0.117
0.165
0.074
0.674
0.75
0.086
0.353
0.503
0.999
0.899
0.441
0.113
0.522
0.212
0.096
0.158
0.689
0.497
0.301
0.508
0.822
0.673
0.718
0.595
0.116
0.889
0.133
0.288
0.34
0.037
0.594
0.043
0.707
0.86
0.458
0.992
0.151
0.765
0.019
0.444
0.417
0.536
0.547
0.826
0.219
0.042
0.381
0.732
0.179
0.458
0.946
0.481
0.085
0.653
0.555
0.196
0.819
0.289
0.608
0.522
0.605
0.042
0.613
0.217
0.866
0.053
0.564
0.729
0.191
0.962
0.473
0.23
0.8
0.925
0.576
0.347
0.71
0.789
0.681
0.247
0.204
0.405
0.45
0.15
0.043
0.699
0.932
0.21
0.933
0.569
0.585
0.362
0.307
0.099
0.678
0.447
0.218
0.106
0.745
0.824
0.938
0.807
0.953
0.733
0.903
0.827
0.613
0.204
0.112
0.675
0.912
0.311
0.025
0.038
0.122
0.956
0.324
0.54
0.372
0.161
0.6
0.803
0.608
0.032
0.394
0.86
0.229
0.806
0.143
0.497
0.111
0.662
0.966
0.005
0.615
0.124
0.836
0.047
0.453
0.394
0.52
0.837
0.871
0.76
0.728
0.033
0.469
0.063
0.443
0.192
0.532
0.063
0.702
0.077
0.758
0.482
0.666
0.521
0.56
0.321
0.954
0.964
0.677
0.827
0.919
0.964
0.735
0.921
0.29
0.833
0.49
0.875
0.552
0.741
0.438
0.722
0.285
0
0.404
0.254
0.26
0.615
0.202
0.788
0.239
0.818
0.091
0.252
0.192
0.967
0.791
0.611
0.602
0.795
0.654
0.96
0.509
0.056
0.915
0.089
0.951
0.013
0.235
0.66
0.359
0.831
0.891
0.574
0.262
0.602
0.052
0.497
0.082
0.806
0.235
0.323
0.461
0.892
0.063
0.62
0.132
0.803
0.094
0.992
0.64
0.721
0.309
0.302
0.335
0.096
0.308
0.541
0.743
0.275
0.796
0.256
0.941
0.214
0.744
0.373
0.652
0.678
0.264
0.302
0.54
0.382
0.297
0.215
0.989
0.971
0.167
0.825
0.095
0.104
0.135
0.261
0.029
0.502
0.936
0.085
0.55
0.875
0.261
0.72
0.997
0.744
0.402
0.67
0.338
0.843
0.605
0.646
0.974
0.421
0.711
0.159
0.239
0.267
0.27
0.691
0.499
0.797
0.697
0.443
0.718
0.139
0.324
0.914
0.338
0.546
0.002
0.651
0.441
0.412
0.304
0.475
0.87
0.106
0.787
0.512
0.968
0.804
0.968
0.736
0.245
0.935
0.174
0.187
0.434
0.389
0.408
0.316
0.617
0.497
0.45
0.663
0.448
0.8
0.049
0.247
0.434
0.164
0.948
0.464
0.368
0.082
0.548
0.751
0.91
0.438
0.208
0.964
0.445
0.285
0.322
0.458
0.658
0.171
0.907
0.12
0.611
0.209
0.003
0.464
0.697
0.053
0.579
0.137
0.779
0.595
0.366
0.085
0.08
0.697
0.63
0.444
0.178
0.067
0.228
0.507
0.494
0.741
0.18
0.778
0.912
0.689
0.333
0.986
0.863
0.349
0.085
0.038
0.551
0.897
0.978
0.246
0.475
0.433
0.234
0.99
0.212
0.186
0.223
0.135
0.484
0.083
0.871
0.506
0.825
0.078
0.167
0.795
0.592
0.315
0.11
0.657
0.548
0.978
0.538
0.81
0.658
0.523
0.284
0.73
0.603
0.235
0.407
0.637
0.955
0.365
0.728
0.242
0.741
0.425
0.996
0.99
0.447
0.22
0.738
0.106
0.451
0.393
0.728
0.106
0.921
0.893
0.83
0.595
0.478
0.614
0
0.084
0.685
0.674
0.986
0.937
0.903
0.904
0.36
0.289
0.938
0.829
0.366
0.588
0.449
0.691
0.876
0.371
0.708
0.638
0.336
0.571
0.959
0.188
0.823
0.77
0.01
0.038
0.298
0.821
0.06
0.228
0.518
0.128
0.315
0.239
0.476
0.666
0.191
0.23
0.478
0.107
0.95
0.342
0.278
0.743
0.193
0.466
0.168
0.697
0.815
0.56
0.607
0.034
0.432
0.245
0.423
0.607
