0.902
0.881
0.44
0.464
0.995
0.226
0.859
0.614
0.148
0.094
0.631
0.689
0.699
0.085
0.963
0.413
0.127
0.518
0.767
0.361
0.096
0.209
0.649
0.601
0.412
0.317
0.89
0.234
0.845
0.499
0.126
0.483
0.44
0.192
0.599
0.651
0.91
0.788
0.107
0.486
0.067
0.513
0.452
0.837
0.457
0.483
0.825
0.945
0.292
0.515
0.411
0.912
0.187
0.813
0.093
0.965
0.584
0.776
0.062
0.423
0.214
0.001
0.066
0.612
0.142
0.25
0.122
0.944
0.71
0.958
0.373
0.475
0.388
0.223
0.55
0.688
0.155
0.697
0.333
0.078
0.48
0.574
0.089
0.459
0.571
0.619
0.767
0.955
0.69
0.309
0.181
0.865
0.678
0.052
0.384
0.46
0.209
0.344
0.979
0.027
0.423
0.747
0.513
0.093
0.646
0.41
0.287
0.3
0.683
0.906
0.297
0.125
0.37
0.681
0.171
0.272
0.599
0.362
0.094
0.715
0.79
0.985
0.403
0.567
0.908
0.281
0.319
0.12
0.361
0.522
0.322
0.245
0.761
0.071
0.868
0.257
0.303
0.8
0.468
0.049
0.441
0.605
0.339
0.35
0.197
0.211
0.439
0.84
0.099
0.209
0.529
0.05
0.895
0.158
0.829
0.179
0.96
0.109
0.948
0.744
0.229
0.029
0.244
0.96
0.899
0.851
0.001
0.041
0.373
0.474
0.424
0.226
0.934
0.077
0.732
0.239
0.397
0.319
0.721
0.038
0.747
0.936
0.976
0.337
0.666
0.911
0.314
0.553
0.376
0.333
0.585
0.643
0.529
0.641
0.489
0.714
0.452
0.357
0.855
0.572
0.827
0.113
0.879
0.815
0.641
0.373
0.054
0.904
0.737
0.536
0.951
0.064
0.809
0.346
0.419
0.45
0.596
0.366
0.611
0.166
0.625
0.991
0.522
0.731
0.159
0.208
0.138
0.109
0.673
0.281
0.175
0.606
0.229
0.935
0.642
0.22
0.365
0.506
0.213
0.725
0.428
0.431
0.928
0.593
0.879
0.507
0.109
0.913
0.249
0.436
0.637
0.204
0.941
0.507
0.246
0.543
0.293
0.42
0.391
0.188
0.599
0.235
0.302
0.964
0.723
0.946
0.242
0.499
0.549
0.008
0.021
0.004
0.532
0.007
0.59
0.845
0.543
0.712
0.105
0.434
0.839
0.854
0.368
0.959
0.427
0.925
0.796
0.81
0.333
0.707
0.515
0.727
0.952
0.654
0.733
0.985
0.566
0.827
0.299
0.954
0.303
0.977
0.919
0.854
0.13
0.992
0.802
0.028
0.657
0.582
0.896
0.594
0.037
0.268
0.825
0.286
0.773
0.633
0.231
0.317
0.54
0.665
0.324
0.566
0.986
0.452
0.196
0.041
0.889
0.848
0.22
0.804
0.045
0.783
0.597
0.981
0.178
0.464
0.244
0.581
0.229
0.517
0.794
0.586
0.943
0.322
0.568
0.212
0.382
0.577
0.472
0.225
0.283
0.157
0.804
0.092
0.331
0.491
0.972
0.586
0.503
0.453
0.483
0.89
0.809
0.362
0.895
0.866
0.802
0.185
0.022
0.871
0.127
0.005
0.879
0.386
0.446
0.107
0.87
0.96
0.616
0.28
0.622
0.623
0.706
0.812
0.119
0.617
0.073
0.421
0.243
0.924
0.698
0.072
0.628
0.724
0.629
0.037
0.099
0.409
0.06
0.45
0.879
0.855
0.018
0.062
0.212
0.931
0.657
0.982
0.678
0.949
0.319
0.065
0.441
0.694
0.352
0.531
0.918
0.644
0.427
0.525
0.135
0.845
0.479
0.096
0.99
0.355
0.827
0.87
0.638
0.933
0.934
0.346
0.38
0.272
0.285
0.881
0.014
0.371
0.759
0.259
0.028
0.421
0.774
0.863
0.983
0.366
0.331
0.588
0.785
0.979
0.542
0.771
0.004
0.958
0.782
0.99
0.924
0.609
0.131
0.965
0.352
0.011
0.96
0.48
0.164
0.263
0.552
0.858
0.413
0.295
0.055
0.879
0.415
0.304
0.066
0.679
0.588
0.758
0.115
0.737
0.842
0.668
0.63
0.296
0.488
0.987
0.63
0.325
0.57
0.337
0.204
0.479
0.475
0.23
0.069
0.562
0.207
0.539
0.871
0.389
0.246
0.094
0.824
0.566
0.541
0.048
0.482
0.562
0.066
0.938
0.71
0.366
0.221
0.615
0.099
0.969
0.973
0.484
0.257
0.227
0.125
0.534
0.078
0.991
0.807
0.551
0.181
0.071
0.999
0.048
0.144
0.078
0.027
0.258
0.317
0.271
0.945
0.171
0.441
0.994
0.938
0.091
0.549
0.249
0.75
0.437
0.906
0.607
0.763
0.823
0.727
0.572
0.33
0.835
0.377
0.243
0.057
0.042
0.711
0.793
0.252
0.564
0.204
0.285
0.786
0.415
0.578
0.334
0.981
0.084
0.123
0.869
0.809
0.354
0.269
0.426
0.564
0.2
0.645
0.328
0.707
0.948
0.82
0.71
0.8
0.25
0.201
0.558
0.455
0.11
0.87
0.574
0.289
0.915
0.776
0.724
0.748
0.763
0.027
0.197
0.942
0.578
0.782
0.279
0.254
0.417
0.559
0.362
0.482
0.391
0.636
0.623
0.302
0.535
0.371
0.509
0.561
0.602
0.427
0.811
0.382
0.471
0.271
0.721
0.829
0.967
0.136
0.441
0.213
0.523
0.979
0.442
0.759
0.755
0.139
0.234
0.752
0.275
0.387
0.429
0.476
0.028
0.661
0.132
0.438
0.866
0.885
0.196
0.953
0.443
0.23
0.599
0.771
0.538
0.424
0.673
0.187
0.727
0.654
0.472
0.143
0.272
0.558
0.387
0.433
0.511
0.164
0.083
0.916
0.228
0.099
0.195
0.187
0.105
0.831
0.324
0.652
0.595
0.068
0.27
0.482
0.831
0.318
0.983
0.58
0.69
0.596
0.157
0.523
0.319
0.432
0.067
0.656
0.739
0.238
0.332
0.256
0.402
0.909
0.009
0.276
0.3
0.55
0.764
0.014
0.068
0.889
0.864
0.733
0.366
0.375
0.922
0.948
0.289
0.238
0.537
0.271
0.984
0.558
0.551
0.118
0.768
0.585
0.41
0.019
0.65
0.199
0.71
0.28
0.802
0.573
0.283
0.752
0.537
0.921
0.975
0.93
0.845
0.005
0.331
0.546
0.885
0.008
0.861
0.935
0.506
0.086
0.27
0.02
0.631
0.12
0.996
0.122
0.027
0.431
0.738
0.395
0.565
0.163
0.662
0.334
0.871
0.359
0.431
0.82
0.672
0.74
0.867
0.057
0.983
0.244
0.006
0.126
0.428
0.563
0.832
0.091
0.055
0.686
0.667
0.101
0.152
0.663
0.309
0.283
0.045
0.296
0.806
0.884
0.987
0.417
0.955
0.336
0.004
0.735
0.052
0.217
0.765
0.604
0.464
0.513
0.811
0.367
0.762
0.634
0.44
0.762
0.948
0.082
0.925
0.931
0.911
0.206
0.691
0.322
0.814
0.121
0.619
0.08
0.39
0.351
0.199
0.951
0.547
0.439
0.399
0.831
0.084
0.347
0.256
0.175
0.395
0.893
0.144
0.525
0.583
0.457
0.849
0.42
0.571
0.761
0.734
0.812
0.352
0.398
0.002
0.165
0.51
0.396
0.02
0.177
0.533
0.948
0.314
0.508
0.154
0.987
0.591
0.398
0.508
0.526
0.761
0.011
0.991
0.936
0.105
0.623
0.728
0.664
0.137
0.067
0.767
0.962
0.815
0.308
0.648
0.879
0.103
0.562
0.239
0.731
0.352
0.32
0.024
0.774
0.724
0.469
0.596
0.318
0.162
0.694
0.874
0.204
0.846
0.519
0.733
0.138
0.947
0.266
0.51
0.927
0.411
0.622
0.821
0.494
0.109
0.76
0.174
0.62
0.696
0.646
0.903
0.096
0.402
0.08
0.185
0.815
0.887
0.152
0.542
0.155
0.512
0.363
0.807
0.003
0.876
0.41
0.926
0.543
0.508
0.636
0.899
0.216
0.99
0.653
0.657
0.409
0.332
0.442
0.366
0.537
0.748
0.421
0.943
0.483
0.881
0.755
0.559
0.083
0.833
0.769
0.348
0.62
0.685
0.029
0.453
0.079
0.639
0.622
0.904
0.153
0.903
0.393
0.905
0.735
0.821
0.23
0.047
0.208
0.059
0.96
0.291
0.404
0.577
0.485
0.034
0.257
0.593
0.413
0.383
0.94
0.21
0.491
0.124
0.604
0.198
0.277
0.663
0.212
0.031
0.348
0.059
0.163
0.314
0.602
0.631
0.087
0.708
