0.775
0.877
0.628
0.771
0.994
0.79
0.059
0.608
0.24
0.529
0.198
0.89
0.769
0.677
0.656
0.827
0.945
0.711
0.545
0.037
0.633
0.26
0.594
0.263
0.097
0.483
0.951
0.615
0.754
0.871
0.04
0.433
0.047
0.498
0.834
0.34
0.434
0.196
0.858
0.79
0.108
0.694
0.168
0.901
0.425
0.843
0.162
0.651
0.755
0.253
0.415
0
0.616
0.98
0.637
0.207
0.831
0.586
0.606
0.269
0.803
0.875
0.292
0.457
0.683
0.738
0.535
0.28
0.097
0.44
0.981
0.031
0.296
0.444
0.696
0.111
0
0.866
0.998
0.354
0.256
0.206
0.497
0.962
0.766
0.956
0.978
0.46
0.516
0.783
0.57
0.78
0.471
0.908
0.872
0.494
0.388
0.328
0.497
0.943
0.589
0.621
0.684
0.368
0.917
0.907
0.432
0.879
0.998
0.154
0.502
0.419
0.677
0.817
0.2
0.599
0.436
0.472
0.274
0.1
0.82
0.355
0.987
0.987
0.043
0.578
0.731
0.549
0.593
0.736
0.835
0.946
0.352
0.168
0.532
0.474
0.416
0.436
0.761
0.872
0.885
0.979
0.745
0.717
0.186
0.35
0.574
0.268
0.042
0.396
0.156
0.564
0.891
0.104
0.046
0.931
0.969
0.345
0.806
0.336
0.685
0.338
0.749
0.295
0.601
0.275
0.758
0.113
0.978
0.108
0.02
0.486
0.66
0.019
0.065
0.632
0.582
0.975
0.269
0.684
0.57
0.746
0.545
0.927
0.308
0.665
0.821
0.994
0.861
0.444
0.971
0.173
0.686
0.974
0.703
0.109
0.155
0.994
0.861
0.81
0.3
0.95
0.375
0.582
0.623
0.285
0.59
0.913
0.411
0.526
0.375
0.941
0.883
0.53
0.861
0.508
0.126
0.836
0.58
0.718
0.645
0.237
0.585
0.806
0.373
0.174
0.158
0.89
0.117
0.747
0.601
0.29
0.809
0.704
0.938
0
0.177
0.445
0.473
0.557
0.813
0.639
0.71
0.085
0.948
0.22
0.731
0
0.53
0.688
0.301
0.709
0.868
0.958
0.987
0.459
0.337
0.012
0.024
0.559
0.456
0.009
0.704
0.365
0.868
0.345
0.738
0.888
0.045
0.899
0.225
0.06
0.25
0.41
0.167
0.27
0.8
0.252
0.266
0.786
0.035
0.362
0.958
0.891
0.825
0.786
0.668
0.397
0.372
0.893
0.906
0.027
0.755
0.296
0.842
0.476
0.732
0.161
0.689
0.278
0.388
0.479
0.438
0.828
0.113
0.921
0.931
0.477
0.046
0.041
0.232
0.229
0.62
0.841
0.074
0.725
0.394
0.964
0.719
0.901
0.227
0.552
0.037
0.241
0.651
0.235
0.428
0.003
0.659
0.75
0.374
0.133
0.017
0.515
0.495
0.657
0
0.859
0.671
0.047
0.656
0.013
0.131
0.597
0.411
0.4
0.017
0.6
0.963
0.016
0.848
0.367
0.59
0.13
0.669
0.264
0.52
0.185
0.741
0.901
0.852
0.257
0.903
0.183
0.34
0.796
0.299
0.992
0.223
0.136
0.878
0.426
0.854
0.791
0.615
0.63
0.544
0.783
0.066
0.8
0.047
0.567
0.573
0.686
0.392
0.318
0.844
0.887
0.056
0.081
0.714
0.431
0.425
0.363
0.577
0.446
0.216
0.641
0.532
0.883
0.517
0.188
0.816
0.321
0.872
0.812
0.527
0.023
0.939
0.189
0.089
0.256
0.482
0.493
0.293
0.665
0.122
0.873
0.788
0.651
0.163
0.668
0.622
0.093
0.588
0.778
0.564
0.085
0.477
0.613
0.607
0.647
0.912
0.196
0.818
0.21
0.671
0.399
0.711
0.672
0.483
0.835
0.938
0.328
0.95
0.559
0.159
0.932
0.675
0.526
0.543
0.38
0.137
0.984
0.727
0.707
0.192
0.953
0.901
0.444
0.699
0.907
0.571
0.177
0.296
0.99
0.472
0.468
0.357
0.566
0.385
0.111
0.053
0.653
0.752
0.247
0.961
0.778
0.435
0.446
0.193
0.39
0.476
0.409
0.431
0.898
0.383
0.433
0.871
0.707
0.008
0.904
0.571
0.732
0.55
0.291
0.261
0.411
0.218
0.215
0.854
0.183
0.148
0.913
0.375
0.972
0.363
0.561
0.768
0.176
0
0.383
0.801
0.19
0.68
0.35
0.329
0.6
0.085
0.682
0.854
0.29
0.938
0.226
0.96
0.318
0.021
0.399
0.911
0.145
0.585
0.956
0.424
0.829
0.196
0.022
0.807
0.137
0.285
0.183
0.874
0.935
0.028
0.031
0.441
0.005
0.866
0.063
0.985
0.747
0.197
0.0
0.056
0.57
0.634
0.614
0.648
0.341
0.407
0.284
0.896
0.416
0.973
0.202
0.501
0.533
0.051
0.746
0.053
0.467
0.933
0.605
0.806
0.621
0.788
0.389
0.856
0.931
0.337
0.189
0.011
0.177
0.355
0.829
0.357
0.894
0.034
0.22
0.145
0.75
0.146
0.044
0.945
0.845
0.664
0.604
0.112
0.499
0.994
0.06
0.149
0.723
0.14
0.752
1.0
0.142
0.355
0.833
0.89
0.505
0.978
0.558
0.497
0.078
0.006
0.735
0.112
0.061
0.072
0.54
0.687
0.109
0.089
0.02
0.608
0.751
0.335
0.854
0.971
0.689
0.586
0.365
0.603
0.821
0.486
0.961
0.709
0.241
0.293
0.903
0.408
0.766
0.01
0.33
0.343
0.042
0.963
0.174
0.953
0.113
0.481
0.457
0.97
0.814
0.631
0.631
0.125
0.953
0.822
0.661
0.548
0.26
0.154
0.113
0.145
0.819
0.262
0.335
0.367
0.8
0.216
0.033
0.212
0.963
0.126
0.052
0.741
0.019
0.371
0.414
0.115
0.589
0.477
0.02
0.676
0.945
0.368
0.283
0.821
0.22
0.187
0.093
0.949
0.033
0.709
0.194
0.82
0.009
0.063
0.513
0.468
0.422
0.59
0.524
0.975
0.249
0.978
0.918
0.245
0.134
0.704
0.1
0.652
0.28
0.291
0.737
0.69
0.173
0.219
0.493
0.304
0.601
0.602
0.167
0.913
0.951
0.56
0.094
0.446
0.846
0.014
0.916
0.4
0.351
0.197
0.688
0.388
0.127
0.018
0.581
0.71
0.732
0.264
0.671
0.141
0.463
0.057
0.233
0.749
0.989
0.562
0.315
0.765
0.557
0.919
0.542
0.156
0.828
0.454
0.49
0.792
0
0.802
0.377
0.947
0.578
0.912
0.996
0.364
0.95
0.686
0.886
0.694
0.036
0.357
0.11
0.725
0.253
0.926
0.528
0.211
0.382
0.822
0.338
0.62
0.348
0.529
0.239
0.318
0.741
0.931
0.576
0.364
0.209
0.185
0.817
0.635
0.385
0.661
0.755
0.566
0.237
0.214
0.74
0.563
0.945
0.774
0.747
0.033
0.468
0.06
0.799
0.714
0.125
0.613
0.912
0.654
0.349
0.8
0.48
0.062
0.356
0.772
0.492
0.328
0.142
0.427
0.428
0.233
0.313
0.994
0.697
0.787
0.818
0.378
0.947
0.997
0.345
0.621
0.457
0.736
0.354
0.305
0.607
0.764
0.515
0.708
0.741
0.767
0.07
0.488
0.563
0.778
0.369
0.032
0.183
0.816
0.861
0.783
0.831
0.239
0.7
0.995
0.415
0.812
0.017
0.589
0.021
0.125
0.258
0.842
0.509
0.917
0.42
0.194
0.49
0.411
0.528
0.082
0.472
0.419
0.164
0.689
0.67
0.446
0.055
0.332
0.405
0.175
0.338
0.41
0.876
0.903
0.908
0.476
0.517
0.846
0.371
0.692
0.513
0.116
0.314
0.605
0.307
0.023
0.966
0.749
0.668
0.475
0.866
0.046
0.192
0.386
0.397
0.035
0.591
0.715
0.951
0.287
0.79
0.616
0.017
0.94
0.863
0.31
0.028
0.853
0.229
0.495
0.271
0.836
0.691
0.171
0.414
0.124
0
0.092
0.439
0.041
0.035
0.848
0.83
0.877
0.469
0.276
0.309
0.197
0.567
0.821
0.002
0.301
0.679
0.459
0.536
0.146
0.512
0.12
0.903
0.334
0.587
0.268
0.54
0.228
0.884
0.64
0.014
0.814
0.836
0.192
0.821
0.041
0.87
0.59
0.607
0.156
0.682
0.926
0.175
0.347
0.114
0.485
0.403
0.133
0.386
0.694
0.905
0.299
0.724
0.787
0.961
0.705
0.578
0.929
0.871
0.075
0.037
0.535
0.873
0.672
0.853
