0.917
0.187
0.851
0.254
0.649
0.507
0.254
0.566
0.903
0.265
0.119
0.649
0.49
0.25
0.584
0.261
0.094
0.177
0.576
0.447
0.824
0.967
0.369
0.711
0.778
0.473
0.151
0.735
0.066
0.028
0.513
0.321
0.648
0.134
0.435
0.35
0.367
0.48
0.641
0.719
0.802
0.939
0.253
0.336
0.833
0.093
0.744
0.883
0.294
0.782
0.761
0.194
0.069
0.705
0.302
0.931
0.843
0.596
0.53
0.521
0.603
0.012
0.555
0.627
0.056
0.455
0.366
0.089
0.976
0.609
0.053
0.847
0.851
0.575
0.674
0.692
0.108
0.699
0.885
0.895
0.657
0.841
0.953
0.078
0.942
0.246
0.384
0.26
0.621
0.381
0.403
0.823
0.337
0.624
0.471
0.227
0.397
0.78
0.154
0.453
0.395
0.419
0.205
0.803
0.778
0.948
0.989
0.223
0.669
0.441
0.787
0.63
0.274
0.94
0.739
0.738
0.607
0.694
0.65
0.021
0.755
0.85
0.047
0.231
0.111
0.232
0.774
0.722
0.874
0.066
0.805
0.879
0.561
0.436
0.248
0.463
0.531
0.77
0.054
0.661
0.281
0.096
0.191
0.802
0.219
0.259
0.699
0.04
0.945
0.198
0.896
0.374
0.487
0.028
0.67
0.248
0.618
0.13
0.154
0.772
0.146
0.785
0.647
0.58
0.297
0.588
0.458
0.014
0.532
0.873
0.693
0.927
0.323
0.064
0.437
0.874
0.598
0.599
0.065
0.261
0.949
0.42
0.738
0.821
0.335
0.979
0.096
0.721
0.772
0.396
0.401
0.303
0.649
0.994
0.658
0.938
0.646
0.226
0.231
0.796
0.937
0.951
0.003
0.839
0.133
0.807
0.368
0.141
0.696
0.929
0.286
0.392
0.922
0.339
0.218
0.789
0.218
0.77
0.205
0.389
0.477
0.419
0.922
0.512
0.503
0.857
0.017
0.783
0.319
0.162
0.294
0.83
0.682
0.308
0.516
0.431
0.182
0.112
0.517
0.464
0.994
0.958
0.05
0.854
0.853
0.232
0.082
0.096
0.853
0.211
0.008
0.934
0.649
0.33
0.992
0.505
0.557
0.641
0.814
0.321
0.758
0.272
0.321
0.366
0.065
0.846
0.449
0.342
0.158
0.032
0.067
0.47
0.592
0.409
0.784
0.674
0.197
0.607
0.847
0.666
0.268
0.857
0.598
0.092
0.905
0.458
0.959
0.117
0.11
0.282
0.583
0.765
0.18
0.932
0.956
0.807
0.026
0.677
0.22
0.783
0.407
0.83
0.802
0.624
0.216
0.129
0.031
0.745
0.989
0.467
0.325
0.45
0.691
0.051
0.717
0.288
0.484
0.633
0.491
0.421
0.73
0.075
0.881
0.462
0.211
0.992
0.8
0.405
0.667
0.357
0.42
0.409
0.064
0.114
0.434
0.216
0.493
0.867
0.857
0.609
0.651
0.149
0.933
0.079
0.337
0.144
0.929
0.47
0.347
0.201
0.979
0.414
0.396
0.471
0.019
0.548
0.458
0.595
0.485
0.481
0.009
0.528
0.501
0.752
0.715
0.526
0.253
0.748
0.045
0.822
0.477
0.315
0.987
0.065
0.054
0.358
0.097
0.716
0.445
0.576
0.839
0.456
0.58
0.577
0.251
0.006
0.148
0.417
0.07
0.021
0.929
0.47
0.999
0.201
0.957
0.885
0.487
0.632
0.953
0.816
0.691
0.882
0.242
0.439
0.074
0.905
0.762
0.581
0.707
0.24
0.503
0.326
0.455
0.91
0.868
0.124
0.997
0.781
0.355
0.701
0.861
0.338
0.499
0.202
0.117
0.759
0.839
0.95
0.137
0.506
0.209
0.781
0.386
0.172
0.139
0.648
0.181
0.342
0.329
0.563
0.793
0.817
0.434
0.786
0.192
0.235
0.809
0.696
0.563
0.291
0.424
0.161
0.241
0.182
0.865
0.88
0.931
0.053
0.556
0.312
0.831
0.43
0.067
0.38
0.082
0.788
0.402
0.88
0.999
0.603
0.593
0.825
0.076
0.615
0.602
0.241
0.324
0.353
0.189
0.017
0.711
0.853
0.317
0.317
0.353
0.001
0.173
0.42
0.342
0.001
0.178
0.888
0.129
0.293
0.908
0.35
0.708
0.545
0.073
0.74
0.721
0.044
0.697
0.547
0.19
0.678
0.255
0.325
0.511
0.174
0.254
0.311
0.622
0.142
0.793
0.315
0.799
0.516
0.015
0.875
0.941
0.157
0.198
0.679
0.388
0.41
0.402
0.327
0.511
0.593
0.874
0.614
0.172
0.646
0.262
0.044
0.518
0.809
0.713
0.117
0.161
0.453
0.185
0.229
0.572
0.85
0.945
0.793
0.255
0.015
0.182
0.174
0.463
0.706
0.365
0.818
0.42
0.26
0.432
0.962
0.762
0.583
0.096
0.073
0.125
0.076
0.037
0.845
0.226
0.659
0.35
0.934
0.888
0.5
0.694
0.204
0.047
0.781
0.058
0.582
0.087
0.165
0.629
0.192
0.686
0.277
0.514
0.901
0.321
0.529
0.367
0.519
0.577
0.861
0.536
0.795
0.669
0.948
0.47
0.223
0.081
0.083
0.12
0.148
0.023
0.552
0.733
0.37
0.542
0.369
0.595
0.8
0.211
0.248
0.323
0.629
0.17
0.39
0.298
0.4
0.263
0.074
0.316
0.106
0.3
0.37
0.575
0.798
0.901
0.382
0.242
0.352
0.655
0.716
0.909
0.799
0.813
0.857
0.624
0.469
0.921
0.013
0.188
0.06
0.319
0.821
0.911
0.452
0.884
0.425
0.522
0.776
0.544
0.546
0.306
0.911
0.482
0.657
0.825
0.357
0.376
0.654
0.026
0.175
0.97
0.612
0.812
0.291
0.511
0.831
0.037
0.282
0.408
0.701
0.808
0.438
0.277
0.042
0.129
0.6
0.986
0.598
0.632
0.186
0.277
0.731
0.917
0.656
0.791
0.314
0.235
0.531
0.842
0.415
0.428
0.814
0.384
0.008
0.131
0.106
0.879
0.423
0.415
0.555
0.368
0.241
0.863
0.354
0.886
0.939
0.487
0.953
0.24
0.571
0.985
0.388
0.36
0.498
0.074
0.753
0.822
0.428
0.19
0.558
0.88
0.571
0.74
0.152
0.318
0.185
0.694
0.17
0.326
0.208
0.536
0.367
0.204
0.004
0.339
0.506
0.365
0.605
0.665
0.219
0.645
0.019
0.082
0.43
0.341
0.245
0.127
0.777
0.511
0.606
0.593
0.101
0.275
0.951
0.647
0.47
0.196
0.398
0.185
0.43
0.616
0.739
0.806
0.105
0.634
0.132
0.487
0.705
0.763
0.959
0.277
0.499
0.199
0.849
0.27
0.854
0.559
0.613
0.186
0.068
0.164
0.811
0.207
0.998
0.382
0.778
0.632
0.606
0.765
0.833
0.359
0.673
0.475
0.346
0.927
0.819
0.524
0.652
0.536
0.613
0.151
0.162
0.868
0.168
0.935
0.985
0.232
0.165
0.46
0.523
0.853
0.695
0.543
0.993
0.343
0.492
0.882
0.158
0.567
0.993
0.135
0.043
0.579
0.688
0.022
0.264
0.79
0.327
0.421
0.065
0.617
0.553
0.089
0.39
0.415
0.307
0.566
0.039
0.584
0.886
0.089
0.429
0.938
0.262
0.941
0.728
0.369
0.179
0.395
0.272
0.831
0.381
0.199
0.352
0.66
0.233
0.323
0.969
0.655
0.935
0.69
0.069
0.875
0.095
0.462
0.823
0.104
0.21
0.311
0.625
0.861
0.398
0.392
0.075
0.407
0.328
0.03
0.346
0.462
0.287
0.132
0.116
0.225
0.485
0.056
0.012
0.208
0.152
0.692
0.636
0.053
0.082
0.459
0.706
0.318
0.189
0.426
0.826
0.274
0.481
0.317
0.098
0.342
0.177
0.75
0.189
0.175
0.124
0.649
0.685
0.608
0.16
0.757
0.089
0.207
0.697
0.588
0.259
0.155
0.523
0.521
0.622
0.654
0.009
0.922
0.957
0.808
0.641
0.874
0.848
0.748
0.722
0.307
0.716
0.936
0.414
0.323
0.051
0.344
0.808
0.829
0.362
0.951
0.239
0.703
0.142
0.331
0.382
0.981
0.388
0.222
0.126
0.126
0.26
0.412
0.239
0.699
0.34
0.248
0.891
0.897
0.455
0.764
0.976
0.887
0.94
0.196
0.507
0.741
0.285
0.71
0.426
0.427
0.538
0.586
0.937
0.537
0.416
0.327
0.903
0.639
0.083
0.818
0.894
0.721
0.415
0.185
0.084
0.351
0.159
0.7
0.517
0.955
0.663
0.685
0.589
