0.852
0.66
0.491
0.199
0.503
0.944
0.437
0.011
0.332
0.701
0.564
0.652
0.038
0.491
0.609
0.416
0.925
0.292
0.954
0.55
0.834
0.439
0.701
0.089
0.254
0.408
0.225
0.727
0.147
0.746
0.841
0.449
0.447
0.466
0.841
0.017
0.179
0.21
0.487
0
0.953
0.183
0.477
0.395
0.196
0.577
0.552
0.688
0.756
0.411
0.216
0.435
0.09
0.548
0.689
0.746
0.358
0.367
0.248
0.383
0.389
0.527
0.78
0.263
0.664
0.732
0.837
0.832
0.081
0.551
0.489
0.892
0.045
0.591
0.74
0.982
0.676
0.461
0.725
0.106
0.119
0.737
0.884
0.717
0.794
0.181
0.031
0.21
0.644
0.498
0.541
0.535
0.936
0.734
0.278
0.699
0.008
0.206
0.099
0.964
0.267
0.32
0.483
0.994
0.93
0
0.678
0.405
0.564
0.512
0.632
0.954
0.367
0.552
0.492
0.613
0.883
0.485
0.67
0.976
0.523
0.01
0.526
0.909
0.953
0.796
0.014
0.159
0.712
0.666
0.007
0.49
0.181
0.516
0.528
0.378
0.547
0.86
0.5
0.769
0.565
0.558
0.934
0.431
0.784
0.188
0.331
0.91
0.803
0.812
0.953
0.091
0.013
0.542
0.505
0.446
0.903
0.371
0.206
0.92
0.046
0.474
0.451
0.042
0.574
0.188
0.493
0.83
0.145
0.403
0.63
0.291
0.488
0.007
0.598
0.881
0.544
0.791
0.515
0.527
0.305
0.874
0.711
0.082
0.586
0.963
0.049
0.289
0.079
0.678
0.972
0.426
0.146
0.155
0.977
0.698
0.94
0.707
0.63
0.741
0.895
0.738
0.062
0.696
0.362
0.116
0.978
0.259
0.864
0.623
0.223
0.145
0.028
0.368
0.676
0.538
0.551
0.297
0.631
0.116
0.115
0.985
0.72
0.98
0.688
0.757
0.196
0.336
0.262
0.582
0.427
0.56
0.371
0.092
0.038
0.38
0.504
0.064
0.908
0.834
0.998
0.357
0.745
0.132
0.083
0.084
0.191
0.483
0.785
0.458
0.295
0.683
0.233
0.628
0.919
0.417
0.655
0.102
0.964
0.82
0.986
0.277
0.24
0.034
0.773
0.857
0.0
0.88
0.825
0.138
0.759
0.699
0.021
0.367
0.623
0.355
0.908
0.053
0.025
0.136
0.736
0.744
0.956
0.067
0.176
0.289
0.031
0.551
0.496
0.294
0.081
0.005
0.203
0.348
0.58
0.369
0.118
0.107
0.885
0.952
0.059
0.69
0.805
0.252
0.595
0.058
0.027
0.141
0.106
0.942
0.977
0.874
0.089
0.512
0.903
0.785
0.61
0.473
0.829
0.664
0.945
0.066
0.129
0.75
0.849
0.023
0.28
0.457
0.942
0.785
0.889
0.684
0.114
0.684
0.002
0
0.525
0.105
0.153
0.132
0.032
0.477
0.877
0
0.882
0.987
0.849
0.696
0.648
0.758
0.392
0.802
0.039
0.228
0.958
0.349
0.463
0.277
0.097
0.978
0.405
0.76
0.655
0.877
0.753
0.369
0.921
0.967
0.652
0.751
0.775
0.674
0.322
0.008
0.766
0.76
0.209
0.827
0.741
0.731
0.098
0.918
0.505
0.079
0.342
0.115
0.345
0.451
0.065
0.502
0.897
0.082
0.996
0.034
0.178
0.508
0.242
0.0
0.94
0.576
0.246
0.634
0.462
0.822
0.854
0.23
0.334
0.801
0.289
0.912
0.679
0.638
0.294
0.861
0.859
0.532
0.81
0.932
0.695
0.744
0.137
0.407
0.285
0.391
0.07
0.702
0.875
0.891
0.941
0.354
0.173
0.703
0.626
0.941
0.227
0.297
0.651
0.211
0.285
0.963
0.936
0.774
0.867
0.989
0.641
0.161
0.339
0.564
0.376
0.061
0.896
0.913
0.012
0.978
0.751
0.249
0.778
0.902
0.25
0.384
0.357
0.696
0.788
0.543
0.622
0.255
0.13
0.909
0.975
0.99
0.988
0.642
0.664
0.497
0.373
0.208
0.474
0.784
0.102
0.939
0.734
0.827
0.175
0.925
0.734
0.446
0.911
0.413
0.647
0.276
0.983
0.33
0.645
0.9
0.281
0.077
0.416
0.062
0.208
0.813
0.907
0.181
0.949
0.106
0.336
0.026
0.083
0.88
0.435
0.996
0.814
0.184
0.815
0.456
0.378
0.437
0.3
0.771
0.917
0.422
0.354
0.262
0.01
0.341
0.148
0.595
0.597
0.517
0.265
0.614
0.428
0.614
0.226
0.707
0.773
0.335
0.843
0.688
0.986
0.374
0.773
0.179
0.975
0.824
0.965
0.647
0.351
0.788
0.023
0.235
0.807
0.052
0.208
0.116
0.316
0.298
0.95
0.814
0.258
0.352
0.739
0.661
0.533
0.309
0.392
0.249
0.749
0.773
0.228
0.751
0.141
0.734
0.036
0.31
0.545
0.655
0.222
0.366
0.529
0.963
0.586
0.305
0.062
0.595
0.516
0.286
0.958
0.242
0.774
0.989
0.633
0.16
0.333
0.327
0.579
0.476
0.672
0.199
0.819
0.117
0.689
0.157
0.757
0.308
0.441
0.726
0.41
0.318
0.607
0.522
0.763
0.106
0.399
0.387
0.594
0.686
0.277
0.039
0.28
0.528
0.73
0.827
0
0.854
0.395
0.707
0.032
0.25
0.658
0.813
0.486
0.269
0.713
0.354
0.597
0.367
0.048
0.277
0.188
0.619
0.728
0.34
0.662
0.774
0.531
0.987
0.816
0.269
0.838
0.487
0.672
0.762
0.001
0.572
0
0.956
0.656
0.313
0.696
0.468
0.386
0.281
0.389
0.949
0.347
0.359
0.941
0.943
0.591
0.889
0.092
0.048
0.732
0.242
0.399
0.084
0.958
0.884
0.265
0.468
0.214
0.588
0.713
0.568
0.552
0.036
0.444
0.93
0.626
0.251
0.731
0.673
0.547
0.763
0.374
0.852
0.615
0.532
0.799
0.071
0.251
0.624
0.958
0.409
0.897
0.417
0.336
0.27
0.074
0.047
0.049
0.596
0.16
0.684
0.171
0.226
0.232
0.776
0.725
0.677
0.154
0.619
0.516
0.227
0.535
0.558
0.396
0.629
0.967
0.078
0.221
0.036
0.553
0.614
0.323
0.216
0.668
0.693
0.974
0.156
0.77
0.651
0.959
0.04
0.426
0.497
0.673
0.001
0.815
0.214
0.128
0.805
0.718
0.105
0.303
0.32
0.359
0.528
0.191
0.6
0.349
0.803
0.608
0.853
0.235
0.283
0.726
0.627
0.865
0.048
0.216
0.521
0.115
0.098
0.361
0.819
0.171
0.362
0.371
0.091
0.668
0.222
0.592
0.195
0.206
0.334
0.028
0.467
0.602
0.087
0.197
0.985
0.989
0.548
0.029
0.329
0.734
0.707
0.388
0.544
0.766
0.329
0.321
0.288
0.472
0.391
0.399
0.136
0.272
0.356
0.817
0.71
0.909
0.216
0.211
0.453
0.465
0.088
0.697
0.456
0.37
0.574
0.362
0.561
0.113
0.722
0.149
0.349
0.207
0.774
0.736
0.962
0.252
0.158
0.204
0.845
0.329
0.101
0.779
0.152
0.623
0.07
0.045
0.752
0.514
0.81
0.809
0.887
0.313
0.245
0.547
0.255
0.794
0.236
0.385
0.013
0.314
0.087
0.379
0.867
0.847
0.106
0.705
0.753
0.857
0.849
0.984
0.152
0.747
0.455
0.552
0.907
0.183
0.946
0.674
0.854
0.372
0.037
0.285
0.856
0.402
0.273
0.487
0.359
0.003
0.115
0.154
0.916
0.092
0.247
0.827
0.913
0.479
0.238
0.892
0.47
0.181
0.299
0.27
0.718
0.824
0.415
0.235
0.571
0.63
0.489
0.512
0.672
0.625
0.649
0.096
0.627
0.714
0.828
0.75
0.28
0.857
0.135
0.989
0.019
0.374
0.092
0.049
0.503
0.522
0.238
0.518
0.15
0.493
0.778
0.936
0.223
0.051
0.922
0.736
0.489
0.618
0.044
0.124
0.479
0.956
0.912
0.45
0.802
0.998
0.679
0.998
0.621
0.721
0.232
0
0.8
0.268
0.472
0.363
0.759
0.606
0.868
0.57
0.398
0.311
0.387
0.411
0.287
0.41
0.291
0.133
0.762
0.364
0.438
0.976
0.468
0.216
0.222
0.723
0.086
0.994
0.109
0.275
0.727
0.115
0.9
0.831
0.417
0.218
0.738
0.236
0.972
0.865
0.95
0.672
0.886
0.222
0.382
0.269
0.695
0.39
0.727
0.942
0.343
