0.203
0.729
0.137
0.607
0.409
0.088
0.113
0.343
0.801
0.06
0.352
0.859
0.458
0.972
0.913
0.875
0.705
0.316
0.016
0.53
0.98
0.299
0.798
0.974
0.972
0.332
0.931
0.263
0.398
0.23
0.083
0.718
0.609
0.084
0.915
0.798
0.233
0.909
0.489
0.342
0.638
0.327
0.689
0.024
0.586
0.803
0.908
0.905
0.976
0.146
0.297
0.677
0.159
0.382
0.47
0.698
0.106
0.56
0.795
0.27
0.289
0.566
0.895
0.619
0.458
0.835
0.452
0.203
0.987
0.964
0.358
0.86
0.297
0.999
0.497
0.643
0.606
0.137
0.486
0.287
0.861
0.464
0.017
0.889
0.564
0.906
0.341
0.06
0.519
0.442
0.858
0.257
0.942
0.805
0.942
0.513
0.089
0.651
0.178
0.153
0.592
0.66
0.646
0.364
0.6
0.89
0.462
0.01
0.926
0.29
0.15
0.934
0.637
0.738
0.072
0.731
0.762
0.904
0.372
0.514
0.656
0.753
0.122
0.348
0.072
0.28
0.604
0.335
0.019
0.59
0.689
0.497
0.969
0.985
0.726
0.96
0.491
0.14
0.571
0.218
0.712
0.655
0.604
0.536
0.097
0.846
0.193
0.117
0.95
0.27
0.195
0.598
0.023
0.141
0.006
0.581
0.735
0.35
0.724
0.754
0.156
0.678
0.388
0.561
0.052
1.0
0.553
0.254
0.331
0.692
0.294
0.725
0.105
0.195
0.829
0.191
0.23
0.187
0.241
0.964
0.721
0.856
0.015
0.287
0.922
0.504
0.342
0.397
0.916
0.448
0.545
0.918
0.499
0.808
0.959
0.411
0.587
0.514
0.16
0.824
0.264
0.412
0.498
0.665
0.515
0.225
0.389
0.765
0.542
0.49
0.835
0.061
0.617
0.346
0.392
0.842
0.156
0.422
0.903
0.856
0.127
0.441
0.49
0.615
0.309
0.925
0.127
0.91
0.555
0.276
0.932
0.393
0.176
0.308
0.471
0.759
0.704
0.025
0.989
0.24
0.602
0.965
0.546
0.165
0.87
0.838
0.627
0.119
0.013
0.339
0.676
0.638
0.197
0.99
0.588
0.384
0.558
0.719
0.044
0.238
0.816
0.872
0.54
0.033
0.77
0.855
0.066
0.461
0.629
0.908
0.227
0.26
0.752
0.433
0.834
0.498
0.979
0.61
0.086
0.656
0.291
0.722
0.822
0.043
0.05
0.865
0.801
0.548
0.197
0.023
0.839
0.399
0.955
0.41
0.957
0.891
0.854
0.921
0.498
0.07
0.609
0.472
0.553
0.791
0.618
0.07
0.861
0.75
0.67
0.125
0.396
0.122
0.291
0.641
0.861
0.335
0.376
0.332
0.142
0.298
0.691
0.669
0.413
0.295
0.051
0.944
0.975
0.292
0.681
0.985
0.47
0.477
0.573
0.443
0.847
0.333
0.19
0.285
0.657
0.39
0.233
0.821
0.464
0.575
0.003
0.414
0.693
0.5
0.886
0.536
0.144
0.409
0.145
0.63
0.646
0.961
0.486
0.142
0.31
0.27
0.263
0.832
0.25
0.78
0.196
0.359
0.332
0.432
0.378
0.725
0.938
0.505
0.723
0.722
0.432
0.357
0.963
0.725
0.403
0.742
0.047
0.247
0.409
0.761
0.718
0.431
0.263
0.431
0.579
0.51
0.479
0.731
0.922
0.027
0.264
0.78
0.94
0.026
0.71
0.926
0.225
0.964
0.447
0.768
0.334
0.097
0.183
0.044
0.562
0.006
0.144
0.412
0.254
0.64
0.007
0.35
0.923
0.521
0.393
0.078
0.984
0.397
0.31
0.19
0.652
0.46
0.795
0.101
0.629
0.367
0.801
0.027
0.191
0.502
0.388
0.123
0.438
0.553
0.444
0.645
0.125
0.55
0.741
0.286
0.344
0.029
0.646
0.734
0.822
0.695
0.331
0.598
0.424
0.523
0.78
0.656
0.313
0.218
0.952
0.448
0.225
0.387
0
0.024
0.136
0.173
0.591
0.314
0.53
0.039
0.72
0.014
0.342
0.565
0.714
0.862
0.354
0.16
0.398
0.738
0.037
0.67
0
0.853
0.161
0.247
0.714
0.724
0.914
0.884
0.845
0.173
0.574
0.462
0.456
0.025
0.998
0.648
0.984
0.658
0.11
0.515
0.065
0.858
0.578
0.821
0.172
0.578
0.846
0.912
0.194
0.23
0.109
0.859
0.234
0.109
0.768
0
0.375
0.09
0.637
0.697
0.641
0.022
0.321
0.507
0.714
0.348
0.785
0.12
0.427
0.921
0.799
0.526
0.193
0.72
0.136
0.569
0.395
0.23
0.365
0.867
0.449
0.193
0.465
0.027
0.427
0.816
0.907
0.247
0.121
0.367
0.177
0.97
0.399
0.294
0.055
0.719
0.684
0.661
0.023
0.632
0.171
0.204
0.129
0.567
0.11
0.804
0.692
0.392
0.842
0.696
0.814
0.072
0.649
0.5
0.429
0.086
0.46
0.794
0.963
0.065
0.491
0.768
0.992
0.906
0.219
0.632
0.93
0.93
0.175
0.436
0.536
0.956
0.017
0.491
0.74
0.654
0.262
0.758
0.061
0.915
0.228
0.048
0.103
0.715
0.908
0.791
0.686
0.128
0.023
0.028
0.145
0.531
0.294
0.944
0.568
0.798
0.322
0.154
0.234
0.322
0.957
0.7
0.324
0.019
0.771
0.27
0.156
0.816
0.98
0.852
0.282
0.906
0.486
0.324
0.874
0.615
0.989
0.557
0.515
0.8
0.983
0.281
0.983
0.148
0.719
0.835
0.265
0.277
0.417
0.207
0.234
0.83
0.707
0.53
0.703
0.883
0
0.219
0.454
0.086
0.446
0.956
0.429
0.265
0.025
0.914
0.521
0.639
0.235
0.298
0.122
0.448
0.649
0.238
0.163
0.849
0.838
0.822
0.55
0.89
0.766
0.035
0.391
0.537
0.864
0.26
0.954
0.155
0.288
0.494
0.117
0.299
0.794
0.788
0.245
0.843
0.309
0.537
0.842
0.484
0.118
0.831
0.466
0.024
0.281
0.411
0.342
0.266
0.402
0.389
0.084
0.783
0.178
0.596
0.979
0.265
0.856
0.965
0.528
0.437
0.747
0.064
0.511
0.892
0.54
0.203
0.465
0.803
0.831
0.766
0.879
0.964
0.496
0.995
0.289
0.222
0.141
0.804
0.866
0.51
0.029
0.303
0.191
0.539
0.629
0.187
0.118
0.07
0.268
0.748
0.246
0.606
0.485
0.84
0.509
0.287
0.661
0.64
0.293
0.002
0.88
0.466
0.793
0.735
0.355
0.493
0.786
0.664
0.012
0.148
0.499
0.211
0.521
0.596
0.374
0.202
0.678
0.293
0.683
0.859
0.233
0.528
0.906
0.837
0.904
0.106
0.692
0.833
0.712
0.2
0.439
0.342
0.493
0.979
0.374
0.397
0.08
0.497
0.912
0.684
0.471
0.991
0.043
0.29
0.154
0.501
0.417
0.435
0.483
0.405
0.468
0.843
0.082
0.829
0.579
0.023
0.327
0.249
0.02
0.195
0.817
0.663
0.265
0.152
0.465
0.411
0.829
0.293
0.072
0.593
0.518
0.469
0.189
0.432
0.963
0.936
0.699
0.251
0.891
0.834
0.234
0.886
0.291
0.806
0.064
0.855
0.9
0.588
0.159
0.704
0.796
0.413
0.918
0.346
0.799
0.577
0.502
0.984
0.046
0.761
0.722
0.352
0.437
0.08
0.872
0.083
0.291
0.947
0.954
0.554
0.965
0.872
0.982
0.572
0.754
0.316
0.09
0.058
0.624
0.036
0.975
0.64
0.668
0.951
0.181
0.078
0.675
0.652
0.229
0.46
0.286
0.543
0.191
0.78
0.656
0.119
0.361
0.953
0.932
0.438
0.516
0.046
0.843
0.529
0.122
0.974
0.817
0.001
0.661
0.11
0.219
0.674
0.249
0.021
0.221
0.533
0.31
0.454
0.576
0.732
0.478
0.348
0.55
0.894
0.941
0.852
0.437
0.754
0.557
0.295
0.247
0.07
0.0
0.28
0.957
0.09
0.072
0.357
0.561
0.844
0.059
0.229
0.909
0.289
0.259
0.57
0.931
0.422
0.037
0.986
0.556
0.664
0.353
0.293
0.843
0.246
0.188
0.367
0.689
0.92
0.634
0.725
0.119
0.561
0
0.425
0.727
0.693
0.634
0.239
0.771
0.384
0.441
0.685
0.654
0.897
0.848
0.588
0.751
0.991
0.442
0.835
0.765
0.837
0.834
0.694
0.347
0.121
0.74
0.95
0.579
0.259
0.696
0.598
0.564
0.781
0.649
0.215
