0.326
0.947
0.817
0.198
0.144
0.892
0.147
0.149
0.701
0.396
0.629
0.525
0.574
0.146
0.001
0.718
0.791
0.264
0.072
0.527
0.546
0.744
0.816
0.169
0.312
0.487
0.831
0.394
0.113
0.558
0.261
0.362
0.77
0.405
0.153
0.243
0.659
0.056
0.247
0.056
0.236
0.479
0.981
0.635
0.258
0.84
0.025
0.545
0.836
0.398
0.166
0.231
0.501
0.465
0.031
0.336
0.492
0.33
0.25
0.245
0.115
0.53
0.03
0.835
0.308
0.784
0.473
0.697
0.668
0.772
0.956
0.576
0.555
0.217
0.456
0.017
0.199
0.345
0.829
0.216
0.195
0.254
0.491
0.083
0.701
0.084
0.795
0.112
0.204
0.527
0.536
0.716
0.838
0.534
0.505
0.597
0.568
0.003
0.196
0.774
0.227
0.423
0.863
0.326
0.187
0.884
0.337
0.884
0.041
0.625
0.465
0.644
0
0.766
0.527
0.3
0.852
0.952
0.401
0.182
0.737
0.428
0.973
0.641
0.312
0.898
0.471
0.57
0.038
0.154
0.781
0.653
0.347
0.428
0.874
0.424
0.532
0.169
0.274
0.61
0.061
0.044
0.536
0.639
0.369
0.007
0.668
0.978
0.248
0.807
0.526
0.188
0.853
0.874
0.835
0.124
0.011
0.504
0.511
0.862
0.762
0.103
0.347
0.39
0.897
0.949
0.834
0.673
0.124
0.077
0.043
0.137
0.885
0.745
0.628
0.057
0.75
0.178
0.866
0.356
0.925
0.039
0.351
0.36
0.493
0.199
0.971
0.963
0.354
0.219
0.341
0.821
0.493
0.703
0.829
0.978
0.903
0.716
0.235
0.805
0.397
0.74
0.59
0.747
0.389
0.494
0.562
0.624
0.081
0.692
0.647
0.607
0.027
0.18
0.506
0.449
0.921
0.689
0.396
0.154
0.145
0.778
0.736
0.424
0.775
0.199
0.406
0.666
0.515
0.354
0.979
0.467
0.298
0.525
0.677
0.935
0.485
0.313
0.786
0.552
0.774
0.357
0.048
0.971
0.484
0.232
0.848
0.929
0.787
0.782
0.668
0.763
0.952
0.015
0.619
0.456
0.482
0.656
0.395
0.866
0.36
0.452
0.552
0.757
0.318
0.686
0.191
0.366
0.521
0.955
0.367
0.269
0.649
0.284
0.787
0.075
0.929
0.13
0.433
0.715
0.071
0.485
0.678
0.032
0.296
0.419
0.943
0.868
0.302
0.189
0.908
0.968
0.259
0.219
0.434
0.859
0.219
0.512
0.037
0.985
0.422
0.579
0.429
0.724
0.407
0.45
0.777
0.642
0.533
0.864
0.737
0.506
0.034
0.492
0.847
0.839
0.248
0.794
0.958
0.667
0.28
0
0.729
0.668
0
0.755
0.616
0.053
0.353
0.515
0.073
0.877
0.415
0.78
0.809
0.895
0.447
0.592
0.581
0.927
0.736
0.649
0.777
0.022
0.852
0.354
0.303
0.888
0.209
0.645
0.694
0.93
0.249
0.763
0.702
0.064
0.982
0.782
0.491
0.515
0.337
0.443
0.368
0.205
0.128
0.05
0.952
0.36
0.495
0.797
0.276
0.779
0.549
0.097
0.277
0
0.13
0.02
0.586
0.716
0.016
0.264
0.64
0.538
0.12
0.927
0.269
0.675
0.09
0.784
0.908
0.35
0.001
0.348
0.209
0.734
0.13
0.861
0.285
0.096
0.552
0.829
0.069
0.964
0.498
0.998
0.118
0.648
0.984
0.776
0.517
0.883
0.116
0.989
0.015
0.307
0.904
0.943
0.379
0.402
0.122
0.276
0.483
0.455
0.388
0.754
0.51
0
0.755
0.763
0.019
0.835
0.364
0.727
0.499
0.306
0.502
0.223
0.669
0.458
0.344
0.319
0.491
0.752
0.155
0.852
0.889
0.838
0.606
0.742
0.455
0.263
0.76
0.716
0.949
0.64
0.154
0.464
0.431
0.178
0.577
0.275
0.096
0.654
0.371
0.77
0.367
0.352
0.226
0.061
0.372
0.488
0.315
0.907
0.795
0.009
0.925
0.785
0.804
0.498
0.085
0.209
0.007
0.798
0.111
0.656
0.402
0.87
0.841
0.437
0.07
0.021
0.53
0.915
0.363
0.681
0.454
0.346
0.269
0.502
0.025
0.568
0.987
0.58
0.656
0.382
0.315
0.786
0.296
0.494
0.702
0.417
0.429
0.936
0.508
0.82
0.042
0.338
0.791
0.378
0.16
0.574
0.614
0.589
0.122
0.588
0.548
0.464
0.785
0.376
0.597
0.72
0.612
0.308
0.37
0.398
0.528
0.098
0.641
0.978
0.197
0.14
0.493
0.735
0.747
0.534
0.398
0.116
0.722
0.534
0.278
0.867
0.461
0.249
0.154
0.622
0.774
0.052
0.645
0.118
0.002
0.466
0.285
0.777
0.965
0.293
0
0.739
0.391
0.058
0.029
0.226
0.617
0.041
0.107
0.228
0.152
0.294
0.344
0.57
0.181
0.221
0.109
0.262
0.837
0.57
0.45
0.012
0.904
0.022
0.113
0.956
0.961
0.253
0.623
0
0.567
0.365
0.297
0.255
0.89
0.816
0.175
0.354
0.654
0.214
0.605
0.722
0.918
0.597
0.067
0.999
0.298
0.335
0.227
0.42
0.418
0.865
0.324
0.795
0.979
0.08
0.841
0.548
0.118
0.803
0.061
0.248
0.443
0.071
0.528
0.25
0.537
0.865
0.708
0.255
0.504
0.697
0.113
0.632
0.325
0.344
0.489
0.226
0.984
0.471
0.639
0.272
0.114
0.709
0.14
0.811
0.061
0.979
0.348
0.141
0.181
0.703
0.093
0.649
0.778
0.4
0.142
0.739
0.009
0.41
0.079
0.881
0.114
0.398
0.366
0.185
0.837
0.459
0.804
0.934
0.018
0.862
0.813
0.22
0.228
0.15
0.332
0.047
0.525
0.623
0.986
0.243
0.512
0.245
0.834
0.448
0.288
0.575
0.928
0.812
0.765
0.544
0.795
0.835
0.397
0.667
0.478
0.064
0.146
0.935
0.209
0.409
0.328
0.454
0.506
0.711
0.406
0.571
0.042
0.286
0.71
0.098
0.271
0.937
0.047
0.775
0.043
0.882
0.019
0.742
0.134
0.804
0.529
0.033
0.637
0.657
0.662
0.679
0.366
0.6
0.314
0.946
0.548
0.292
0.516
0.734
0.642
0.428
0.049
0.735
0.211
0.075
0.875
0.21
0.567
0.18
0.46
0.071
0.948
0.122
0.019
0.63
0.427
0.804
0.263
0.763
0.559
0.423
0.308
0.126
0.864
0.112
0.682
0.427
0.474
0.318
0.516
0.301
0.093
0.294
0.779
0.716
0.747
0.476
0.114
0.437
0.115
0.341
0.2
0.248
0.217
0.885
0.082
0.996
0.882
0.354
0.762
0.853
0.192
0.244
0.581
0.634
0.302
0.618
0.113
0.313
0.304
0.237
0.763
0.594
0.741
0.812
0.488
0.693
0.005
0.955
0.585
0.564
0.148
0.664
0.906
0.898
0.793
0.698
0.342
0.231
0.104
0.382
0.147
0.418
0.189
0.921
0.295
0.557
0.179
0.92
0.205
0.684
0.154
0.879
0.76
0.654
0.916
0.124
0.932
1.0
0.881
0.548
0.432
0.246
0.06
0.599
0.483
0.845
0.655
0.911
0.997
0.852
0.781
0.496
0.278
0.629
0.17
0.426
0.995
0.399
0.577
0.993
0.003
0.33
0.87
0.19
0.493
0.09
0.85
0.543
0.278
0.806
0.062
0.218
0.69
0.558
0.514
0.954
0.569
0.869
0.943
0.561
0.054
0.709
0.927
0.153
0.536
0.973
0.447
0.268
0.207
0.169
0.74
0.86
0.186
0.26
0.647
0.918
0.85
0.203
0.509
0.757
0.89
0.984
0.038
0.392
0.541
0.46
0.889
0.534
0.948
0.992
0.676
0.518
0.227
0.599
0.812
0.256
0.34
0.906
0.88
0.466
0.139
0.195
0.441
0.679
0.343
0.6
0.751
0.362
0.59
0.971
0.972
0.267
0.789
0.439
0.838
0.778
0.743
0.994
0.912
0.431
0.508
0.598
0.212
0.995
0.258
0.192
0.037
0.683
0.482
0.0
0.92
0.025
0.235
0.293
0.04
0.747
0.037
0.916
0.409
0.23
0.399
0.668
0.899
0.133
0.281
0.588
0.693
0.806
0.01
0.305
0.085
0.775
0.913
0.981
0.657
0.753
0.598
0.839
0.915
0.393
0.47
0.685
0.616
0.392
0.235
0.227
0.606
0.097
0.455
0.641
0.949
0.071
0.114
0.159
0.795
0.064
