0.15
0.429
0.99
0.192
0.602
0.434
0.511
0.489
0.68
0.251
0.313
0.364
0.737
0.29
0.476
0.463
0.967
0.069
0.375
0.528
0.743
0.174
0.645
0.332
0.579
0.474
0.86
0.76
0.559
0.378
0.492
0.542
0.877
0.765
0.816
0.32
0.872
0.533
0.681
0.873
0.318
0.739
0.754
0.688
0.929
0.262
0.412
0.096
0.105
0.208
0.34
0.146
0.351
0.27
0.405
0.3
0.588
0.566
0.995
0.885
0.664
0.425
0.553
0.001
0.434
0.384
0.796
0.221
0.689
0.848
0.317
0.898
0.085
0.345
0.471
0.832
0.252
0.023
0.475
0.164
0.631
0.125
0.972
0.525
0.485
0.334
0.463
0.195
0.143
0.816
0.803
0.155
0.027
0.946
0.842
0.021
0.785
0.36
0.899
0.92
0.19
0.981
0.224
0.266
0.211
0.724
0.393
0.8
0.757
0.893
0.127
0.964
0.162
0.869
0.652
0.301
0.467
0.46
0.191
0.322
0.52
0.357
0.098
0.159
0.746
0.422
0.218
0.988
0.651
0.001
0.154
0.246
0.314
0.053
0.308
0.188
0.588
0.497
0.257
0.308
0.957
0.657
0.912
0.688
0.033
0.948
0.108
0.541
0.56
0.341
0.04
0.509
0.574
0.895
0.518
0.968
0.335
0.589
0.85
0.267
0.742
0.755
0.215
0.323
0.196
0.671
0.106
0.209
0.307
0.868
0.628
0.132
0.658
0.676
0.657
0.105
0.855
0.412
0.099
0.025
0.84
0.27
0.595
0.254
0.175
0.124
0.573
0.751
0.072
0.938
0.18
0.661
0.823
0.889
0.634
0.852
0.372
0.883
0.485
0.506
0.738
0.109
0.911
0.149
0.014
0.691
0.93
0.292
0.341
0.664
0.185
0.634
0.479
0.582
0.848
0.338
0.614
0.899
0.566
0.488
0.471
0.613
0.466
0.51
0.666
0.871
0.594
0.097
0.358
0.631
0.535
0.539
0.18
0.348
0.767
0.597
0.638
0.891
0.666
0.627
0.136
0.948
0.053
0.771
0.259
0.936
0.925
0.835
0.23
0.016
0.782
0.722
0.21
0.693
0.63
0.644
0.903
0.104
0.722
0.928
0.549
0.799
0.92
0.54
0.91
0.541
0.65
0.756
0.366
0.412
0.581
0.901
0.279
0.927
0.269
0.122
0.941
0.324
0.867
0.391
0.99
0.684
0.822
0.609
0.33
0.138
0.703
0.515
0.584
0.696
0.823
0.619
0.185
0.098
0.634
0.975
0.709
0.092
0.012
0.593
0.623
0.8
0.433
0.162
0.224
0.341
0.904
0.739
0.054
0.157
0.047
0.142
0.273
0.036
0.673
0.055
0.274
0.895
0.914
0.997
0.33
0.471
0.283
0.286
0.741
0.088
0.328
0.762
0.572
0.763
0.437
0.708
0.304
0.813
0.815
0.79
0.289
0.341
0.007
0.691
0.375
0.761
0.807
0.114
0.303
0.381
0.02
0.065
0.326
0.02
0.004
0.944
0.444
0.477
0.322
0.042
0.786
0.262
0.02
0.656
0.303
0.431
0.461
0.522
0.467
0.603
0.302
0.203
0.481
0.726
0.465
0.309
0.941
0.198
0.471
0.655
0.768
0.508
0.764
0.83
0.747
0.03
0.35
0.491
0.107
0.051
0.343
0.922
0.611
0.827
0.385
0.071
0.412
0.951
0.199
0.096
0.426
0.541
0.71
0.365
0.987
0.718
0.378
0.08
0.367
0.042
0.74
0.158
0.746
0.093
0.013
0.519
0.794
0.612
0.539
0.572
0.611
0.977
0.421
0.846
0.309
0.582
0.831
0.739
0.408
0.136
0.184
0.933
0.601
0.562
0.519
0.933
0.75
0.604
0.244
0.382
0.406
0.467
0.37
0.718
0.253
0.071
0.948
0.356
0.287
0.492
0.487
0.185
0.908
0.95
0.948
0.214
0.306
0.099
0.672
0.925
0.519
0.374
0.975
0.215
0.197
0.79
0.943
0.556
0.842
0.17
0.504
0.729
0.31
0.51
0.625
0.13
0.217
0.745
0.451
0.099
0.809
0.708
0.958
0.192
0.014
0.668
0.539
0.593
0.895
0.016
0.833
0.523
0.22
0.803
0.628
0.547
0.011
0.766
0.062
0.414
0.237
0.548
0.507
0.957
0.296
0.082
0.129
0.984
0.317
0.013
0.475
0.198
0.031
0.727
0.555
0.29
0.094
0.705
0.569
0.112
0.643
0.851
0.897
0.82
0.13
0.985
0.985
0.692
0.012
0.467
0.905
0.052
0.055
0.933
0.186
0.592
0.982
0.912
0.363
0.72
0.027
0.755
0.629
0.145
0.53
0.395
0.892
0.269
0.218
0.91
0.674
0.0
0.124
0.027
0.309
0.576
0.67
0.845
0.171
0.081
0.79
0.432
0.465
0.791
0.872
0.388
0.658
0.528
0.893
0.225
0.428
0.418
0.532
0.503
0.983
0.806
0.683
0.379
0.865
0.857
0.467
0.679
0.422
0.885
0.107
0.753
0.044
0.753
0.152
0.701
0.136
0.635
0.301
0.801
0.493
0.272
0.128
0.266
0.972
0.044
0.326
0.997
0.803
0.462
0.405
0.525
0.787
0.545
0.341
0.785
0.444
0.556
0.905
0.122
0.58
0.041
0.052
0
0.03
0.959
0.111
0.682
0.206
0.84
0.135
0.817
0.815
0.475
0.771
0.611
0.767
0.679
0.557
0.308
0.392
0.177
0.402
0.618
0.533
0.536
0.469
0.917
0.506
0.546
0.2
0.055
0.773
0.006
0.256
0.174
0.523
0.41
0.357
0.506
0.904
0.808
0.659
0.99
0.692
0.384
0.587
0.729
0.125
0.035
0.589
0
0.725
0.374
0.457
0.655
0.664
0.003
0.54
0.763
0.829
0.976
0.282
0.415
0.276
0.374
0.617
0.724
0.749
0.893
0.572
0.908
0.551
0.985
0.459
0.67
0.721
0.27
0.001
0.322
0.165
0.185
0.226
0.302
0.362
0.919
0.414
0.004
0
0.004
0.187
0.003
0.955
0.285
0.71
0.44
0.991
0.203
0.46
0.912
0.175
0.194
0.074
0.018
0.039
0.199
0.861
0.415
0.669
0.214
0.05
0.756
0.027
0.23
0.219
0.509
0.349
0.205
0.458
0.828
0.474
0.973
0.439
0.108
0.562
0.3
0.559
0.018
0.568
0.315
0.345
0.184
0.751
0.135
0.425
0.008
0.73
0.21
0.699
0.439
0.465
0.614
0.012
0.052
0.344
0.197
0.073
0.722
0.984
0.494
0.825
0.417
0.644
0.505
0.826
0.036
0.143
0.111
0.518
0.713
0.583
0.013
0.765
0.818
0.655
0.158
0.283
0.814
0.994
0
0.517
0.05
0.867
0.172
0.591
0.64
0.936
0.44
0.385
0.359
0.266
0.537
0.023
0.398
0.297
0.376
0.737
0.373
0.9
0.738
0.617
0.794
0.316
0.167
0.7
0.892
0.933
0.237
0.059
0.776
0.849
0.348
0.551
0.165
0.899
0.34
0.826
0.878
0.091
0.726
0.154
0.231
0.249
0.662
0.444
0.994
0.025
0.101
0.344
0.854
0.632
0.534
0.447
0.563
0.652
0.981
0.797
0.419
0.162
0.478
0.405
0.376
0.154
0.214
0.662
0.397
0.721
0.917
0.602
0.115
0.585
0.805
0.404
0.317
0.077
0.598
0.215
0.0
0.092
0.447
0.099
0.433
0.412
0.514
0.959
0.43
0.315
0.162
0.478
0.001
0.642
0.89
0.771
0.67
0.354
0.019
0.089
0.776
0.882
0.839
0.349
0.446
0.807
0.961
0.976
0.944
0.963
0.894
0.903
0.256
0.63
0.921
0.966
0.098
0.886
0.347
0.47
0.853
0.903
0.384
0.946
0.214
0.542
0.463
0.826
0.544
0.571
0.979
0.614
0.929
0.231
0.301
0.659
0.364
0.378
0.187
0.93
0.671
0.554
0.045
0.866
0.61
0.155
0.526
0.741
0.592
0.623
0.688
0.466
0.087
0.188
0.277
0.857
0.13
0.876
0.956
0.774
0.633
0.311
0.857
0.894
0.503
0.629
0.778
0.908
0.693
0.901
0.794
0.412
0.842
0.847
0.074
0.836
0.462
0.886
0.971
0.863
0.556
0.053
0.416
0.477
0.927
0.473
0.373
0.744
0.009
0.577
0.822
0.798
0.864
0.297
0.112
0.858
0.71
0.468
0.942
0.423
0.031
0.865
0.84
0.308
0.861
0.818
0.434
0.752
0.988
0.348
0.93
0.014
0.088
0.779
0.396
0.933
0.579
0.494
0.431
0.463
0.487
0.085
0.798
