0.146
0.028
0.19
0.268
0.657
0.996
0.398
0.433
0.947
0.526
0.423
0.464
0.972
0.215
0.766
0.952
0.121
0.488
0.458
0.16
0.581
0.981
0.572
0.581
0.557
0.241
0.158
0.669
0.821
0.914
0.901
0.188
0.134
0.668
0.621
0.342
0.267
0.459
0.983
0.38
0.037
0.97
0.457
0.025
0.594
0.575
0.549
0.13
0.141
0.693
0.269
0.935
0.921
0.107
0.397
0.045
0.665
0.477
0.664
0.256
0.663
0.406
0.354
0.025
0.526
0.908
0.414
0.164
0.097
0.764
0.627
0.079
0.153
0.821
0.544
0.438
0.849
0.885
0.152
0.223
0.64
0.645
0.976
0.85
0.401
0.455
0.72
0.438
0.898
0.262
0.017
0.529
0.278
0.561
0.955
0.82
0.155
0.025
0.72
0.612
0.95
0.554
0.032
0.293
0.971
0.06
0.0
0.786
0.581
0.993
0.944
0.317
0.838
0.818
0.84
0.118
0.172
0.535
0.865
0.591
0.319
0.855
0.618
0.974
0.548
0.527
0.943
0.682
0.495
0.053
0.984
0.39
0.918
0.197
0.136
0.536
0.157
0.947
0.795
0.792
0.104
0.567
0.419
0.733
0.962
0.438
0.436
0.355
0.548
0.011
0.877
0.513
0.662
0.097
0.83
0.79
0.79
0.448
0.689
0.569
0.075
0.036
0.727
0.456
0.087
0.462
0.854
0.76
0.768
0.613
0.023
0.232
0.411
0.522
0.6
0.789
0.071
0.4
0.022
0.347
0.583
0.836
0.417
0.995
0.555
0.824
0.783
0.709
0.732
0.715
0.128
0.745
0.132
0.44
0.173
0.071
0.078
0.039
0.717
0.812
0.372
0.293
0.914
0.191
0.422
0.212
0.77
0.662
0.508
0.316
0.65
0.768
0.124
0.227
0.672
0.87
0.541
0.924
0.698
0.419
0.093
0.289
0.522
0.622
0.521
0.293
0.281
0.461
0.114
0.403
0.098
0.748
0.621
0.15
0.491
0.373
0.247
0.819
0.008
0.671
0.109
0.475
0.641
0.071
0.764
0.947
0.188
0.336
0.45
0.056
0.164
0.792
0.374
0.805
0.03
0.317
0.592
0.378
0.62
0.058
0.883
0.875
0.355
0.53
0.355
0.214
0.994
0.028
0.056
0.055
0.603
0.245
0.214
0.541
0.927
0.429
0.092
0.746
0.886
0.019
0.259
0.382
0.826
0.511
0.714
0.292
0.159
0.367
0.762
0.97
0.736
0.267
0.398
0.697
0.448
0.929
0.553
0.781
0.167
0.197
0.845
0.601
0.219
0.029
0.347
0.886
0.722
0.001
0.528
0.821
0.051
0.789
0.373
0.026
0.706
0.983
0.887
0.153
0.881
0.236
0.065
0.15
0.241
0.325
0.882
0.297
0.284
0.432
0.581
0.733
0.213
0.435
0.249
0.151
0.83
0.196
0.341
0.03
0.681
0.695
0.129
0.015
0.268
0.294
0.259
0.114
0.356
0.342
0.91
0.823
0.643
0.529
0.11
0.4
0.127
0.464
0.498
0.786
0.756
0.578
0.465
0.785
0.412
0.084
0.083
0.306
0.133
0.12
0.338
0.027
0.232
0.471
0.062
0.939
0.16
0.079
0.157
0.534
0.527
0.09
0.573
0.497
0.845
0.373
0.863
0.036
0.24
0.954
0.687
0.358
0.38
0.674
0.576
0.98
0.346
0.618
0.998
0.41
0.237
0.937
0.354
0.718
0.764
0.875
0.832
0.438
0.03
0.392
0.114
0.229
0.488
0.99
0.995
0.391
0.263
0.078
0.107
0.506
0.577
0.518
0.2
0.466
0.429
0.824
0.803
0.667
0.621
0.548
0.243
0.715
0.416
0.064
0.559
0.093
0.967
0.828
0.772
0.746
0.028
0.845
0.138
0.298
0.77
0.17
0.416
0.838
0.023
0.673
0.191
0.961
0.949
0.461
0.257
0.625
0.566
0.338
0.574
0.417
0.792
0.169
0.408
0.502
0.388
0.272
0.292
0.677
0.655
0.469
0.678
0.731
0.797
0.752
0.043
0.436
0.155
0.573
0.879
0.663
0.298
0.392
0.375
0.476
0.143
0.991
0.759
0.19
0.971
0.238
0.629
0.918
0.192
0.97
0.499
0.991
0.955
0.696
0.748
0.851
0.885
0.635
0.218
0.165
0.27
0.062
0.59
0.039
0.538
0.348
0.27
0.877
0.932
0.623
0.198
0.477
0.046
0.437
0.26
0.351
0.005
0.967
0.403
0.177
0.253
0.014
0.389
0.245
0.343
0.466
0.759
0.49
0.606
0.666
0.595
0.152
0.221
0.52
0.376
0.53
0.342
0.487
0.819
0.925
0.619
0.631
0.695
0.315
0.102
0.965
0.084
0.508
0.519
0.497
0.671
0.942
0.634
0.394
0.579
0.347
0.893
0.042
0.614
0.616
0.423
0.186
0.13
0.095
0.129
0.062
0.588
0.498
0.019
0.802
0.472
0.843
0.553
0.062
0.22
0.076
0.724
0.078
0.101
0.225
0.975
0.384
0.798
0.433
0.947
0.796
0.288
0.145
0.745
0.572
0.104
0.645
0.192
0.054
0.564
0.79
0.518
0.211
0.232
0.148
0.772
0.547
0.985
0.198
0.099
0.604
0.351
0.487
0.344
0.428
0.382
0.018
0.418
0.949
0.518
0.836
0.665
0.583
0.524
0.905
0.356
0.724
0.718
0.221
0.232
0.906
0.625
0.127
0.587
0.964
0.803
0.191
0.049
0.491
0.099
0.876
0.358
0.013
0.285
0.841
0.772
0.931
0.768
0.604
0.48
0.907
0.334
0.519
0.013
0.268
0.588
0.308
0.205
0.853
0.301
0.698
0.847
0.39
0.243
0.683
0.146
0.565
0.446
0.488
0.476
0.39
0.736
0.113
0.764
0.69
0.783
0.205
0.149
0.566
0.33
0.489
0.201
0.121
0.137
0.933
0.393
0.84
0.077
0.817
0.561
0.361
0.875
0.175
0.054
0.731
0.096
0.494
0.364
0.322
0.653
0.758
0.157
0.592
0.687
0.499
0.621
0.595
0.069
0.054
0.662
0.956
0.729
0.056
0.551
0.904
0.431
0.251
0.425
0.91
0.072
0.399
0.887
0.073
0.118
0.463
0.434
0.821
0.177
0.769
0.339
0.161
0.765
0.087
0.282
0.459
0.618
0.457
0.273
0.083
0.303
0.925
0.84
0.415
0.67
0.88
0.093
0.46
0.285
0.949
0.272
0.802
0.746
0.449
0.716
0.492
0.062
0.798
0.316
0.959
0.689
0.615
0.77
0.054
0.073
0.178
0.741
0.939
0.703
0.453
0.172
0.321
0.005
0.498
0.951
0.798
0.199
0.845
0.11
0.568
0.859
0.068
0.104
0.054
0.165
0.745
0.608
0.451
0.123
0.473
0.894
0.311
0.61
0.266
0.498
0.167
0.856
0.989
0.477
0.388
0.713
0.859
0.462
0.712
0.386
0.365
0.428
0.736
0.967
0.496
0.357
0.106
0.833
0.024
0.514
0.714
0.713
0.721
0.942
0.584
0.916
0.198
0.733
0.855
0.19
0.81
0.314
0.442
0.239
0.851
0.486
0.194
0.352
0.09
0.106
0.026
0.692
0.636
0.861
0.793
0.173
0.885
0.234
0.963
0.539
0.093
0.755
0.525
0.422
0.072
0.005
0.234
0.434
0.924
0.227
0.104
0.135
0.106
0.474
0.777
0.249
0.227
0.689
0.876
0.516
0.361
0.558
0.052
0.31
0.347
0.86
0.068
0.282
0.785
0.875
0.093
0.759
0.945
0.796
0.605
0.301
0.913
0.348
0.36
0.651
0.103
0.236
0.494
0.671
0.683
0.796
0.672
0.04
0.628
0.442
0.042
0.79
0.156
0.809
0.897
0.346
0.152
0.249
0.225
0.464
0.749
0.855
0.643
0.872
0.579
0.68
0.189
0.468
0.982
0.735
0.641
0.277
0.358
0.678
0.526
0.234
0.043
0.507
0.45
0.686
0.874
0.76
0.584
0.203
0.401
0.88
0.15
0.949
0.988
0.167
0.45
0.356
0.24
0.988
0.712
0.983
0.783
0.27
0.862
0.073
0.838
0.74
0.736
0.95
0.69
0.409
0.844
0.803
0.867
0.006
0.528
0.231
0.569
0.616
0.484
0.461
0.078
0.981
0.237
0.296
0.597
0.294
0.072
0.606
0.037
0.16
0.055
0.234
0.961
0.793
0.965
0.899
0.289
0.787
0.377
0.995
0.08
0.605
0.896
0.323
0.495
0.233
0.374
0.307
0.282
0.763
0.795
0.207
0.556
0.358
0.564
0.446
0.359
0.118
0.071
0.738
0.374
0.719
0.481
