0.939
0.298
0.692
0.045
0.234
0.554
0.388
0.264
0.328
0.495
0.699
0.278
0.278
0.733
0.203
0.414
0.991
0.449
0
0.232
0.665
0.723
0.308
0.266
0.21
0.674
0.719
0.316
0.636
0.368
0.314
0.466
0.751
0.69
0.557
0.67
0.675
0.194
0.105
0.44
0.597
0.007
0.574
0.706
0.581
0.048
0.511
0.941
0.924
0.272
0.207
0.042
0.987
0.733
0.013
0.593
0.469
0.791
0.47
0.092
0.759
0.064
0.222
0.41
0.961
0.61
0.212
0.276
0.804
0.927
0.682
0.266
0.174
0.319
0.086
0.568
0.938
0.49
0.718
0.804
0.525
0.1
0.1
0.165
0.389
0.824
0.074
0.242
0.481
0.431
0.384
0.506
0.881
0.897
0.242
0.514
0.482
0.716
0.458
0.246
0.414
0.235
0.402
0.808
0.052
0.418
0.111
0.709
0.844
0.388
0.519
0.266
0.114
0.826
0.588
0.743
0.653
0.65
0.27
0.605
0.617
0.372
0.904
0.621
0.671
0.553
0.903
0.307
0.727
0.343
0.087
0.172
0.473
0.794
0.087
0.811
0.853
0.59
0.416
0.444
0.472
0.838
0.761
0.119
0.299
0.703
0.756
0.808
0.928
0.396
0.468
0.316
0.143
0.683
0.795
0.077
0.17
0.734
0.876
0.342
0.556
0.434
0.442
0.299
0.852
0.212
0.086
0.124
0.529
0.63
0.958
0.783
0.444
0.104
0.43
0.342
0.764
0.739
0.387
0.866
0.93
0.517
0.213
0.403
0.459
0.828
0.359
0.085
0.685
0.061
0.878
0.088
0.828
0.736
0.602
0.734
0.396
0.412
0.234
0.544
0.224
0.528
0.596
0.409
0.143
0.215
0.881
0.16
0.096
0.281
0.98
0.772
0.307
0.627
0.644
0.881
0.67
0.685
0.62
0.91
0.13
0.334
0.159
0.026
0.967
0.527
0.61
0.249
0.816
0.141
0.254
0.483
0.62
0.468
0.72
0.495
0.772
0.484
0.251
0.564
0.51
0.235
0.581
0.201
0.127
0.876
0.817
0.893
0.05
0.194
0.139
0.962
0.504
0.239
0.351
0.115
0.169
0.416
0.024
0.132
0.76
0.335
0.158
0.704
0.258
0.017
0.918
0.565
0.367
0.239
0.672
0.643
0.823
0.417
0.755
0.244
0.707
0.132
0.137
0.643
0.03
0.816
0.556
0.223
0.775
0.246
0.961
0.338
0.339
0.642
0.601
0.953
0.937
0.516
0.41
0.187
0.83
0.917
0.124
0.744
0.466
0.579
0.588
0.512
0.289
0.912
0.906
0.124
0.853
0.104
0.625
0.18
0.434
0.113
0.8
0.826
0.712
0.689
0.036
0.197
0.434
0.554
0.103
0.665
0.029
0.707
0.91
0.12
0.081
0.323
0.512
0.872
0.182
0.851
0.04
0.403
0.377
0.598
0.899
0.849
0.883
0.66
0.987
0.014
0.554
0.953
0.134
0.228
0.588
0.068
0.499
0.937
0.507
0.487
0.626
0.385
0.011
0.118
0.672
0.358
0.081
0.857
0.952
0.407
0.469
0.863
0.954
0.169
0.322
0.985
0.152
0.014
0.842
0.13
0.991
0.715
0.534
0.493
0.644
0.477
0.072
0.124
0.216
0.314
0.432
0.485
0.635
0.268
0.953
0.396
0.218
0.942
0.584
0.357
0.155
0.24
0.346
0.015
0.648
0.286
0.405
0.238
0.315
0.746
0.974
0.686
0.641
0.652
0.612
0.595
0.569
0.447
0.079
0.978
0.685
0.308
0.521
0.466
0.891
0.632
0.764
0.203
0.487
0.651
0.478
0.516
0.942
0.879
0.582
0.085
0.941
0.869
0.516
0.941
0.1
0.222
0.998
0.62
0.165
0.3
0.877
0.041
0.453
0.78
0.17
0.142
0.065
0.187
0.806
0.089
0.578
0.316
0.938
0.852
0.657
0.74
0.121
0.418
0.632
0.323
0.583
0.382
0.956
0.633
0.993
0.794
0.713
0.027
0.553
0.855
0.754
0.607
0.383
0.922
0.455
0.55
0.305
0.887
0.373
0.888
0.269
0.72
0.294
0.384
0.484
0.499
0.623
0.184
0.063
0.046
0.54
0.998
0.263
0.016
0.163
0.651
0.65
0.389
0.164
0.081
0.288
0.272
0.453
0.323
0.34
0.839
0.858
0.296
0.433
0.239
0.091
0.892
0.641
0.39
0.037
0.79
0.502
0.168
0.93
0.608
0.186
0.237
0.236
0.464
0.539
0.857
0.872
0.377
0.483
0.805
0.484
0.503
0.441
0.806
0.389
0.863
0.709
0.454
0.891
0.859
0.587
0.605
0.571
0.379
0.08
0.403
0.323
0.179
0.598
0.538
0.154
0.947
0.944
0.389
0.791
0.302
0.916
0.688
0.472
0.591
0.593
0.493
0.909
0.532
0.878
0.729
0.556
0.477
0.318
0.028
0.724
0.087
0.865
0.45
0.591
0.014
0.355
0.012
0.558
0.347
0.884
0.393
0.994
0.846
0.964
0.495
0.22
0.346
0.977
0.247
0.952
0.852
0.788
0.905
0.827
0.359
0.058
0.206
0.131
0.495
0.106
0.893
0.063
0.363
0.986
0.168
0.512
0.979
0.235
0.518
0.984
0.592
0.504
0.828
0.565
0.113
0.382
0.14
0.383
0.987
0.781
0.03
0.535
0.728
0.142
0.699
0.308
0.665
0.915
0.512
0.569
0.398
0.239
0.157
0.572
0.75
0.237
0.632
0.87
0.157
0.554
0.296
0.779
0.586
0.557
0.152
0.127
0.752
0.912
0.781
0.579
0.522
0.602
0.041
0.493
0.818
0.415
0.979
0.086
0.296
0.257
0.716
0.783
0.124
0.695
0.859
0.023
0.356
0.35
0.555
0.821
0.095
0.141
0.454
0.663
0.711
0.259
0.275
0.615
0.151
0.871
0.657
0.561
0.38
0.055
0.402
0.223
0.627
0.311
0.973
0.544
0.933
0.784
0.609
0.08
0.294
0.502
0.983
0.9
0.847
0.857
0.89
0.692
0.135
0.236
0.257
0.739
0.926
0.48
0.224
0.281
0.577
0.33
0.517
0.68
0.313
0.2
0.974
0.916
0.07
0.448
0.025
0.806
0.455
0.844
0.277
0.989
0.734
0.559
0.018
0.851
0.684
0.317
0.791
0.444
0.597
0.9
0.342
0.224
0.47
0.663
0.393
0.281
0.204
0.518
0.881
0.954
0.221
0.739
0.241
0.375
0.887
0.418
0.156
0.225
0.305
0.234
0.918
0.555
0.184
0.451
0.507
0.665
0.12
0.145
0.153
0.174
0.413
0.195
0.047
0.214
0.762
0.395
0.567
0.665
0.662
0.658
0.559
0.666
0.664
0.216
0.624
0.62
0.099
0.504
0.826
0.85
0.432
0.222
0.198
0.335
0.767
0.185
0.895
0.483
0.973
0.966
0.125
0.445
0.883
0.335
0.085
0.363
0.416
0.231
0.439
0
0.015
0.725
0.136
0.076
0.216
0.448
0.001
0.896
0.456
0.427
0.34
0.774
0.865
0.004
0.075
0.958
0.875
0.433
0.333
0.619
0.514
0.654
0.034
0.726
0.284
0.346
0.071
0.349
0.614
0.569
0.446
0.852
0.716
0.304
0.277
0.249
0.181
0.789
0.445
0.676
0.248
0.133
0.163
0.831
0.009
0.894
0.895
0.73
0.735
0.113
0.89
0.219
0.617
0.701
0.396
0.207
0.64
0.213
0.125
0.997
0.747
0.179
0.96
0.901
0.645
0.121
0.421
0.033
0.646
0.901
0.655
0.12
0.925
0.487
0.653
0.893
0.651
0.94
0.082
0.968
0.171
0.298
0.289
0.685
0.532
0.398
0.968
0.126
0.783
0.974
0.628
0.166
0.074
0.367
0.436
0.433
0.186
0.582
0.198
0.153
0.76
0.688
0.746
0.11
0.933
0.008
0.227
0.545
0.083
0.949
0.585
0.505
0.708
0.645
0.193
0.535
0.769
0.094
0.153
0.778
0.032
0.216
0.812
0.574
0.737
0.91
0.637
0.88
0.204
0.176
0.258
0.972
0.872
0.51
0.339
0.91
0.293
0.36
0.817
0.496
0.818
0.72
0.466
0.047
0.252
0.852
0.014
0.409
0.399
0.919
0.637
0.224
0.644
0.815
0.743
0.071
0
0.5
0.285
0.995
0.129
0.304
0.266
0.789
0.853
0.432
0.9
0.742
0.357
0.616
0
0.228
0.58
0.372
0.443
0.993
0.614
0.069
0.174
0.903
0.051
0.138
0.16
1.0
0.604
0.868
0.184
0.535
0.654
0.271
0.039
0.639
0.857
