0.286
0.349
0.532
0.104
0.841
0.688
0.843
0.249
0.509
0.057
0.013
0.563
0.845
0.856
0.196
0.055
0.114
0.866
0.622
0.923
0.276
0.868
0.567
0.107
0.361
0.299
0.908
0.622
0.019
0.539
0.779
0.183
0.336
0.826
0.286
0.612
0.788
0.816
0.416
0.402
0.735
0.826
0.486
0.889
0.209
0.267
0.352
0.149
0.951
0.883
0.15
0.299
0.638
0.268
0.421
0.396
0.352
0.835
0.359
0.231
0.844
0.421
0.186
0.97
0.965
0.593
0.816
0.855
0.279
0.261
0.273
0.734
0.227
0.455
0.624
0.551
0.645
0.211
0.151
0.233
0.83
0.205
0.191
0.351
0.28
0.057
0.097
0.909
0.154
0.428
0.675
0.596
0.123
0.832
0.922
0.138
0.458
0.568
0.841
0.489
0.795
0.095
0.967
0.164
0.699
0.309
0.023
0.594
0.521
0.904
0.627
0.58
0.75
0.115
0.037
0.944
0.423
0.174
0.633
0.13
0.504
0.926
0.368
0.559
0.581
0.681
0.318
0.121
0.998
0.524
0.353
0.53
0.908
0.053
0.12
0.99
0.74
0.09
0.076
0.646
0.409
0.665
0.666
0.25
0.179
0.418
0.533
0.912
0.928
0.075
0.825
0.586
0.964
0.858
0.341
0.209
0.774
0.576
0.508
0.042
0.956
0.657
0.314
0.899
0.455
0.479
0.369
0.007
0.641
0.057
0.903
0.091
0.068
0.606
0.218
0.995
0.742
0.965
0.267
0.342
0.658
0.346
0.334
0.174
0.651
0.481
0.535
0.05
0.823
0.127
0.228
0.156
0.848
0.969
0.137
0.17
0.615
0.232
0.892
0.556
0.133
0.42
0.128
0.244
0.933
0.167
0.369
0.05
0.051
0.093
0.599
0.359
0.239
0.995
0.069
0.687
0.456
0.352
0.812
0.07
0.738
0.608
0.601
0.765
0.522
0.618
0.497
0.033
0.135
0.277
0.446
0.851
0.235
0.03
0.479
0.256
0.579
0.234
0.749
0.311
0.488
0.052
0.084
0.6
0.215
0.131
0.549
0.226
0.325
0.176
0.697
0.985
0.406
0.051
0.738
0.496
0.94
0.116
0.384
0.638
0.565
0.928
0.721
0.35
0.596
0.399
0.808
0.356
0.239
0.053
0.481
0.849
0.766
0.044
0.546
0.925
0.987
0.612
0.101
0.944
0.724
0.353
0.229
0.575
0.071
0.946
0.327
0.182
0.806
0.162
0.463
0.391
0.128
0.919
0.651
0.848
0.761
0.486
0.081
0.691
0.214
0.451
0.123
0.802
0.8
0.425
0.351
0.362
0.65
0.306
0.582
0.589
0.61
0.211
0.635
0.454
0.345
0.889
0.067
0.475
0.009
0.83
0.987
0.514
0.249
0.218
0.42
0.08
0.021
0.839
0.731
0.712
0.303
0.758
0.62
0.24
0.855
0.228
0.553
0.775
0.805
0.195
0.326
0.759
0.75
0.724
0.06
0.072
0.108
0.32
0.106
0.667
0.569
0.293
0.071
0.728
0.9
0.313
0.853
0.175
0.241
0.266
0.964
0.621
0.192
0.966
0.463
0.369
0.507
0.034
0.249
0.937
0.342
0.768
0.014
0.426
0.571
0.843
0.88
0.251
0.25
0.961
0.193
0.19
0.722
0.693
0.317
0
0.316
0.796
0.869
0.37
0.037
0.509
0.952
0.618
0.681
0.655
0.708
0.642
0.924
0.838
0.14
0.868
0.322
0.046
0.927
0.369
0.58
0.998
0.541
0.977
0.724
0.865
0.911
0.136
0.802
0.356
0.084
0.525
0.483
0.486
0.26
0.646
0.266
0.917
0.871
0.644
0.721
0.924
0.392
0.449
0.653
0.496
0.55
0.353
0.785
0.037
0.554
0.126
0.967
0.462
0.741
0.357
0.837
0.118
0.271
0.68
0.969
0.711
0.123
0.12
0.771
0.078
0.775
0.517
0.221
0.239
0.22
0.336
0.389
0.911
0.754
0.228
0.751
0.97
0.898
0.164
0.154
0.851
0.725
0.249
0.213
0.359
0.231
0.002
0.139
0.844
0.436
0.003
0.691
0.494
0.513
0.463
0.44
0.042
0.125
0.46
0.574
0.003
0.845
0.553
0.367
0.198
0.147
0.049
0.537
0.341
0.707
0.129
0.713
0.852
0.268
0.571
0.666
0.989
0.959
0.099
0
0.054
0.35
0.818
0.511
0.724
0.595
0.054
0.384
0.474
0.94
0.08
0.347
0.499
0.808
0.294
0.129
0.611
0.244
0.865
0.49
0.989
0.42
0.257
0.124
0.765
0.592
0.083
0.428
0.121
0.201
0.317
0.421
0.642
0.501
0.75
0.851
0.461
0.006
0.591
0.73
0.235
0.499
0.053
0.084
0.242
0.234
0.155
0.333
0.962
0.948
0.584
0.379
0.376
0.411
0.312
0.529
0.586
0.758
0.247
0.402
0.197
0.725
0.885
0.38
0.616
0.441
0.612
0.841
0.973
0.83
0.95
0.502
0.31
0.228
0.877
0.094
0.433
0.055
0.566
0.896
0.38
0.647
0.798
0.985
0.518
0.566
0.902
0.381
0.931
0.362
0.327
0.595
0.489
0.984
0.958
0.445
0.699
0.671
0.738
0.445
0.429
0.521
0.313
0.643
0.395
0.111
0.044
0.374
0.318
0.666
0.928
0.847
0.714
0.688
0.005
0.635
0.586
0.073
0.266
0.174
0.031
0.593
0.338
0.451
0.573
0.186
0.618
0.678
0.423
0.102
0.419
0.03
0.733
0.621
0.955
0.64
0.3
0.059
0.493
0.802
0.869
0.645
0.248
0.401
0.961
0.382
0.812
0.224
0.627
0.482
0.17
0.952
0.61
0.677
0.282
0.437
0.483
0.911
0.56
0.497
0.062
0.745
0.95
0.258
0.339
0.717
0.95
0.506
0.203
0.556
0.276
0.264
0.079
0.808
0.871
0.903
0.601
0.653
0.219
0.468
0.142
0.575
0.6
0.427
0.777
0.99
0.067
0.069
0.528
0.041
0.581
0.196
0.22
0.018
0.285
0.714
0.795
0.841
0.239
0.136
0.536
0.227
0.875
0.287
0.169
0.873
0.958
0.797
0.373
0.144
0.361
0.464
0.45
0.472
0.434
0.058
0.221
0.299
0.374
0.652
0.02
0.098
0.974
0.145
0.772
0.151
0.829
0.679
0.613
0.432
0.559
0.07
0.581
0.498
0.221
0.446
0.971
0.019
0.159
0.067
0.705
0.684
0.841
0.792
0.596
0.798
0.25
0.059
0.779
0.924
0.359
0.035
0.788
0.299
0.692
0.459
0.713
0.521
0.973
0.234
0.353
0.15
0.312
0.579
0.267
0.501
0.871
0.527
0.176
0.168
0.037
0.425
0.385
0.942
0.9
0.507
0.356
0.194
0.424
0.622
0.776
0.684
0.865
0.656
0.213
0.559
0.711
0.739
0.958
0.336
0.969
0.71
0.825
0.574
0.656
0.463
0.029
0.648
0.722
0.323
0.37
0.488
0.507
0.447
0.765
0.676
0.819
0.789
0.288
0.1
0.067
0.979
0.481
0.093
0.731
0.042
0.128
0.264
0.945
0.363
0.075
0.341
0.476
0.893
0.996
0.644
0.608
0.883
0.765
0.815
0.661
0.964
0.607
0.769
0.624
0.621
0.215
0.883
0.027
0.433
0.625
0.813
0
0.902
0.705
0.446
0.393
0.633
0.017
0.909
0.867
0.121
0.862
0.202
0.533
0.324
0.038
0.025
0.453
0.283
0.934
0.571
0.083
0.095
0.139
0.862
0.083
0.897
0.026
0.025
0.511
0.89
0.836
0.507
0.874
0.622
0.566
0.881
0.341
0.621
0.256
0.275
0.73
0.632
0.308
0.565
0.068
0.018
0.13
0.881
0.058
0.797
0.776
0.884
0.448
0.333
0.924
0.354
0.047
0.066
0.449
0.26
0
0.093
0.592
0.688
0.595
0.639
0.934
0.418
0.684
0.013
0.375
0.966
0.426
0.74
0.589
0.085
0.178
0.667
0.157
0.734
0.675
0.94
0.924
0.421
0.203
0.731
0.794
0.997
0.561
0.714
0.354
0.227
0.687
0.583
0.829
0.544
0.422
0.577
0.064
0.637
0.31
0.628
0.707
0.059
0.823
0.293
0.601
0.288
0.894
0.248
0.48
0.152
0.151
0.096
0.423
0.915
0.475
0.747
0.282
0.054
0.805
0.649
0.049
0.168
0.521
0.513
0.567
0.861
0.136
0.942
0.682
0.49
0.937
0.073
0.603
0.056
0.181
0.067
0.039
0.881
0.044
0.618
0.32
0.527
0.406
0.422
0.896
0.709
0.519
