0.455
0.005
0.232
0.847
0.822
0.697
0.467
0.995
0.453
0.201
0.872
0.93
0.438
0.087
0.07
0.785
0.664
0.148
0.686
0.381
0.049
0.273
0.884
0.037
0.415
0.021
0.901
0.566
0.451
0.29
0.862
0.236
0.388
0.637
0.594
0.572
0.783
0.128
0.849
0.943
0.371
0.55
0.843
0.59
0.435
0.394
0.878
0.691
0.006
0.462
0.931
0.51
0.761
0.916
0.413
0.655
0.572
0.138
0.017
0.4
0.603
0.672
0.896
0.586
0.437
0.948
0.825
0.633
0.176
0.75
0.81
0.523
0.13
0.057
0.633
0.111
0.707
0.146
0.484
0.011
0.742
0.576
1.0
0.451
0.38
0.992
0.471
0.873
0.108
0.125
0.046
0.738
0.763
0.167
0.577
0.184
0.586
0.955
0.022
0.825
0.741
0.913
0.743
0.602
0.967
0.4
0.87
0.291
0.968
0.375
0.973
0.891
0.057
0.31
0.466
0.998
0.785
0.67
0.157
0.928
0.931
0.129
0.366
0.308
0.046
0.258
0.35
0.587
0.393
0.909
0.456
0.302
0.885
0.225
1.0
0.528
0.985
0.684
0.468
0.274
0.134
0.864
0.74
0.387
0.598
0.3
0.013
0.165
0.436
0.378
0.237
0.32
0.698
0.2
0.756
0.653
0.338
0.147
0.72
0.268
0.834
0.063
0.173
0.649
0.204
0.48
0.085
0.313
0.755
0.001
0.78
0.671
0.773
0.929
0.309
0.249
0.525
0.95
0.764
0.505
0.662
0.286
0.757
0.431
0.499
0.625
0.95
0.353
0.937
0.422
0.237
0.765
0.126
0.024
0.896
0.25
0.281
0.723
0.753
0.383
0.228
0.855
0.236
0.34
0.182
0.958
0.026
0.02
0.882
0.117
0.623
0.346
0.405
0.617
0.657
0.689
0.05
0.217
0.4
0.389
0.546
0.895
0.249
0.66
0.142
0.879
0.982
0.022
0.542
0.005
0.333
0.455
0.005
0.505
0.119
0.831
0.011
0.389
0.904
0.125
0.593
0.512
0.904
0.19
0.566
0.548
0.052
0.734
0.133
0.925
0.171
0.841
0.708
0.004
0.292
0.743
0.059
0.931
0.791
0.29
0.801
0.451
0.14
0.253
0.244
0.067
0.416
0.97
0.321
0.921
0.435
0.745
0.239
0.404
0.634
0.142
0.077
0.158
0.633
0.961
0.777
0.205
0.357
0.547
0.322
0.986
0.728
0.312
0.356
0.932
0.364
0.473
0.227
0.558
0.796
0.172
0.138
0.43
0.247
0.864
0.942
0.788
0.686
0.189
0.461
0.719
0.697
0.261
0.212
0.734
0.335
0.601
0.805
0.772
0.678
0.884
0.298
0.146
0.765
0.846
0.103
0.723
0.99
0.611
0.175
0.345
0.328
0.952
0.666
0.965
0.796
0.238
0.838
0.339
0.525
0.732
0.338
0.229
0.996
0.608
0.029
0.921
0.336
0.525
0.061
0.728
0.7
0.282
0.704
0.134
0.684
0.183
0.405
0.318
0.885
0.38
0.123
0.025
0.557
0.505
0.522
0.391
0.639
0.146
0.716
0.405
0.486
0.354
0.578
0.173
0.024
0.443
0.691
0.772
0.947
0.567
0.114
0.083
0.153
0.251
0.603
0.438
0.032
0.818
0.402
0.274
0.968
0.047
0.961
0.702
0.693
0.434
0.207
0.951
0.364
0.866
0.001
0.747
0.678
0.141
0.885
0.621
0.565
0.624
0.578
0.919
0.076
0.721
0.155
0.768
0.787
0.123
0.103
0.643
0.585
0.32
0.608
0.926
0.345
0.611
0.515
0.593
0.952
0.874
0.368
0.121
0.809
0.919
0.432
0.55
0.556
0.856
0.202
0.512
0.743
0.174
0.905
0.085
0.698
0.255
0.313
0.232
0.314
0.393
0.628
0.35
0.697
0.987
0.204
0.021
0.996
0.136
0.582
0.489
0.004
0.458
0.933
0.366
0.139
0.069
0.689
0.515
0.375
0.246
0.667
0.309
0.838
0.017
0.365
0.985
0.178
0.543
0.046
0.414
0.043
0.141
0.055
0.109
0.354
0.237
0.855
0.742
0.877
0.042
0.497
0.409
0.997
0.912
0.523
0.788
0.904
0.044
0.364
0.409
0.404
0.912
0.396
0.597
0.423
0.591
0.229
0.448
0.684
0.514
0.082
0.485
0.402
0.619
0.776
0.557
0.304
0.336
0.77
0.602
0.4
0.259
0.292
0.075
0.598
0.254
0.157
0.847
0.542
0.493
0.581
0.203
0.961
0.555
0.374
0.329
0.316
0.778
0.319
0.58
0.488
0.451
0.015
0.848
0.242
0.368
0.519
0.49
0.557
0.644
0.667
0.429
0.253
0.414
0.287
0.836
0.094
0.952
0.593
0.43
0.115
0.108
0.639
0.52
0.11
0.267
0.263
0.568
0.027
0.238
0.395
0.487
0.915
0.138
0.874
0.112
0.606
0.683
0.893
0.938
0.134
0.607
0.115
0.393
0.208
0.596
0.104
0.269
0.807
0.109
0.817
0.813
0.764
0.516
0.587
0.354
0.046
0.954
0.712
0.144
0.246
0.249
0.629
0.133
0.796
0.805
0.657
0.582
0.04
0.354
0.433
0.739
0.963
0.078
0.683
0.549
0.989
0.8
0.135
0.551
0.62
0.823
0.384
0.913
0.895
0.713
0.431
0.566
0.26
0.786
0.167
0.71
0.943
0.977
0.656
0.222
0.408
0.403
0.236
0.84
0.394
0.802
0.836
0.612
0.217
0.995
0.337
0.022
0.012
0.511
0.822
0.668
0.271
0.465
0.734
0.686
0.665
0.56
0.267
0.691
0.772
0.518
0.053
0.25
0.119
0.364
0.723
0.197
0.981
0.395
0.374
0.511
0.707
0.735
0.89
0.18
0.654
0.401
0.843
0.271
0.834
0.687
0.108
0.535
0.95
0.805
0.44
0.192
0.763
0.688
0.129
0.428
0.195
0.71
0.046
0.576
1.0
0.703
0.144
0.149
0.086
0.21
0.015
0.498
0.001
0.451
0.127
0.839
0.457
0.789
0.347
0.38
0.171
0.837
0.729
0.352
0.814
0.959
0.817
0.534
0.523
0.872
0.537
0.011
0.164
0.655
0.642
0.032
0.438
0.062
0.029
0.273
0.569
0.681
0.055
0.786
0.301
0.971
0.211
0.543
0.264
0.335
0.965
0.684
0.895
0.153
0.769
0.765
0.806
0.926
0.516
0.509
0.889
0.388
0.141
0.821
0.145
0.729
0.115
0.133
0.135
0.073
0.55
0.948
0.084
0.157
0.379
0.873
0.83
0.594
0.473
0.085
0.615
0.465
0.766
0.39
0.024
0.202
0.896
0.977
0.947
0.911
0.963
0.338
0.951
0.597
0.003
0.537
0.073
0.332
0.28
0.777
0.475
0.091
0.312
0.003
0.912
0.739
0.749
0.682
0.658
0.854
0.596
0.704
0.892
0.173
0.873
0.041
0.328
0.548
0.672
0.026
0.473
0.959
0.371
0.213
0.84
0.299
0.083
0.923
0.903
0.261
0.348
0.084
0.182
0.017
0.061
0.55
0.511
0.679
0.162
0.991
0.739
0.582
0.64
0.364
0.631
0.104
0.408
0.883
0.15
0.027
0.224
0.383
0.337
0.619
0.771
0.933
0.516
0.308
0.873
0.592
0.24
0.689
0.254
0.393
0.314
0.881
0.912
0.465
0.605
0.448
0.249
0.06
0.552
0.033
0.706
0.35
0.174
0.165
0.136
0.973
0.635
0.928
0.694
0.699
0.509
0.192
0.175
0.413
0.125
0.539
0.202
0.824
0.12
0.346
0.832
0.109
0.257
0.485
0.672
0.572
0.194
0.017
0.264
0.101
0.025
0.446
0.77
0.206
0.824
0.537
0.63
0.204
0.832
0.001
0.559
0.375
0.76
0.266
0.197
0.505
0.295
0.308
0.545
0.589
0.964
0.595
0.29
0.179
0.394
0.103
0.895
0.706
0.145
0.112
0.62
0.715
0.873
0.968
0.501
0.217
0.701
0.793
0.646
0.842
0.88
0.551
0.842
0.838
0.552
0.219
0.958
0.156
0.039
0.159
0.369
0.504
0.368
0.243
0.741
0.86
0.491
0.593
0.038
0.791
0.288
0.936
0.401
0.97
0.355
0.992
0.494
0.969
0.294
0.424
0.654
0.889
0.363
0.379
0.998
0.324
0.548
0.643
0.942
0.848
0.649
0.141
0.839
0.355
0.224
0.925
0.585
0.786
0.936
0.839
0.139
0.633
0.083
0.42
0.837
0.372
0.829
0.693
0.425
0.796
0.923
0.379
0.492
0.054
0.572
0.966
0.452
0.726
0.334
0.014
