0.089
0.526
0.276
0.778
0.923
0.515
0.428
0.859
0.536
0.718
0.566
0.254
0.62
0.167
0.806
0.964
0.483
0.707
0.66
0.14
0.903
0.805
0.588
0.382
0.826
0.193
0.938
0.99
0.569
0
0.761
0.318
0.353
0.103
0.084
0.76
0.896
0.319
0.262
0.994
0.551
0.728
0.937
0.748
0.473
0.242
0.494
0.253
0.215
0.544
0.835
0.65
0.052
0.634
0.449
0.372
0.994
0.899
0.654
0.205
0.585
0.918
0.431
0.273
0.711
0.115
0.233
0.471
0.37
0.844
0.163
0.597
0.413
0.467
0.384
0.785
0.62
0.913
0.052
0.948
0.898
0.509
0.163
0.021
0.694
0.004
0.257
0.128
0.018
0.501
0.408
0.898
0.943
0.673
0.275
0.528
0.114
0.517
0.383
0.786
0.854
0.779
0.978
0.301
0.238
0.081
0.146
0.705
0.117
0.686
0.098
0
0.756
0.26
0.965
0.61
0.278
0.548
0.187
0.285
0.755
0.096
0.876
0.827
0.641
0.317
0.806
0.305
0.331
0.34
0.205
0.039
0.719
0.728
0.806
0.197
0.776
0.548
0.568
0.549
0.028
0.778
0.081
0.544
0.566
0.008
0.562
0.997
0.218
0.007
0.202
0.623
0.908
0.974
0.764
0.744
0.632
0.309
0.914
0.98
0.079
0.884
0.736
0.269
0.363
0.208
0.092
0.818
0.831
0.756
0.732
0.446
0.38
0.357
0.877
0.756
0.777
0.56
0.276
0.503
0.638
0.904
0.347
0.23
0.256
0.356
0.794
0.529
0.049
0.306
0.085
0.153
0.488
0.121
0.183
0.576
0.445
0.134
0.681
0.005
0.483
0.209
0.867
0.785
0.56
0.722
0.814
0.814
0.629
0.548
0.449
0.492
0.779
0.287
0.665
0.212
0.685
0.893
0.013
0.577
0.864
0.765
0.397
0.776
0.098
0.402
0.708
0.093
0.388
0.671
0.393
0.775
0.334
0.589
0.193
0.998
0.994
0.403
0.726
0.727
0.72
0.279
0.936
0.989
0.341
0.828
0.253
0.886
0.753
0.112
0.209
0.501
0.724
0.137
0.534
0.993
0.204
0.585
0.028
0.633
0.686
0.054
0.146
0.239
0.947
0.913
0.756
0.119
0.164
0.128
0.773
0.995
0.543
0.248
0.741
0.288
0.261
0.225
0.887
0.582
0.484
0.137
0.684
0.293
0.184
0.473
0
0.591
0.002
0.519
0.576
0.859
0.526
0.521
0.507
0.558
0.022
0.116
0.871
0.053
0.435
0.054
0.037
0.347
0.653
0.015
0.981
0.98
0.631
0.207
0.185
0.134
0.348
0.557
0.847
0.789
0.716
0.319
0.546
0.356
0.888
0.098
0.395
0.748
0.699
0.6
0.96
0.717
0.983
0.225
0.821
0.017
0.283
0.091
0.393
0.669
0.454
0.726
0.164
0.011
0.266
0.452
0.997
0.748
0.898
0.46
0.123
0.312
0.045
0.019
0.298
0.924
0.049
0.384
0.497
0.825
0.65
0.195
0.976
0.739
0.646
0.775
0.783
0.988
0.712
0.109
0.783
0.374
0.511
0.906
0.429
0.965
0.844
0.298
0.789
0.47
0.305
0.445
0.858
0.875
0.497
0.881
0.41
0.775
0.287
0.805
0.695
0.842
0.093
0.337
0.22
0.691
0.675
0.292
0.302
0.992
0.537
0.861
0.699
0.184
0.868
0.056
0.866
0.915
0.488
0.39
0.673
0.033
0.387
0.372
0.407
0.523
0.479
0.711
0.891
0.315
0.163
0.159
0.778
0.531
0.688
0.142
0.39
0.777
0.021
0.978
0.033
0.691
0.715
0.04
0.936
0.806
0.434
0
0.323
0.087
0.68
0.088
0.628
0.516
0.264
0.854
0.189
0.51
0.354
0.59
0.123
0.45
0.942
0.525
0.879
0.516
0.834
0.763
0.618
0.597
0.728
0.504
0.827
0.333
0.12
0.67
0.351
0.149
0.943
0.5
0.815
0.197
0.012
0.119
0.986
0.839
0.276
0.895
0.918
0.948
0.616
0.281
0.453
0.553
0.993
0.781
0.75
0.657
0.291
0.864
0.166
0.15
0.181
0.253
0.026
0.154
0.156
0.119
0.59
0.412
0.471
0.277
0.461
0.308
0.42
0.227
0.877
0.382
0.203
0.537
0.617
0.075
0.689
0.037
0.281
0.338
0.739
0.605
0.013
0.559
0.408
0.843
0.985
0.958
0.75
0.575
0.457
0.28
0.02
0.251
0.417
0.647
0.904
0.864
0.479
0.921
0.993
0.012
0.604
0.271
0.977
0.503
0.099
0.71
0.84
0.498
0.862
0.785
0.831
0.084
0.674
0.413
0.395
0.732
0.677
0.714
0.501
0.993
0.529
0.604
0.919
0.317
0.447
0.926
0.263
0.656
0.326
0.065
0.791
0.749
0.745
0.721
0.334
0.762
0.233
0.868
0.058
0.947
0.873
0.102
0
0.074
0.436
0.641
0.999
0.18
0.222
0.014
0.805
0.968
0.482
0.342
0.861
0.933
0.369
0.997
0.624
0.081
0.947
0.715
0.868
0.458
0.263
0.827
0.019
0.868
0.337
0.16
0.487
0.991
0.68
0.117
0.78
0.742
0.874
0.733
0.066
0.938
0.816
0.695
0.399
0.657
0.56
0.849
0.325
0.433
0.962
0.002
0
0.453
0.227
0.727
0.827
0.284
0.507
0.169
0.358
0.719
0.907
0.397
0.748
0.529
0.702
0.989
0.294
0.961
0.559
0.415
0.086
0.133
0.015
0.007
0.604
0.23
0.507
0.609
0.69
0.102
0.471
0.611
0.098
0.511
0.621
0.945
0.043
0.525
0.346
0.685
0.9
0.398
0.781
0.54
0.13
0.346
0.83
0.152
0.678
0.554
0.345
0.782
0.949
0.951
0.549
0.07
0.982
0.805
0.704
0.729
0.515
0.771
0.335
0.547
0.562
0.93
0.988
0.296
0.491
0.942
0.627
0.068
0.377
0.014
0.09
0.488
0.776
0.371
0.184
0.854
0.062
0.207
0.582
0.318
0.77
0.512
0.906
0.895
0.925
0.887
0.235
0.603
0.325
0.082
0.774
0.969
0.242
0.437
0.591
0.79
0.186
0.505
0.545
0.414
0.185
0.425
0.75
0.973
0.076
0.034
0.783
0.659
0.989
0.745
0.123
0.771
0.837
0.596
0.403
0.985
0.29
0.579
0.0
0.404
0.524
0.664
0.078
0.016
0.034
0.463
0.701
0.15
0.752
0.452
0.325
0.772
0.747
0.339
0.883
0.98
0.955
0.679
0.161
0.841
0.853
0.868
0.67
0.591
0.944
0.556
0.638
0.213
0.593
0.003
0.113
0.721
0.835
0.846
0.514
0.703
0.523
0.144
0.832
0.237
0.672
0.638
0.399
0.158
0.943
0.153
0.826
0.983
0.82
0.375
0.459
0.654
0.808
0.719
0.451
0
0.653
0.565
0.416
0.293
0.492
0.067
0.596
0.466
0.024
0.006
0.369
0.144
0.699
0.574
0.109
0.788
0.446
0.725
0.167
0.359
0.414
0.982
0.271
0.232
0.246
0.933
0.341
0.824
0.074
0.461
0.277
0.758
0.176
0.68
0.142
0.584
0.58
0.888
0.622
0.148
0.297
0.862
0.243
0.87
0.063
0.443
0.553
0.306
0.095
0.222
0.695
0.617
0.053
0.388
0.155
0.754
0.531
0.683
0.8
0.662
0.126
0.731
0.943
0.706
0.098
0.559
0.345
0.917
0.16
0.572
0.711
0.427
0.792
0.147
0.918
0.035
0.666
0.717
0.141
0.072
0.249
0.896
0.721
0.777
0.639
0.199
0.843
0.332
0.83
0.841
0.41
0.177
0.356
0
0.593
0.151
0.946
0.544
0.736
0.476
0.094
0.194
0.077
0.212
0.346
0.291
0.462
0.397
0.031
0.506
0.947
0.311
0.309
0.244
0.448
0.348
0.153
0.761
0.875
0.67
0.365
0.305
0.775
0.746
0.856
0.549
0.45
0.813
0.283
0.448
0.369
0.236
0.369
0.277
0.466
0.704
0.334
0.605
0.222
0.992
0.726
0.521
0.3
0.282
0.31
0.636
0.544
0.403
0.626
0.986
0.708
0.352
0.494
0.344
0.856
0.193
0.41
0.779
0.94
0.364
0.736
0.797
0.869
0.039
0.581
0.202
0.69
0.334
0.474
0.861
0.322
0.992
0.141
0.315
0.171
0.949
0.817
0.104
0.381
0.339
0.166
0.726
0.806
0.764
0.421
0.192
0.241
0.219
0.94
0.231
0.886
0.595
0.236
0.273
0.547
0.622
