0.065
0.651
0.215
0.526
0.44
0.975
0.368
0.523
0.268
0.573
0.616
0.001
0.564
0.307
0.833
0.536
0.71
0.094
0.57
0.723
0.445
0.585
0.511
0.651
0.626
0.205
0.975
0.314
0.936
0.416
0.914
0.18
0.446
0.453
0.033
0.805
0.303
0.768
0.969
0.501
0.375
0.498
0.611
0.213
0.905
0.302
0.07
0.538
0.34
0.871
0.007
0.135
0.965
0.479
0.814
0.125
0.883
0.604
0.146
0.838
0.811
0.456
0.216
0.396
0.485
0.054
0.876
0.699
0.729
0.823
0.885
0.08
0.618
0.972
0.32
0.032
0.848
0.99
0.544
0.443
0.912
0.631
0.307
0.071
0.193
0.166
0.457
0.752
0.158
0.094
0.183
0.257
0.292
0.461
0.095
0.376
0.469
0.415
0.115
0.686
0.85
0.218
0.656
0.957
0.588
0.826
0.081
0.216
0.548
0.117
0.534
0.412
0.01
0.177
0.371
0.562
0.119
0.026
0.765
0.195
0.479
0.896
0.416
0.708
0.378
0.459
0.682
0.686
0.347
0.055
0.521
0.814
0.03
0.829
0.489
0.775
0.993
0.041
0.574
0.408
0.299
0.426
0.757
0.768
0.076
0.882
0.648
0.732
0.056
0.975
0.973
0.463
0.601
0.531
0.612
0.259
0.298
0.468
0.051
0.226
0.75
0.579
0.121
0.119
0.036
0.539
0.684
0.637
0.632
0.442
0.65
0.2
0
0.647
0.301
0.554
0.341
0.753
0.515
0.546
0.897
0.106
0.226
0.478
0.302
0.595
0.572
0.971
0.51
0.313
0.924
0.479
0.957
0.89
0.623
0.59
0.008
0.359
0.611
0.586
0.4
0.647
0.231
0.224
0.817
0.115
0.988
0.943
0.858
0.435
0.751
0.532
0.911
0.822
0.05
0.126
0.01
0.31
0.39
0.526
0.94
0.784
0.762
0.781
0.772
0.295
0.819
0.149
0.673
0.999
0.684
0.498
0.96
0.185
0.21
0.022
0.233
0.36
0.253
0.621
0.418
0.739
0.811
0.843
0.704
0.199
0.593
0.025
0.249
0.347
0.538
0.695
0
0.402
0.239
0.521
0.6
0.32
0.841
0.22
0.512
0.271
0.631
0.953
0.294
0.522
0.624
0.836
0.773
0.762
0.452
0.175
0.995
0.654
0.849
0.391
0.659
0.772
0.672
0.125
0.916
0.959
0.143
0.874
0.566
0.245
0.272
0.351
0.241
0.933
0.701
0.918
0.449
0.531
0.056
0.621
0.398
0.415
0.287
0.25
0.072
0.992
0.84
0.099
0.029
0.044
0.376
0.134
0.504
0.302
0.451
0.372
0.216
0.552
0.023
0.782
0.979
0.452
0.534
0.977
0.556
0.823
0.479
0.429
0.982
0.1
0
0.234
0.884
0.28
0.976
0.441
0.649
0.387
0.839
0.778
0.923
0.433
0.248
0.415
0.067
0.457
0.126
0.649
0.887
0.731
0.033
0.032
0.853
0.839
0.829
0.39
0.518
0.354
0.263
0.604
0.988
0.351
0.316
0.61
0.604
0.562
0.115
0.415
0.587
0.817
0.093
0.866
0.982
0.748
0.421
0.169
0.054
0.94
0.806
0.715
0.788
0.168
0.172
0.447
0.867
0.703
0.787
0.803
0.146
0.931
0.375
0.31
0.936
0.91
0.157
0.153
0.157
0.211
0.525
0.161
0.566
0.418
0.064
0.74
1.0
0.545
0.286
0.371
0.493
0.626
0.436
0.274
0.1
0.144
0.993
0.441
0.892
0.112
0.855
0.346
0.45
0.114
0.97
0.421
0.796
0.563
0.617
0.169
0.054
0.596
0.877
0.467
0.811
0.354
0.837
0.923
0.782
0.755
0.956
0.842
0.599
0.416
0.71
0.743
0.844
0.749
0.395
0.473
0.965
0.985
0.227
0.841
0.153
0.842
0.865
0.461
0.627
0.018
0.809
0.087
0.05
0.99
0.756
0.945
0.485
0.32
0.451
0.587
0.332
0.665
0.853
0.655
0.692
0.026
0.011
0.424
0.561
0.972
0.231
0.844
0.142
0.248
0.841
0.803
0.695
0.281
0.799
0.877
0.527
0.587
0.491
0.023
0.562
0.574
0.573
0.784
0.346
0.074
0.758
0.672
0.863
0.633
0.225
0.352
0.689
0.934
0.465
0.29
0.313
0.502
0.691
0.708
0.841
0.351
0.591
0.514
0.448
0.528
0.495
0.919
0.816
0.732
0.986
0.286
0.157
0.342
0.562
0.723
0.515
0.689
0.627
0.846
0.505
0.073
0.376
0.501
0.239
0.715
0.142
0.36
0.041
0.665
0.898
0.472
0.263
0.631
0.79
0.675
0.327
0.493
0.099
0.928
0.431
0.571
0.425
0.589
0.543
0.052
0.175
0.245
0.417
0.426
0.731
0.714
0.736
0.287
0.702
0.187
0.467
0.238
0.673
0.998
0.677
0.336
0.234
0.18
0.557
0.439
0.962
0.439
0.481
0.173
0.219
0.641
0.941
0.25
1.0
0.401
0.836
0.026
0
0.518
0.291
0.148
0.916
0.792
0.907
0.128
0.123
0.33
0.781
0.287
0.63
0.287
0.302
0.283
0.973
0.086
0.427
0.779
0.339
0.371
0.535
0.786
0.779
0.737
0.43
0.453
0.417
0.659
0.953
0.122
0.743
0.182
0.967
0.049
0.652
0.394
0.51
0.222
0.18
0.739
0.17
0.701
0.169
0.523
0.243
0.812
0.215
0.122
0.527
0.57
0.111
0.668
0.707
0.288
0.659
0.938
0.172
0.979
0.389
0.624
0.9
0.932
0.982
0.587
0.117
0.313
0.115
0.905
0.158
0.608
0.839
0.088
0.169
0.652
0.359
0.679
0.376
0.186
0.947
0.862
0.857
0.601
0.092
0.036
0.887
0.949
0.145
0.741
0.379
0.578
0.915
0.894
0.302
0.394
0.767
0.827
0.67
0.924
0.765
0.421
0.123
0.747
0.91
0.645
0.964
0.566
0.663
0.702
0.13
0.983
0.405
0.651
0.805
0.454
0.649
0.361
0.585
0.338
0.216
0.328
0.121
0.898
0.65
0.253
0.453
0.319
0.908
0.026
0.392
0.868
0.354
0.29
0.985
0.47
0.627
0.912
0.436
0.869
0.879
0.152
0.641
0.451
0.048
0.398
0.315
0.869
0.565
0.364
0.281
0.886
0.094
0.098
0.303
0.257
0.367
0.577
0.599
0.386
0.276
0.97
0.342
0.478
0.096
0.969
0.514
0.28
0.396
0.338
0.472
0.315
0.174
0.056
0.359
0.601
0.668
0.722
0.672
0.279
0.613
0.839
0.986
0.678
0.433
0.901
0.158
0.265
0.125
0.469
0.339
0.324
0.752
0.922
0.723
0.011
0.073
0.475
0.173
0.191
0.815
0.458
0.163
0.766
0.385
0.208
0.822
0.664
0.583
0.575
0.531
0.408
0.76
0.718
0.563
0.906
0.209
0.293
0.376
0.448
0.198
0.582
0.274
0.638
0.349
0
0.77
0.76
0.348
0.93
0.326
0.366
0.921
0.32
0.68
0.386
0.212
0.199
0.26
0.949
0.916
0.887
0.071
0.003
0.546
0.627
0.164
0.443
0.328
0.163
0.352
0.471
0
0.675
0.512
0.91
0.188
0.08
0.971
0.398
0.008
0.121
0.597
0.069
0.279
0.937
0.739
0.66
0.658
0.897
0.895
0.089
0.254
0.257
0.53
0.702
0.743
0.469
0.966
0.774
0.358
0.798
0.946
0.025
0.69
0.938
0.094
0.047
0.462
0.009
0.888
0.952
0.199
0.998
0.985
0.971
0.941
0.401
0.54
0.486
0.178
0.598
0.786
0.335
0.272
0.339
0.162
0.323
0.902
0.426
0.593
0.417
0.517
0.261
0.925
0.235
0.76
0.056
0.391
0.219
0.297
0.441
0.161
0.866
0.823
0.783
0.751
0.376
0.875
0.539
0.46
0.181
0.065
0.585
0.195
0.323
0.229
0.393
0.544
0.756
0.802
0.907
0.284
0.257
0.604
0.967
0.59
0.647
0.788
0.205
1.0
0.886
0.14
0.668
0.434
0.461
0.605
0.369
0.834
0.771
0.89
0.903
0
0.439
0.675
0.799
0.178
0.924
0.751
0.977
0.169
0.024
0.608
0.655
0.744
0.201
0.133
0.324
0.922
0.867
0.198
0.012
0.373
0.218
0.241
0.595
0.778
0.453
0.84
0.776
0.024
0.286
0.776
0.446
0.783
0.147
0.928
0.224
0.408
0.276
0.275
0.559
0.686
0.784
0.9
0.658
0.917
0.017
0.244
0
0.219
0.254
0.861
0.358
