0.241
0.311
0.674
0.162
0.029
0.067
0.046
0.997
0.489
0.954
0.182
0.401
0.438
0.034
0.285
0.823
0.301
0.421
0.855
0.911
0.968
0.705
0.432
0.759
0.015
0.975
0.353
0.284
0.92
0.752
0.07
0.49
0.108
0.221
0.617
0.739
0.416
0.94
0.384
0.789
0.307
0.296
0.072
0.482
0.874
0.734
0.937
0.815
0.93
0.206
0.292
0.732
0.252
0.04
0.178
0.285
0.796
0.183
0.262
0.12
0.932
0.514
0.849
0.055
0.019
0.897
0.923
0.866
0.285
0.642
0.837
0.216
0.192
0.476
0.947
0.661
0.675
0.588
0.437
0.138
0.713
0.455
0.345
0.054
0.855
0.623
0.994
0.02
0.629
0.176
0.444
0.407
0.393
0.585
0.808
0.837
0.043
0.693
0.072
0.794
0.264
0.528
0.205
0.093
0.755
0.503
0.789
0.221
0.594
0.076
0.607
0.038
0.173
0.27
0.07
0.906
0.944
0.156
0.27
0.628
0.442
0.117
0.167
0.264
0.331
0.663
0.937
0.715
0.11
0.462
0.074
0.535
0.741
0.456
0.97
0.362
0.88
0.468
0.984
0.794
0.353
0.538
0.533
0.814
0.308
0.598
0.38
0.742
0.871
0.253
0.618
0.602
0.271
0.86
0.048
0.634
0.573
0.254
0.607
0.044
0.242
0.401
0.402
0.321
0.113
0.305
0.704
0.936
0.994
0.939
0.609
0.169
0.05
0.238
0.928
0.342
0.902
0.34
0.545
0.742
0.901
0.609
0.084
0.477
0.847
0.852
0.185
0.881
0.748
0.195
0.384
0.011
0.34
0.669
0.519
0.308
0.686
0.091
0.609
0.213
0.81
0.704
0.446
0.315
0.943
0.287
0.319
0.008
0.99
0.854
0.236
0.504
0.598
0.166
0.685
0.169
0.351
0.473
0.492
0.628
0.798
0.327
0.675
0.478
0.861
0.294
0.541
0.72
0.527
0.517
0.939
0.873
0.413
0.359
0.896
0.436
0.449
0.143
0.514
0.759
0.334
0.854
0.456
0.908
0.988
0.845
0.798
0.313
0.516
0.488
0.036
0.656
0.174
0.076
0.856
0.33
0.627
0.326
0.914
0.317
0.337
0.127
0.815
0.705
0.382
0.486
0.699
0.187
0.296
0.575
0.675
0.641
0.758
0.283
0.818
0.138
0.666
0.511
0.881
0.575
0.024
0.014
0.324
0.408
0.287
0.843
0.043
0.052
0.516
0.414
0.238
0.781
0.096
0.858
0.915
0.389
0.044
0.879
0.659
0.052
0.98
0.794
0.887
0.202
0.885
0.825
0.001
0.21
0.266
0.051
0.886
0.939
0.133
0.984
0.812
0.941
0.234
0.695
0.284
0.001
0.76
0.689
0.842
0.345
0.079
0.894
0.227
0.466
0.469
0.035
0.061
0.454
0.775
0.664
0.714
0.824
0.459
0.486
0.827
0.961
0.722
0.997
0.885
0.131
0.238
0.366
0.935
0.46
0.034
0.409
0.825
0.153
0.485
0.38
0.673
0.482
0.695
0.47
0.809
0.314
0.52
0.8
0.481
0.448
0.328
0.466
0
0.703
0.172
0.115
0.175
0.817
0.306
0.448
0.288
0.008
0
0.268
0.319
0.587
0.181
0.019
0.897
0.546
0.833
0.31
0.611
0.274
0.719
0.73
0.1
0.147
0.224
0.688
0.402
0.306
0.673
0.088
0.603
0.097
0.112
0.132
0.367
0.738
0.7
0.724
0.897
0.816
0.81
0.059
0.513
0.843
0.075
0.471
0.699
0.272
0.175
0.374
0.429
0.856
0.392
0.978
0.493
0.318
0.194
0.899
0.1
0.48
0.842
0.302
0.811
0.891
0.846
0.448
0.192
0.876
0.292
0.216
0.609
0.83
0.975
0.992
0.538
0.483
0.064
0.6
0.317
0.091
0.488
0.662
0.399
0.987
0.145
0.427
0.467
0.745
0.948
0.713
0.6
0.509
0.358
0.871
0.201
0.754
0.699
0.923
0.789
0.822
0.9
0.954
0.118
0.512
0.124
0.358
0.478
0.898
0.708
0.52
0.552
0.42
0.223
0.33
0.695
0.824
0.532
0.426
0.608
0.772
0.967
0.16
0.526
0.479
0.482
0.548
0.75
0.039
0.546
0.706
0.607
0.952
0.781
0.499
0.806
0.943
0.177
0.49
0.845
0.359
0.943
0
0.292
0.386
0.923
0.19
0.794
0.962
0.027
0.759
0.24
0.162
0.89
0.484
0.6
0.276
0.469
0.606
0.778
0.28
0.368
0.399
0.041
0.778
0.202
0.653
0.172
0.366
0.43
0.16
0.562
0.577
0.644
0.511
0.135
0.428
0.655
0.652
0.235
0.735
0.357
0.079
0.049
0.781
0.784
0.268
0.162
0.991
0.591
0.758
0.791
0.629
0.6
0.065
0.484
0.456
0.263
0.503
0.46
0.113
0
0.727
0.758
0.258
0.575
0.002
0.095
0.001
0.326
0.438
0.09
0.438
0
0.978
0.883
0.52
0.597
0.705
0.386
0.947
0.496
0.36
0.894
0.945
0.467
0.956
0.386
0.74
0.531
0.868
0.914
0.163
0.058
0.856
0.136
0.7
0.59
0.826
0.194
0.911
0.171
0.557
0.622
0.748
0.507
0.567
0.41
0.179
0.625
0.187
0.84
0.157
0.142
0.005
0.475
0.53
0.084
0.838
0.709
0.95
0.674
0.265
0.057
0.276
0.732
0.449
0.919
0.04
0.649
0.319
0.479
0.624
0.539
0.472
0.306
0.139
0.449
0.817
0.884
0.289
0.654
0.342
0.836
0.461
0.719
0.096
0.719
0.468
0.814
0.822
0.612
0.001
0.816
0.055
0.301
0.677
0.124
0.84
0.754
0.899
0.692
0.419
0.724
0.772
0.849
0.979
0.309
0.278
0.939
0.429
0.907
0.666
0.652
0.645
0.476
0.866
0.169
0.03
0.817
0.26
0.978
0.556
0.458
0.451
0.731
0.279
0.756
0.407
0.798
0.937
0.443
0.782
0.181
0.65
0.226
0.66
0.827
0.42
0.984
0.733
0.786
0.956
0.34
0.82
0.983
0.797
0.624
0.161
0.616
0.891
0.067
0.225
0.444
0.702
0.277
0.367
0.639
0.779
0.269
0.901
0.497
0.317
0.184
0.003
0.801
0.458
0.203
0.794
0.473
0.194
0.299
0.089
0.004
0.425
0.373
0.525
0.555
0.667
0.818
0.047
0.708
0.34
0.788
0.764
0.817
0.119
0.235
0.748
0.26
0.806
0.269
0.356
0.885
0.599
0.433
0.449
0.512
0.291
0.724
0.517
0.35
0
0.894
0.995
0.474
0.701
0
0.619
0.607
0.712
0.519
0.503
0.16
0.068
0.479
0.759
0.837
0.899
0.167
0.046
0.278
0.927
0.29
0.011
0.724
0.274
0.766
0.929
0.401
0.446
0.119
0.355
0.634
0.047
0.879
0.105
0.109
0.793
0.246
0.876
0.787
0.797
0.092
0.612
0.024
0.076
0.407
0.213
0.732
0.398
0.125
0.629
0.52
0.15
0.81
0.542
0.448
0
0.702
0.548
0.514
0.111
0.796
0.823
0.918
0.221
0.371
0.426
0.947
0.163
0.075
0.57
0.217
0.697
0.495
0.103
0.125
0.037
0.861
0.963
0.428
0.736
0.671
0.864
0.101
0.537
0.654
0.062
0.183
0.236
0.347
0.302
0.042
0.807
0.582
0.022
0.563
0.525
0.793
0.142
0.358
0.507
0.42
0.626
0.648
0.494
0.87
0.91
0.366
0.786
0.667
0.36
0.562
0.553
0.887
0.322
0.144
0.461
0.068
0.522
0.749
0.176
0.587
0.011
0.944
0.947
0.353
0.775
0.468
0.85
0.39
0.186
0.432
0.855
0.797
0.412
0.853
0.566
0.283
0.737
0.373
0.345
0.369
0.562
0.928
0.411
0.704
0.301
0.93
0.198
0.064
0.29
0.258
0.583
0.761
0.845
0.278
0.147
0.089
0.743
0.142
0.849
0.469
0.917
0.994
0.619
0.93
0.57
0.626
0.715
0.139
0.872
0.673
0.083
0.111
0.307
0.047
0.019
0.01
0.322
0.884
0.84
0.0
0.012
0.303
0.079
0.02
0.631
0.397
0.78
0.116
0.246
0.835
0.61
0.438
0.103
0.891
0.556
0.187
0.51
0.111
0.546
0.523
0.057
0.741
0.646
0.628
0.504
0.734
0.857
0.403
0.856
0.728
0.685
0.529
0.579
0.116
0.57
0.52
0.865
0.881
0.382
0.545
0.256
0.365
0.822
0.603
0.549
0.8
0.793
0.656
0.275
