0.417
0.766
0.273
0.292
0.803
0.958
0.486
0.488
0.32
0.148
0.609
0.809
0.827
0.279
0.2
0.686
0.539
0.792
0.614
0.835
0.751
0.972
0.259
0.589
0.207
0.824
0.801
0.323
0.197
0.191
0.029
0.844
0.174
0.862
0.743
0.797
0.518
0.513
0.964
0.471
0.355
0.215
0.056
0.529
0.004
0.949
0.257
0.093
0.222
0.227
0.053
0.172
0.736
0.399
0.014
0.679
0.224
0.144
0.445
0.338
0.282
0.737
0.427
0.738
0.936
0.618
0.76
0.062
0.961
0.568
0.971
0.454
0.384
0.782
0.948
0.909
0.37
0.878
0.86
0.799
0.997
0.783
0.888
0.291
0.748
0.788
0.943
0.806
0.134
0.429
0.684
0.909
0.953
0.152
0.031
0.69
0.534
0.181
0.999
0.74
0.054
0.808
0.988
0.428
0.217
0.398
0.326
0.679
0.385
0.473
0.193
0.604
0.974
0.02
0.314
0.04
0.633
0.721
0.589
0.359
0.881
0.826
0.758
0.954
0.998
0.771
0.891
0.426
0.277
0.784
0.794
0.495
0.604
0.582
0.747
0.73
0.702
0.246
0.876
0.042
0.807
0.471
0.113
0
0.373
0.918
0.016
0.192
0.569
0
0.798
0.32
0.772
0.773
0.785
0.595
0.383
0.239
0.205
0.632
0.583
0.627
0.758
0.934
0.575
0.605
0.191
0.85
0.463
0.539
0.792
0.319
0.966
0.318
0.802
0.869
0.862
0.281
0.571
0.518
0.567
0.138
0.11
0.034
0.058
0.488
0.202
0.045
0.279
0.755
0.068
0.973
0.722
0.684
0.081
0.544
0.081
0.299
0.121
0.202
0.123
0.711
0.351
0.604
0.676
0.066
0.382
0.893
0.69
0.989
0.342
0.54
0.203
0.133
0.379
0.964
0.516
0.123
0.731
0.284
0.436
0.708
0.478
0.61
0.539
0.476
0.039
0.658
0.31
0.569
0.48
0.599
0.552
0.436
0.999
0.914
0.625
0.176
0.957
0.893
0.11
0.708
0.809
0.261
0.627
0.932
0.703
0.586
0.664
0.586
0.262
0.994
0.445
0.713
0.574
0.083
0.222
0.621
0.594
0.933
0.937
0.857
0.754
0.871
0.121
0.516
0.535
0.432
0.858
0.871
0.142
0.575
0.453
0.954
0.077
0.309
0.771
0.684
0.06
0.703
0.424
0.463
0.658
0.944
0.692
0.32
0.623
0.727
0.476
0.058
0.244
0.988
0.574
0.098
0.811
0.217
0.296
0.628
0.81
0.665
0.968
0.458
0.322
0.435
0.226
0.771
0.501
0.159
0.683
0.299
0.733
0.705
0.288
0.53
0.901
0.953
0.314
0.173
0.916
0.987
0.909
0.32
0.346
0.734
0.087
0.781
0.052
0.902
0.428
0.654
0.915
0.205
0.565
0.609
0.175
0.841
0.785
0.754
0.555
0.722
0.534
0.338
0.755
0.788
0.098
0.728
0.514
0.021
0.814
0.461
0.044
0.249
0.448
0.809
0.588
0.231
0.481
0.4
0.286
0.311
0.793
0.401
0.29
0.446
0.03
0.365
0.824
0.645
0.479
0.84
0.76
0.145
0.588
0.714
0.192
0.214
0.995
0.256
0.969
0.117
0.705
0.401
0.329
0.68
0.54
0.194
0.333
0.572
0.082
0.47
0.552
0.719
0.805
0.192
0
0.341
0.38
0.058
0.943
0.647
0.305
0.142
0.419
0.457
0
0.56
0.804
0.146
0.652
0.718
0.527
0.524
0.806
0.282
0.133
0.358
0.716
0.096
0.678
0.345
0.419
0.458
0.29
0.69
0.259
0.365
0.422
0.404
0.685
0.796
0.238
0.269
0.879
0.282
0.177
0.499
0.117
0.49
0.165
0.44
0.04
0.399
0.959
0.958
0.837
0.072
0.787
0.375
0.218
0.533
0.3
0.947
0.521
0.772
0
0.484
0.383
0.863
0.565
0.095
0.967
0.416
0.232
0.182
0.997
0.117
0.136
0.431
0.143
0.936
0.678
0.333
0.338
0.065
0.941
0.543
0.028
0.399
0.983
0.653
0.273
0.596
0.704
0.572
0.61
0.548
0.441
0.726
0.752
0.708
0.175
0.024
0.575
0.906
0.692
0.553
0.432
0.205
0.522
0.508
0.293
0.762
0.867
0.649
0.513
0.153
0.404
0.151
0.284
0.912
0.199
0.965
0.795
0.887
0.492
0.349
0.083
0.111
0.66
0.987
0.466
0.532
0.96
0.417
0.43
0.932
0.314
0.322
0.633
0.125
0.087
0.601
0.164
0.063
0.559
0.718
0.513
0.895
0.335
0.852
0.589
0.182
0.767
0.692
0.338
0.327
0.848
0.963
0.36
0.838
0.321
0.738
0.224
0.035
0.276
0.629
0.635
0.269
0.293
0.512
0.538
0.748
0.081
0.204
0.7
0.208
0.285
0.371
0.106
0.869
0.2
0.29
0.452
0.22
0.122
0.174
0.977
0.31
0.594
0.256
0.845
0.679
0.671
0.575
0.77
0.637
0.243
0.129
0.822
0.012
0.857
0.341
0.501
0.959
0.501
0.774
0.118
0.261
0.953
0.316
0.846
0.272
0.168
0.308
0.869
0.066
0.894
0.466
0.302
0.186
0.308
0.468
0.37
0.784
0.794
0.806
0.142
0.698
0.309
0.985
0.726
0.733
0.405
0.656
0.852
0.672
0.627
0.819
0.621
0.531
0.483
0.878
0.691
0.006
0.236
0.097
0.073
0.002
0.548
0.956
0.636
0.851
0.242
0.76
0.866
0.071
0.892
0.408
0.963
0.664
0.501
0.661
0.359
0.188
0.267
0.524
0.827
0.924
0.947
0.325
0.104
0.58
0.379
0.893
0.243
0.906
0.401
0.174
0.466
0.521
0.386
0.531
0.962
0.882
0.589
0.08
0.154
0.78
0.906
0.067
0.002
0.648
0.234
0.937
0.552
0.243
0.662
0.076
0.249
0.828
0.914
0.927
0.083
0.169
0.854
0.374
0.42
0.727
0.494
0.316
0.534
0.019
0.282
0.709
0.049
0.345
0.146
0.611
0.68
0.609
0.995
0.088
0.808
0.906
0.367
0.449
0.13
0.856
0.133
0.308
0.971
0.665
0.469
0.774
0.351
0.322
0.41
0.815
0.582
0.784
0.027
0.929
0.84
0.337
0.061
0.842
0.169
0.509
0.903
0.682
0.669
0.672
0.938
0.566
0.614
0.752
0.738
0.949
0.202
0.248
0.098
0.18
0.74
0.347
0.119
0.722
0.869
0.375
0.962
0.32
0.366
0.248
0.098
0.984
0.098
0.204
0.83
0.986
0.041
0.225
0.178
0.454
0.023
0.842
0.605
0.37
0.966
0.443
0.519
0.211
0.001
0.274
0.922
0.525
0.321
0.022
0.463
0.713
0.688
0.698
0.234
0.712
0.203
0.686
0.501
0.82
0.452
0.335
0.74
0.546
0.041
0.58
0.62
0.177
0.954
0.893
0.634
0.012
0.759
0.908
0.709
0.515
0.676
0.482
0.967
0.862
0.747
0.737
0.993
0.285
0.415
0.044
0.59
0.648
0.831
0.123
0.38
0.61
0.142
0.182
0.29
0.164
0.55
0.216
0.255
0.57
0.306
0.318
0.152
0.088
0.26
0.532
0.978
0.941
0.987
0.863
0.003
0.919
0.728
0.567
0.521
0.79
0.771
0.876
0.817
0.499
0.725
0.007
0.799
0.244
0.075
0.403
0.023
0.868
0.831
0.61
0.424
0.834
0.961
0.27
0.87
0.789
0.366
0.195
0.809
0.616
0.857
0.198
0.328
0.871
0.882
0.677
0.089
0.743
0.462
0.74
0.57
0.397
0.81
0.289
0.589
0.31
0.709
0.877
0.054
0.641
0.694
0.236
0.588
0.459
0.909
0.889
0.024
0.394
0.573
0.749
0.082
0.289
0.742
0.769
0.28
0.591
0.239
0.798
0.39
0.107
0.712
0.849
0.713
0.538
0.884
0.768
0.064
0.821
0.049
0.131
0.113
0.141
0.837
0.958
0.401
0.819
0.264
0.592
0.668
0.563
0.601
0.737
0.245
0.345
0.194
0.499
0.26
0.7
0.4
0.928
0.619
0.109
0.521
0.114
0.406
0.852
0.704
0.169
0.417
0.42
0.291
0.302
0.349
0.673
0.947
0.073
0.104
0.337
0.074
0.671
0.641
0.221
0.949
0.647
0.745
0.896
0.896
0.001
0.875
0.261
0.948
0.705
0.45
0.727
0.525
0.352
0.651
0.888
0.883
0.014
0.877
0.118
0.085
0.933
0.394
0.557
0.241
0.958
0.613
0.745
0.089
0.628
0.089
0.282
