0.293
0.562
0.289
0.402
0.835
0.867
0.136
0.482
0.576
0.372
0.121
0.82
0.678
0.695
0.263
0.96
0.947
0.135
0.545
0.109
0.928
0.472
0.63
0.375
0.373
0.146
0.774
0.88
0.858
0.977
0.905
0.41
0.45
0.257
0.178
0.622
0.981
0.595
0.171
0.401
0.881
0.967
0.394
0.66
0.482
0.352
0.363
0.135
0.761
0.792
0.667
0.833
0.592
0.829
0.225
0.371
0.985
0.513
0.869
0.262
0.697
0.723
0.985
0.063
0.446
0.944
0.726
0.715
0.293
0.046
0.443
0.058
0.304
0.522
0.448
0.219
0.157
0.747
0.343
0.588
0.79
0.11
0.019
0.336
0.501
0.294
0.442
0.92
0.433
0.04
0.38
0.749
0.462
0.049
0.712
0.328
0.956
0.946
0.565
0.038
0.819
0.625
0.306
0.732
0.852
0.541
0.215
0.138
0.007
0.955
0.544
0.445
0.569
0.131
0.431
0.281
0.233
0.238
0.302
0.672
0.646
0.797
0.836
0.625
0.942
0.586
0.675
0.506
0.53
0.117
0.884
0.585
0.251
0.521
0.83
0.287
0.039
0.642
0.007
0.758
0.807
0.776
0.048
0.53
0.511
0.425
0.523
0.188
0.372
0.167
0.11
0.737
0.202
0.199
0.846
0.588
0.47
0.317
0.94
0.148
0.699
0.097
0.859
0.934
0.02
0.166
0.077
0.494
0.008
0.027
0.158
0.423
0.682
0.716
0.73
0.409
0.485
0.288
0.171
0.629
0.283
0.227
0.236
0.366
0.55
0.148
0.985
0.96
0.505
0.64
0.852
0.318
0.164
0.989
0.159
0.45
0.831
0.243
0.005
0.426
0.049
0.251
0.055
0.137
0.672
0.811
0.045
0.409
0.949
0.609
0.405
0.343
0.75
1.0
0.739
0.966
0.362
0.218
0.625
0.14
0.305
0.366
0.586
0.301
0.702
0.994
0.417
0.686
0.698
0.665
0.387
0.909
0.145
0.673
0.801
0.476
0.37
0.612
0.686
0.786
0.337
0.045
0.554
0.665
0.933
0.894
0.362
0.127
0.51
0.597
0.529
0.597
0.636
0.006
0.484
0.269
0.515
0.007
0.599
0.561
0.753
0.711
0.252
0.852
0.173
0.252
0.294
0.498
0.349
0.312
0.122
0.146
0.976
0.657
0.501
0.782
0.031
0.262
0.641
0.949
0.576
0.509
0.098
0.669
0.08
0.206
0.121
0.197
0.129
0.278
0.81
0
0.977
0.038
0.476
0.792
0.731
0.617
0.039
0.473
0.729
0.902
0.801
0.702
0.784
0.107
0.088
0.27
0.291
0.201
0.546
0.098
0.719
0.967
0.253
0.109
0.34
0.229
0.175
0.796
0.217
0.2
0.012
0.81
0.198
0.289
0.028
0.6
0.619
0.485
0.44
0.817
0.049
0.296
0.336
0.086
0.011
0.476
0.118
0.527
0.623
0.496
0.644
0.469
0.524
0.671
0.427
0.509
0.882
0.191
0.04
0.282
0.215
0.984
0.68
0.196
0.314
0.456
0.187
0.049
0.908
0.911
0.636
0.638
0.07
0.057
0.556
0.536
0.465
0.316
0.904
0.147
0.766
0.676
0.044
0.645
0.248
0
0.446
0.701
0.796
0.258
0.297
0.081
0.638
0.294
0.003
0.907
0.257
0.141
0
0.938
0.535
0.308
0.073
0.579
0.062
0.279
0.409
0.61
0.655
0.592
0.55
0.17
0.402
0.291
0.731
0.645
0.291
0.568
0.712
0.517
0.549
0.965
0.042
0.385
0.866
0.59
0.472
0.143
0.175
0.836
0.708
0.078
0.288
0.728
0.755
0.313
0.788
0.566
0.148
0.934
0.044
0.824
0.984
0.942
0.477
0.248
0.542
0.612
0.703
0.526
0.438
0.155
0.899
0.579
0.377
0.717
0.323
0.765
0.307
0.4
0.428
0.461
0.002
0.439
0.323
0.308
0.063
0.2
0.98
0.292
0.726
0.772
0.182
0.722
0.598
0.653
0.736
0.691
0.108
0.787
0.498
0.318
0.566
0.73
0.999
0.898
0.356
0.643
0.239
0.18
0.035
0.424
0.353
0.791
0.712
0.172
0.132
0.47
0.357
0.32
0.445
0.744
0.365
0.147
0.633
0.308
0.365
0.537
0.629
0.589
0.96
0.398
0.644
0.055
0.764
0.903
0.406
0.349
0.264
0.597
0.404
0.963
0.414
0.322
0.438
0.981
0.931
0.581
0.934
0.249
0.56
0.785
0.113
0.943
0.115
0.902
0.261
0.149
0.131
0.435
0.802
0.546
0.491
0.994
0.133
0.527
0.216
0.367
0.691
0.889
0.657
0.873
0.269
0.199
0.448
0.339
0.481
0.427
0.657
0.529
0.197
0.281
0.394
0.33
0.951
0.274
0.718
0.148
0.517
0.827
0.721
0.348
0.1
0.729
0.856
0.845
0.773
0.333
0.274
0.299
0.932
0.505
0.287
0.331
0.377
0.082
0.856
0.995
0.694
0.141
0.791
0.434
0.086
0.899
0.28
0.766
0.884
0.894
0.034
0.438
0.601
0.441
0.836
0.752
0.815
0.523
0.055
0.772
0.683
0.952
0.118
0.655
0.23
0.227
0.763
0.322
0.832
0
0.304
0.426
0.509
0.321
0.39
0.425
0.604
0.887
0.939
0.139
0.089
0.724
0.706
0.271
0.708
0.743
0.871
0.987
0.357
0.048
0.99
0.841
0.037
0.092
0.434
0.196
0.866
0.902
0.929
0.233
0.32
0.911
0.04
0.065
0.928
0.142
0.305
0.568
0.391
0.972
0.269
0.702
0.511
0.54
0.38
0.235
0.207
0.343
0.275
0.259
0.634
0.652
0.446
0.381
0.522
0.942
0.16
0.597
0.629
0.73
0.3
0.095
0.492
0.98
0.989
0.373
0.923
0.674
0.739
0.284
0.475
0.286
0.631
0.665
0.024
0.807
0.435
0.055
0.671
0.692
0.687
0.666
0.858
0.381
0.98
0.195
0.346
0.549
0.533
0.276
0.33
0.147
0.453
0.534
0.961
0.986
0.741
0.173
0.917
0.596
0.567
0.916
0.465
0.827
0.438
0.951
0.128
0.875
0.93
0.244
0.302
0.242
0.581
0.433
0.304
0.241
0.238
0.581
0.909
0.038
0.524
0.309
0.54
0.141
0.76
0.861
0
0.939
0.699
0.825
0.407
0.387
0.702
0.191
0.235
0.106
0.478
0.07
0.781
0.42
0.836
0.94
0.116
0.837
0.176
0.365
0.877
0.69
0.476
0.025
0.496
0.179
0.789
0.58
0.425
0.373
0.825
0.68
0.366
0.129
0.653
0.272
0.298
0.478
0.337
0.973
0.446
0.785
0.297
0.929
0.792
0.906
0.843
0.175
0.616
0.738
0.608
0.262
0.336
0.741
0.646
0.426
0.589
0.845
0.73
0.576
0.231
0.286
0.977
0.617
0.041
0.347
0.059
0.071
0.201
0.73
0.618
0.44
0.463
0.461
0.098
0.322
0.894
0.99
0.763
0.547
0.189
0.309
0.939
0.755
0.64
0.087
0.862
0.279
0.487
0.139
0.235
0.77
0.306
0.599
0.564
0.508
0.724
0.388
0.983
0.732
0.78
0.457
0.899
0.622
0
0.451
0.38
0.321
0.424
0.004
0.892
0.433
0.53
0.555
0.942
0.39
0.532
0.882
0.283
0.054
0.192
0.014
0.93
0.91
0.68
0.265
0.286
0.693
0.427
0.958
0.121
0.091
0.634
0.284
0.671
0.079
0.666
0.969
0.644
0.707
0.407
0.603
0.422
0.96
0.488
0.778
0.909
0.299
0.5
0.427
0.064
0.629
0.269
0.708
0.86
0.133
0.305
0.962
0.694
0.767
0.279
0.3
0.728
0.613
0.028
0.96
0.769
0.855
0.706
0.678
0.835
0.234
0.386
0.255
0.929
0.483
0.776
0.582
0.342
0.888
0.299
0.726
0.097
0.025
0.929
0.971
0.68
0.466
0.658
0.352
0.108
0.246
0.787
0.394
0.899
0.096
0.114
0.211
0.871
0.826
0.754
0.52
0.157
0.495
0.616
0.208
0.363
0.693
0.144
0.026
0.255
0.49
0.448
0.562
0.912
0.62
0.313
0.588
0.322
0.302
0.981
0.017
0.867
0.57
0.327
0.95
0.984
0.863
0.041
0.347
0.471
0.662
0.327
0.194
0.094
0.38
0.926
0.603
0.851
0.832
0.573
0.837
0.293
0.989
0.287
0.363
0.328
0.922
0.176
0.721
0.06
0.411
0.794
0.332
0.387
0.028
0.844
0.841
0.647
0.514
0.622
0.895
0.18
0.621
