0.469
0.869
0.114
0.736
0.832
0.907
0.166
0.152
0.078
0.882
0.885
0.209
0.335
0.761
0.86
0.484
0.868
0.881
0.906
0.533
0.712
0.379
0.048
0.391
0.428
0.952
0.106
0.361
0.708
0.664
0.78
0.698
0.937
0.356
0.905
0.155
0.661
0.889
0.896
0.394
0.694
0.826
0.956
0.451
0.808
0.961
0.119
0.472
0.84
0.588
0.902
0.316
0.506
0.558
0.227
0.344
0.55
0.338
0.909
0.045
0.681
0.345
0.83
0.891
0.749
0.682
0.297
0.362
0.969
0.26
0.448
0.501
0.536
0.399
0.239
0.832
0.085
0.11
0.418
0.498
0.679
0.237
0.978
0.821
0.455
0.285
0.041
0.144
0.797
0.895
0
0.98
0.936
0.61
0.376
0.143
0.876
0.288
0.764
0.491
0.212
0.199
0.179
0.974
0.084
0.797
0.784
0.7
0.198
0.012
0.542
0.859
0.654
0.022
0.515
0.472
0.752
0.636
0.75
0.057
0.057
0.442
0.898
0.846
0.516
0.947
0.916
0.179
0.271
0.551
0.213
0.616
0.633
0.315
0.599
0.514
0.24
0.505
0.493
0.038
0.801
0.317
0.791
0.762
0.636
0.58
0.777
0.941
0.503
0.175
0.468
0.479
0.918
0.072
0.675
0.788
0.858
0.829
0.441
0.927
0.789
0.825
0.729
0.339
0.91
0.229
0.607
0.617
0.15
0.343
0.312
0.135
0.971
0.99
0.848
0.694
0.886
0.634
0.724
0.983
0.216
0.361
0.588
0.172
0.382
0.857
0.182
0.149
0.988
0.262
0.243
0.699
0.679
0.383
0.282
0.895
0.805
0.32
0.597
0.278
0.748
0.933
0.593
0.74
0.361
0.443
0.542
0.333
0.491
0.853
0
0.056
0.67
0.432
0.112
0.25
0.011
0.97
0.888
0.227
0.715
0.502
0.555
0.271
0.998
0.659
0.722
0.337
0.216
0.573
0.056
0.256
1.0
0.981
0.106
0.406
0.918
0.001
0.424
0.45
0.383
0.039
0.075
0.26
0.356
0.657
0.473
0.873
0.739
0.538
0.459
0.945
0.477
0.235
0.827
0.113
0.594
0.969
0.875
0.333
0.501
0.897
0.78
0.285
0.643
0.813
0.802
0.615
0.484
0.122
0.376
0.636
0.837
0.779
0.293
0.059
0.12
0.014
0.391
0.591
0.355
0.566
0.203
0.286
0.842
0.133
0.817
0.853
0.961
0.165
0.675
0.547
0.905
0.255
0.546
0.874
0.183
0.682
0.225
0.566
0.238
0.347
0.999
0.541
0.667
0.185
0.863
0.042
0.579
0.504
0.788
0.135
0.018
0.268
0.935
0.726
0.434
0.011
0.093
0.457
0.35
0.853
0.055
0.382
0.309
0.56
0.305
0.713
0.038
0.12
0.451
0.322
0.496
0.339
0.453
0.998
0.549
0.295
0.331
0.595
0.02
0.462
0.846
0.314
0.757
0.812
0.382
0.624
0.157
0.091
0.966
0.878
0.421
0.609
0.212
0.225
0.156
0.492
0.801
0.726
0.59
0.785
0.736
0.577
0.419
0.6
0.676
0.336
0.067
0
0.852
0.617
0.229
0.679
0.506
0.553
0.313
0.401
0.296
0.039
0.979
0.383
0.427
0.14
0.3
0.932
0.783
0.609
0.196
0.423
0.362
0.546
0.16
0.654
0.31
0.84
0.603
0.811
0.951
0.701
0.109
0.146
0.524
0.031
0.166
0.731
0.108
0.669
0.688
0.742
0.135
0.52
0.516
0.359
0.393
0.442
0.878
0.567
0.432
0.337
0.461
0.365
0.288
0.076
0.24
0.855
0.296
0.804
0.339
0.331
0.894
0.216
0.043
0.196
0.545
0.602
0.078
0.975
0.243
0.114
0.425
0.343
0.11
0.429
0.642
0.609
0.759
0.948
0.605
0.432
0.722
0.58
0.595
0.469
0.848
0.628
0.506
0.176
0.984
0.663
0.343
0.022
0.737
0.103
0.71
0.309
0.402
0.45
0.489
0.067
0.552
0.767
0.536
0.535
0.447
0.048
0.177
0.314
0.565
0.807
0.627
0.446
0.656
0.316
0.695
0.895
0.118
0.377
0.263
0.818
0.632
0.804
0.174
0.012
0.539
0.295
0.412
0.008
0.649
0.694
0.392
0.389
0.72
0.496
0.067
0.885
0.891
0.183
0.887
0.682
0.868
0.143
0.739
0.513
0.166
0.581
0.205
0.532
0.956
0.736
0.611
0.745
0.5
0.431
0.174
0.857
0.403
0.451
0.49
0.171
0.517
0.362
0.962
0.884
0.556
0.697
0.38
0.249
0.041
0.213
0.745
0.163
0.104
0.703
0.935
0.966
0.753
0.968
0.488
0.655
0.191
0.307
0.206
0.622
0.509
0.77
0.056
0.863
0.64
0.222
0.079
0.079
0.021
0.971
0.672
0.705
0.84
0.62
0.035
0.575
0.227
0.565
0.744
0.197
0.941
0.506
0.87
0.913
0.147
0.396
0.605
0.845
0.468
0.277
0.95
0.676
0.444
0.192
0.62
0.413
0.547
0.584
0.774
0.473
0.348
0.563
0.081
0.233
0.18
0.051
0.432
0.878
0.515
0.101
0.489
0.962
0.096
0.402
0.76
0.933
0.061
0.823
0.715
0.752
0.073
0.999
0.803
0.876
0.141
0.691
0.971
0.413
0.854
0.178
0.023
0.884
0.815
0.318
0.573
0.439
0.959
0.94
0.597
0.408
0.209
0.373
0.034
0.853
0.942
0.059
0.081
0.01
0.876
0.349
0.379
0.343
0.885
0.417
0.988
0.063
0.402
0.747
0.585
0.857
0.674
0.492
0.761
0.541
0.772
0.176
0.981
0.359
0.195
0.113
0.155
0.554
0.687
0.496
0.222
0.966
0.238
0.821
0.909
0.54
0.225
0.891
0.058
0.021
0.947
0.131
0.903
0.933
0.173
0.872
0.574
0.619
0.524
0.861
0.848
0.159
0.373
0.643
0.718
0.428
0.467
0.898
0.996
0.42
0.643
0.49
0.368
0.484
0.553
0.316
0.881
0.543
0.973
0.679
0.628
0.892
0.368
0.661
0.94
0.676
0.295
0.116
0.326
0.007
0.832
0.118
0.396
0.758
0.153
0.69
0.183
0.739
0.683
0.29
0.749
0.125
0.43
0.85
0.438
0.342
0.407
0.398
0.592
0.675
0.589
0.512
0.756
0.778
0.675
0.944
0.945
0.904
0.338
0.437
0.509
0.136
0.466
0.312
0.953
0.511
0.367
0.033
0.668
0.218
0.61
0.443
0.135
0.711
0.452
0.83
0.561
0.179
0.935
0.385
0.706
0.211
0.079
0.669
0.408
0.361
0.383
0.826
0.275
0.133
0.951
0.581
0.941
0.898
0.156
0.794
0.614
0.425
0.906
0.688
0.159
0.129
0.061
0.548
0.168
0.138
0.23
0.565
0.212
0.494
0.748
0.499
0.761
0.114
0.109
0.871
0.741
0.396
0.598
0.06
0.964
0.318
0.239
0.332
0.024
0.03
0.613
0.283
0.857
0.436
0.732
0.58
0.431
0.84
0.685
0.492
0.233
0.118
0.199
0.545
0.868
0.997
0.141
0.114
0.376
0.796
0.842
0.971
0.695
0.974
0.103
0.102
0.781
0.032
0.623
0.744
0.581
0.502
0.044
0.562
0.362
0.621
0.221
0.149
0.595
0.724
0.645
0.56
0.567
0.731
0.895
0.996
0.194
0.219
0.835
0.367
0.194
0.993
0.954
0.964
0.142
0.515
0.607
0.972
0.135
0.11
0.005
0.644
0.462
0.914
0.851
0.639
0.31
0.403
0.736
0.118
0.336
0.268
0.36
0.514
0.872
0.605
0.958
0.125
0.012
0.438
0.211
0.733
0.722
0.947
0.774
0.338
0.455
0.977
0.255
0.752
0.797
0.784
0.148
0.894
0.674
0.316
0.279
0.792
0.565
0.347
0.98
0.547
0.619
0.439
0.293
0.449
0.971
0.979
0.757
0.275
0.477
0.838
0.209
0.309
0.415
0.937
0.728
0.972
0.48
0.063
0.613
0.83
0.646
0.779
0.709
0.807
0.706
0.409
0.282
0.158
0.434
0.49
0.911
0.384
0.265
0.303
0.131
0.02
0.874
0.825
0.669
0.041
0.381
0.596
0.607
0.371
0.353
0.242
0.862
0.481
0.732
0.454
0.602
0.777
0.078
0.854
0.219
0.812
0.991
0.635
0.407
0.897
0.725
0.53
0.584
0.613
0.125
0.153
0.22
0.057
0.095
0.563
0.91
0.01
0.383
0.366
0.615
0.894
0.006
0.975
0.931
0.314
0.99
0.109
0.363
0.264
