0.826
0.498
0.564
0.995
0.693
0.619
0.275
0.492
0.168
0.911
0.887
0.173
0.125
0.231
0.044
0.54
0.014
0.224
0.371
0.974
0.231
0.478
0.138
0.992
0.447
0.611
0.531
0.149
0.402
0.407
0.842
0.631
0.726
0.694
0.385
0.426
0.312
0.118
0.697
0.863
0.06
0.679
0.657
0.85
0.372
0.11
0.025
0.527
0.692
0.849
0.035
0.179
0.352
0.216
0.358
0.05
0.567
0.525
0.044
0.54
0.978
0.336
0.072
0.304
0.786
0.293
0.692
0.173
0.313
0.116
0.975
0.969
0.733
0.229
0.577
0.6
0.432
0.909
0.174
0.686
0.782
0.176
0.287
0.82
0.677
0.232
0.661
0.391
0.86
0.053
0.802
0.586
0.496
0.292
0.947
0.429
0.781
0.867
0.659
0.573
0.95
0.304
0.822
0.834
0.867
0.106
0.836
0.327
0.195
0.13
0
0.339
0.239
0.591
0.683
0.781
0.352
0.071
0.131
0.287
0.294
0.284
0.007
0.679
0.526
0.44
0.325
0.577
0.414
0.837
0.948
0.529
0.363
0.996
0.792
0.561
0.489
0.598
0.963
0.926
0.818
0.251
0.835
0.468
0.582
0.176
0.225
0.487
0.168
0.396
0.602
0.39
0.22
0.817
0.752
0.224
0.774
0.65
0.277
0.402
0.675
0.623
0.237
0.201
0.412
0.819
0.657
0.049
0.117
0.011
0.7
0.588
0.193
0.633
0.391
0.894
0.708
0.977
0.437
0
0.068
0.44
0.412
0.318
0.096
0.934
0.957
0.544
0.797
0.663
0.238
0.25
0.633
0.147
0.351
0.68
0.952
0.613
0.305
0.515
0.426
0.71
0.301
0.343
0.632
0.182
0.431
0.141
0.565
0.854
0.977
0.22
0.363
0.834
0.605
0.905
0.982
0.946
0.0
0.203
0.357
0.217
0.721
0.242
0.162
0.276
0.551
0.79
0.26
0.344
0.767
0.617
0.135
0.985
0.449
0.637
0.27
0.225
0.79
0.245
0.273
0.2
0.352
0.009
0.867
0.661
0.19
0.101
0.138
0.526
0.994
0.29
0.066
0.897
0.935
0.785
0.493
0.416
0.628
0.385
0.048
0.176
0.313
0.536
0.338
0.135
0.032
0.17
0.065
0.378
0.206
0.686
0.833
0.35
0.221
0.295
0.087
0.142
0.068
0.766
0.459
0.08
0.722
0.985
0.28
0.821
0.511
0.472
0.751
0.502
0.606
0.705
0.222
0.324
0.232
0.28
0.828
0.417
0.291
0.264
0.691
0.896
0.973
0.479
0.378
0.869
0.344
0.133
0.437
0.845
0.709
0.162
0.363
0.792
0.912
0.212
0.316
0.743
0.285
0.737
0.19
0.501
0.257
0.491
0.318
0.966
0.044
0.556
0.054
0.352
0.336
0.257
0.713
0.28
0.925
0.181
0.078
0.667
0.902
0.5
0.586
0.447
0.047
0.576
0.004
0.793
0.228
0.396
0.915
0.124
0.884
0.799
0.931
0.803
0.916
0.843
0.734
0.548
0.747
0.847
0.52
0.061
0.418
0.558
0.967
0.271
0.382
0.924
0.422
0.926
0.351
0.364
0.165
0.754
0.648
0.216
0.209
0.941
0.796
0.236
0.229
0.399
0.833
0.506
0.839
0.857
0.547
0.962
0.985
0.464
0.8
0.43
0.234
0.291
0.074
0.39
0.056
0.382
0.614
0.032
0.202
0.205
0.107
0.426
0.652
0.462
0.63
0.925
0.106
0.242
0.441
0.119
0.896
0.561
0.736
0.856
0.049
0.182
0.695
0.726
0.043
0.662
0.104
0.08
0.818
0.97
0.608
0.529
0.607
0.796
0.171
0.231
0.378
0.909
0.489
0.161
0.007
0.454
0.867
0.379
0.228
0.342
0.503
0.783
0.679
0.254
0.524
0.68
0.173
0.111
0.494
0.734
0.362
0.503
0.891
0.844
0.444
0.279
0.68
0.177
0.693
0.147
0.135
0.54
0.44
0.459
0.445
0.286
0.132
0.103
0.294
0.26
0.385
0.061
0.255
0.979
0.748
0.71
0.106
0.7
0.095
0.459
0.284
0.555
0.481
0.726
0.848
0.237
0.196
0.071
0.115
0.217
0.493
0.611
0.412
0.031
0.178
0.762
0.859
0.944
0.284
0.279
0.98
0.619
0.727
0.39
0.955
0.441
0.942
0.708
0.94
0.419
0.264
0.454
0.818
0.475
0.548
0.856
0.27
0.304
0.212
0.768
0.813
0.067
0.298
0.864
0.034
0.842
0.739
0.226
0.8
0.132
0.966
0.829
0.001
0.99
0.507
0.825
0.987
0.041
0.346
0.803
0.375
0.933
0.398
0.199
0.73
0.243
0.262
0.302
0.49
0.8
0.29
0.314
0
0.635
0.219
0.234
0.66
0.128
0.261
0.004
0.219
0.421
0.906
0.736
0.352
0.173
0.348
0.547
0.901
0.911
0.857
0.792
0.584
0.209
0.915
0.106
0.945
0.922
0.746
0.033
0.916
0.559
0.892
0.044
0.208
0.804
0.755
0.978
0.438
0.17
0.995
0.38
0.094
0.123
0.93
0.601
0.857
0.382
0.195
0.054
0.225
0.362
0.422
0.306
0.158
0.104
0.54
0.145
0.351
0.242
0.894
0.406
0.927
0.841
0.302
0.85
0.605
0.324
0.332
0.702
0.355
0.996
0.902
0.791
0.048
0.124
0.34
0.485
0.524
0.738
0.472
0.758
0.203
0.549
0.243
0.235
0.649
0.22
0.483
0.132
0.051
0.21
0.292
0.39
0.697
0.05
0.298
0.713
0
0.704
0.785
0.615
0.931
0.902
0.181
0.799
0.272
0.274
0.006
0.858
0.605
0.971
0.82
0.143
0.09
0.864
0.558
0.105
0.45
0.899
0.916
0.317
0.876
0
0.762
0.835
0.618
0.747
0.113
0.843
0.042
0.322
0.957
0.052
0.939
0.266
0.46
0.468
0.565
0.151
0.264
0.902
0.529
0.936
0.006
0.924
0.668
0.933
0.701
0.585
0.238
0.188
0.142
0.579
0.054
0.394
0.557
0.19
0.367
0.395
0.482
0.424
0.478
0.41
0.456
0.811
0.107
0.145
0.0
0.556
0.217
0.208
0.298
0.557
0.333
0.081
0.296
0.494
0.511
0.863
0.238
0.427
0.378
0.861
0.319
0.687
0.022
0.584
0.406
0.261
0.638
0.706
0.104
0.909
0.2
0.37
0.032
0.425
0.93
0.565
0.432
0.898
0.554
0.542
0.569
0.375
0.347
0.458
0.259
0.128
0.757
0.279
0.084
0.397
0.261
0.865
0.819
0.633
0.109
0.543
0.041
0.422
0.729
0.81
0.756
0.438
0.738
0.696
0.819
0.696
0.768
0.003
0.779
0.211
0.959
0.982
0.721
0.715
0.013
0.525
0.611
0.568
0.604
0.337
0.688
0.996
0.003
0.542
0.512
0.165
0.991
0.954
0.869
0.471
0.008
0.111
0.26
0.02
0.413
0.217
0.861
0.552
0.863
0.804
0.881
0.39
0.166
0.656
0.833
0.597
0.384
0.923
0.109
0.681
0.022
0.731
0.512
0.593
0.838
0.936
0.229
0.037
0.54
0.05
0.393
0.776
0.307
0.142
0.114
0.584
0.071
0.638
0
0.66
0.848
0
0.654
0.034
0.277
0.616
0.881
0.549
0.524
0.335
0.712
0.578
0.756
0.128
0.132
0.031
0.621
0.871
0.376
0.493
0.496
0.184
0.166
0.089
0.895
0.394
0.846
0.475
0.16
0.007
0.782
0.025
0.365
0.608
0.882
0.305
0.141
0.563
0.579
0.49
0.454
0.992
0.627
0.092
0.873
0.526
0.886
0.666
0.622
0.672
0.104
0.644
0.15
0.41
0.631
0.702
0.601
0.35
0.772
0.825
0.022
0.263
0.463
0.665
0.587
0.951
0.113
0.145
0.4
0.013
0.917
0.144
0.096
0.399
0.432
0.037
0.793
0.203
0.549
0.651
0.397
0.273
0.448
0.136
0.115
0.954
0.231
0.919
0.311
0.22
0.379
0.763
0.967
0.616
0.882
0
0.58
0.054
0.183
0.539
0.159
0.323
0.329
0.256
0.514
0.701
0.108
0.004
0.706
0.712
0.53
0.919
0.914
0.49
0.68
0.734
0.754
0.71
0.488
0
0.194
0.774
0.317
0.478
0.157
0.929
0.513
0.152
0.688
0.371
0.448
0.596
0.006
0.563
0.647
0.818
0.726
0.343
0.374
0.345
0.28
0.31
0.871
0.131
0.423
1.0
0.322
0.457
0.326
0.339
0.685
0.396
0.183
0.087
