0.555
0.291
0.275
0.561
0.874
0.402
0.451
0.088
0.874
0.397
0.624
0.375
0.525
0.762
0.048
0.53
0.188
0.055
0.763
0.234
0.504
0.571
0.342
0.772
0.526
0.03
0.519
0.598
0.344
0.933
0.38
0.423
0.069
0.325
0.747
0.622
0.503
0
0.547
0.965
0.26
0.892
0.669
0.937
0.673
0.28
0.486
0.786
0.865
0.532
0.213
0.7
0.515
0.166
0.956
0.44
0.015
0.808
0.452
0.621
0.499
0.666
0.224
0.925
0.649
0.282
0.771
0.559
0.057
0.151
0.784
0.999
0.303
0.216
0.198
0.596
0.163
0.14
0.571
0.812
0.635
0.036
0.043
0.552
0.096
0.552
0.563
0.785
0.689
0.166
0.424
0.764
0.097
0.682
0.089
0.945
0.192
0.019
0.841
0.128
0.549
0.291
0.479
0.525
0.617
0.989
0.591
0.715
0.626
0.629
0.079
0.625
0
0.28
0.812
0.621
0.825
0.328
0.961
0.934
0.135
0.707
0.312
0.454
0.364
0.648
0.083
0.768
0.011
0.802
0.44
0.018
0.61
0.408
0.249
0.971
0.667
0.498
0.025
0.234
0.15
0.48
0.961
0.24
0.399
0.259
0.884
0.412
0.236
0.281
0.313
0.916
0.729
0.872
0
0.029
0.92
0.796
0.386
0.344
0.804
0.938
0.443
0.626
0.755
0.43
0.781
0.424
0.551
0.25
0.471
0.672
0.079
0.37
0.075
0.944
0.374
0.972
0.576
0.708
0.682
0.145
0.45
0.233
0.038
0.738
0.793
0.729
0.172
0.153
0.793
0.065
0.896
0.659
0.076
0.094
0.025
0.217
0.563
0.002
0.184
0.915
0.939
0.634
0.46
0.16
0.28
0.462
0.938
0.954
0.873
0.188
0.05
0.456
0.053
0.114
0.108
0.766
0.348
0
0.873
0.025
0.806
0.275
0.623
0.193
0.671
0.77
0.295
0.237
0.811
0.184
0.392
0.712
0.957
0.576
0.92
0.254
0.212
0.097
0.855
0.865
0.65
0.373
0.502
0.711
0.129
0.434
0.927
0.071
0.462
0.364
0.221
0.645
0.7
0.685
0.62
0.409
0.91
0.449
0
0.01
0.145
0.304
0.593
0.377
0.52
0.621
0.985
0.555
0.6
0.308
0.019
0.293
0.823
0.67
0.916
0.94
0.8
0.947
0.216
0.349
0.19
0.717
0.856
0.022
0.581
0.27
0.918
0.888
0.415
0.359
0.095
0.652
0.994
0.372
0.284
0.192
0.116
0.57
0.538
0.857
0.828
0.982
0.538
0.832
0.488
0.699
0.272
0.194
0.741
0.049
0.493
0.462
0.538
0.447
0.928
0.649
0.282
0.989
0.134
0.994
0.36
0.798
0.276
0.117
0.561
0.841
0.111
0.489
0.065
0.229
0.144
0.553
0.116
0.16
0.43
0.456
0.361
0.406
0
0.556
0.549
0.41
0.875
0.489
0.118
0.012
0.456
0.376
0.698
0.743
0.294
0.961
0.093
0.804
0.743
0.727
0.058
0.64
0.39
0.733
0.33
0.007
0.717
0.2
0.848
0.488
0.925
0.08
0.84
0.734
0.26
0.909
0.813
0.516
0.341
0.807
0.775
0.718
0.151
0.352
0.686
0.389
0.007
0.369
0.198
0.319
0.589
0.131
0.232
0.541
0.136
0.869
0.99
0.451
0.523
0.132
0.355
0.411
0.195
0.916
0.878
0.907
0.517
0.88
0.515
0.28
0.856
0.37
0.43
0.655
0.962
0.255
0.579
0.538
0.043
0.986
0.694
0.983
0.279
0.122
0.366
0.001
0.382
0.935
0.106
0.268
0.82
0.712
0.77
0.074
0.221
0.887
0.611
0.233
0.107
0.914
0.741
0.294
0.207
0.566
0.217
0.413
0.581
0.87
0.204
0.622
0.211
0.013
0.278
0.471
0.648
0.113
0.715
0.882
0.744
0.682
0.403
0.667
0.676
0.391
0.054
0.633
0.179
0.325
0.09
0.268
0.666
0.539
0.705
0.576
0.6
0.244
0.399
0.523
0.915
0.645
0.097
0.442
0.886
0.939
0.719
0.808
0.713
0.991
0.596
0.528
0.134
0.477
0.597
0.831
0.591
0.442
0.456
0.48
0.163
0.351
0.365
0.044
0.825
0.14
0.255
0.719
0.206
0.169
0.937
0.001
0.664
0.392
0.052
0.134
0.593
0.545
0.899
0.945
0.005
0.64
0.687
0.903
0.298
0.164
0.722
0.424
0.286
0.652
0.179
0.057
0.106
0.38
0.845
0.744
0.827
0.054
0.719
0.113
0.945
0.822
0.62
0.357
0.926
0.575
0.419
0.67
0.653
0.619
0.146
0.321
0.947
0.398
0.955
0.064
0.455
0.248
0.162
0.006
0.84
0.138
0.311
0.517
0.83
0.555
0.923
0.559
0.328
0.692
0.091
0.782
0.532
0.894
0.701
0.697
0.976
0.105
0.429
0.354
0.713
0.581
0.365
0.299
0.513
0.45
0.504
0.137
0.253
0.947
0.578
0.213
0.318
0.418
0.645
0.91
0.294
0.552
0.776
0.061
0.663
0.115
0.623
0.621
0.76
0.532
0.036
0.8
0.23
0.572
0.588
0.537
0.604
0.173
0.388
0.272
0.705
0.702
0.787
0.377
0.253
0.146
0.272
0.587
0.454
0.078
0.224
0.397
0.939
0.864
0.826
0.782
0.537
0.925
0.623
0.726
0.207
0.416
0.802
0.884
0.465
0.78
0.288
0.017
0.505
0.915
0.256
0.007
0.257
0.164
0.643
0.071
0.455
0.989
0.78
0.797
0.696
0.989
0.425
0.246
0.582
0.073
0.87
0.852
0.769
0.065
0.248
0.231
0.561
0.12
0.754
0.003
0.302
0.123
0.033
0.262
0.536
0.052
0.563
0.8
0.801
0.476
0.348
0.068
0.16
0.603
0.789
0.218
0.876
0.231
0.183
0.876
0.201
0.751
0.096
0.0
0.679
0.533
0.124
0.522
0.612
0.985
0.765
0.536
0.441
0.868
0.159
0.461
0.762
0.568
0.27
0.468
0.463
0.76
0.955
0.827
0.744
0.364
0.959
0.104
0.967
0.024
0.403
0.167
0.981
0.671
0.95
0.507
0.746
0.024
0.644
0.415
0.514
0.611
0.706
0.155
0.029
0.944
0.604
0.361
0.071
0.687
0.717
0.353
0.814
0.863
0.362
0.118
0.487
0.415
0.968
0.143
0.825
0.301
0.436
0.297
0.861
0.237
0.625
0.353
0.971
0.922
0.066
0.687
0.389
0.906
0.16
0.491
0.011
0.538
0.633
0.381
0.084
0.522
0.795
0.17
0.63
0.677
0.024
0.6
0.563
0.214
0.087
0.87
0.226
0.885
0.157
0.288
0.775
0.537
0.981
0.181
0.541
0.778
0.126
0.383
0.709
0.091
0.313
0.239
0.711
0.026
0.067
0.163
0.479
0.805
0.173
0.004
0.405
0.094
0.875
0.442
0.197
0.804
0.242
0.59
0.883
0.98
0.405
0.188
0.751
0.897
0.889
0.639
0.745
0.411
0.485
0.952
0.9
0.166
0.008
0.916
0.048
0.55
0.978
0.626
0.847
0.406
0.386
0.407
0.633
0.863
0.263
0.051
0.074
0.026
0.149
0.419
0.63
0.068
0.336
0.515
0.062
0.989
1.0
0.136
0.061
0.793
0.013
0.79
0.7
0.884
0.22
0.821
0.57
0.558
0.222
0.587
0.329
0.688
0.616
0.235
0.873
0.391
0.606
0.094
0.593
0.761
0.684
0.249
0.745
0.776
0.998
0.116
0.714
0.372
0.598
0.364
0.618
0.039
0.086
0.466
0.798
0.2
0.325
0.059
0.539
0.407
0.751
0.428
0.648
0.5
0.791
0.214
0.517
0.963
0.724
0.392
0.165
0.563
0.54
0.306
0.881
0.867
0.389
0.474
0.441
0.962
0.577
0.681
0.118
0.484
0.541
0.513
0.157
0.044
0.648
0.382
0.201
0.344
0.2
0.603
0.575
0.54
0.71
0.957
0.055
0.933
0.552
0.823
0.149
0.086
0.261
0.653
0.262
0.746
0.174
0.498
0.715
0.805
0.153
0.776
0.439
0.002
0.626
0.146
0.156
0.548
0.492
0.822
0.126
0.997
0.009
0.375
0.749
0.293
0.962
0.21
0.225
0.634
0.776
0.532
0.456
0.873
0.24
0.477
0.712
0.125
0.34
0.081
0.954
0.828
0.788
0.702
0.641
0.139
0.552
0.098
0.82
0.756
0.971
0.339
0.662
0.873
0.924
0.962
0.939
0.257
0.692
0.783
0.443
0.324
0.515
0.281
