0.202
0.158
0.758
0.755
0.453
0.467
0.394
0.243
0.107
0.631
0.407
0.998
0.438
0.765
0.945
0.338
0.345
0.367
0.271
0.043
0.94
0.073
0.853
0.665
0.57
0.146
0.686
0.823
0.525
0.84
0.154
0.674
0.192
0.449
0.865
0.277
0.237
0.526
0.35
0.262
0.66
0.046
0.71
0.052
0.904
0.51
0.559
0.866
0.452
0.589
0.086
0.144
0.559
0.637
0.047
0.157
0.41
0.348
0.985
0.856
0.28
0.029
0.559
0.769
0.051
0.857
0.929
0.404
0.516
0.812
0.792
0.412
0.615
0.356
0.229
0.922
0.732
0.872
0.664
0.979
0.632
0.301
0.022
0.978
0.277
0.705
0.183
0.758
0.163
0.817
0.348
0.269
0.01
0.483
0.758
0.889
0.114
0.753
0.813
0.323
0.108
0.479
0.762
0.599
0.008
0.479
0.498
0.754
0.352
0.541
0.062
0.022
0.081
0.532
0.453
0.645
0.443
0.809
0.048
0.297
0.347
0.796
0.225
0.007
0.039
0.623
0.874
0.87
0.057
0.062
0.495
0.335
0.109
0.774
0.845
0.16
0.023
0.077
0.588
0.787
0.322
0.726
0.661
0.467
0.753
0.05
0.489
0.187
0.228
0.406
0.545
0.199
0.498
0.926
0.841
0.636
0.214
0.102
0.416
0.839
0.058
0.89
0.387
0.209
0.207
0.517
0.275
0.44
0.233
0.365
0.424
0.849
0.725
0.56
0.422
0.409
0.446
0.765
0.147
0.116
0.992
0.899
0.404
0.692
0.367
0.369
0.195
0.439
0.787
0.523
0.655
0.458
0.82
0.592
0.237
0.829
0.826
0.797
0.391
0.059
0.119
0.914
0.32
0.947
0.424
0.697
0.416
0.389
0.438
0.817
0.716
0.831
0.626
0.649
0.434
0.199
0.003
0.62
0.801
0.808
0.31
0.319
0.639
0.658
0.16
0.251
0.911
0.549
0.327
0.847
0.099
0.698
0.933
0.67
0.022
0.514
0.983
0.012
0.953
0.241
0.973
0.028
0.294
0.265
0.546
0.882
0.941
0.104
0.202
0.071
0.206
0.933
0.236
0.392
0.281
0.039
0.001
0.36
0.985
0.092
0.409
0.193
0.275
0.94
0.958
0.348
0.598
0.538
0.697
0.934
0.724
0.101
0.067
0.306
0.54
0.429
0.248
0.11
0.243
0.016
0.929
0.179
0.688
0.465
0.265
0.382
0.998
0.29
0.754
0.861
0.862
0.182
0.32
0.9
0.008
0.888
0.305
0.951
0.405
0.159
0.789
0.956
0.621
0.903
0.988
0.245
0.571
0.404
0.226
0.244
0.145
0.942
0.98
0.057
0.365
0.299
0.428
0.33
0.599
0.396
0.335
0.495
0.592
0.889
0.406
0.922
0.717
0.689
0.157
0.657
0.205
0.593
0.024
0.076
0.267
0.281
0.614
0.089
0.486
0.569
0.74
0.426
0.532
0.464
0.372
0.289
0.498
0.195
0.949
0.059
0.858
0.537
0.127
0.932
0.461
0.6
0.464
0.366
0.257
0.955
0.946
0.997
0.732
0.83
0.832
0.653
0.393
0.137
0.519
0.782
0.703
0.764
0.902
0.089
0.706
0.779
0.71
0.456
0.611
0.093
0.928
0.07
0.674
0.105
0.469
0.769
0.446
0.642
0.528
0.752
0.005
0.532
0.521
0.133
0.255
0.109
0.575
0.801
0.824
0.859
0.279
0.394
0.599
0.595
0.57
0.608
0.81
0.1
0.216
0.2
0.198
0.74
0.858
0.389
0.753
0.67
0.371
0.176
0.798
0.214
0.818
0.347
0.842
0.002
0.183
0.999
0.589
0.014
0.997
0.125
0.723
0.352
0.672
0.256
0.881
0.207
0.47
0.984
0.295
0.18
0.741
0.823
0.162
0.991
0.894
0.117
0.661
0.817
0.475
0.799
0.366
0.79
0.043
0.43
0.033
0.826
0.735
0.105
0.523
0.503
0.542
0.275
0.137
0.39
0.483
0.361
0.574
0.818
0.188
0.009
0.364
0.216
0.602
0.987
0.895
0.007
0.048
0.957
0.959
0.441
0.62
0.74
0.784
0.493
0.63
0.899
0.009
0.635
0
0.53
0.807
0.666
0.562
0.722
0.603
0.387
0.547
0.936
0.638
0.914
0.002
0.45
0.061
0.16
0.81
0.885
0.476
0.277
0.589
0.245
0.019
0.818
0.203
0.175
0.519
0.4
0.515
0.527
0.183
0.806
0.191
0.72
0.675
0.594
0.216
0.807
0.353
0.003
0.625
0.329
0.32
0.629
0.818
0.314
0.65
0.466
0.663
0.365
0.916
0.201
0.065
0.645
0.279
0.366
0.551
0.481
0.946
0.653
0.691
0.415
0.226
0.255
0.379
0.509
0.752
0.889
0.459
0.665
0.526
0.025
0.104
0.698
0.302
0.57
0.774
0.153
0.178
0.272
0.431
0.319
0.193
0.102
0.781
0.766
0.772
0.365
0.215
0.682
0.341
0.245
0.211
0.969
0.108
0
0.514
0.124
0.253
0.026
0.496
0.69
0.86
0.538
0.769
0.777
0.032
0.875
0.529
0.282
0.505
0.575
0.447
0.894
0.323
0.909
0.078
0.089
0.974
0.125
0.38
0.672
0.616
0.848
0.362
0.177
0.161
0.427
0.766
0.506
0.088
0.804
0.383
0.875
0.692
0.74
0.675
0.357
0.589
0.452
0.461
0.109
0.432
0.101
0.216
0.441
0.97
0.076
0.159
0.039
0.846
0.315
0.087
0.413
0.951
0.861
0.36
0.277
0.664
0.167
0.115
0.481
0.13
0.259
0.791
0.636
0.405
0.637
0.388
0.33
0.689
0.371
0.143
0.963
0.152
0.854
0.658
0
0.28
0.762
0.19
0.626
0.557
0.122
0.303
0.798
0.221
0.863
0.01
0.322
0.309
0.549
0.836
0.634
0.978
0.638
0.934
0.735
0.006
0.223
0.795
0.464
0.562
0.78
0.406
0.633
0.512
0.047
0.24
0.134
0.167
0.855
0.281
0.96
0.506
0.602
0.216
0.871
0.041
0.835
0.376
0.184
0.529
0.345
0.12
0.466
0.996
0.702
0.871
0.78
0.967
0.516
0.98
0.426
0.208
0.193
0.592
0.434
0.63
0.647
0.305
0.935
0.044
0.697
0.355
0.549
0.062
0.733
0.155
0.658
0.705
0.225
0.122
0.617
0.665
0.729
0.867
0.52
0.812
0.911
0.608
0.09
0.86
0.398
0.66
0.417
0.514
0.718
0.53
0.367
0.086
0.551
0.364
0.053
0.486
0.82
0.616
0.565
0.348
0.36
0.542
0.273
0.709
0.632
0.361
0.895
0.866
0.819
0.759
0.017
0.956
0.644
0.804
0.651
0.415
0.607
0.333
0.887
0.16
0.942
0.679
0.157
0.678
0.102
0.864
0.899
0.303
0.661
0.909
0.62
0.521
0.876
0.679
0.112
0.067
0.696
0.277
0.26
0.854
0.722
0.579
0.223
0.439
0.294
0.561
0.427
0.303
0.343
0.815
0.811
0.424
0.099
0.032
0.841
0.662
0.888
0.382
0.546
0.664
0.277
0.53
0.553
0.161
0.183
0.621
0.057
0.385
0.427
0.958
0.719
0.41
0.381
0.518
0.51
0.43
0.798
0.418
0.229
0.065
0.524
0.276
0.67
0.037
0.969
0.741
0.835
0.956
0.562
0.404
0.985
0.831
0.496
0.881
0.864
0.653
0.492
0.026
0.043
0.299
0.175
0.627
0.713
0.981
0.118
0.244
0.978
0.228
0.21
0.274
0.641
0.43
0.405
0.834
0.721
0.31
0.865
0.795
0.11
0.658
0.533
0.815
0.119
0.739
0
0.399
0.235
0.829
0.031
0.772
0.935
0.842
0.33
0.131
0.978
0.679
0.115
0.794
0.948
0.888
0.336
0.42
0.778
0.368
0.418
0.614
0.87
0.217
0.294
0.117
0.035
0.439
0.187
0.672
0.552
0.527
0.548
0.053
0.467
0.723
0.115
0.294
0.927
0.769
0.015
0.699
0.934
0.771
0.204
0.954
0.876
0.602
0.653
0.711
0.078
0.285
0.015
0.869
0.741
0.463
0.677
0.439
0.704
0.883
0.407
0.34
0.231
0.328
0.044
0.087
0.62
0.474
0.334
0.975
0.138
0.142
0.011
0.206
0.486
0.976
0.298
0.689
0.241
0.517
0.811
0.152
0.611
0.57
0.108
0.932
0.846
0.723
0.216
0.478
0.695
0.21
0.994
0.216
0.235
0.864
0.702
0.069
0.156
0.141
0.773
0.185
0.083
0.922
0.76
0.744
0.627
0.397
0.195
