0.951
0.549
0.092
0.956
0.554
0.474
0.671
0.763
0.512
0.392
0.46
0.815
0.212
0.553
0.459
0.776
0.741
0.88
0.752
0.342
0.068
0.202
0.918
0.205
0.669
0.224
0.044
0.103
0.078
0.852
0.179
0.984
0.608
0.6
0.865
0.801
0.85
0.213
0.16
0.25
0.015
0.513
0.967
0.227
0.924
0.733
0.841
0.241
0.39
0.284
0.557
0.968
0.481
0.035
0.011
0.992
0.573
0.593
0.939
0.103
0.034
0.233
0.594
0.255
0.668
0.136
0.891
0.772
0.311
0.192
0.684
0.85
0.666
0.216
0.078
0.754
0.927
0.2
0.688
0.769
0.527
0.326
0.566
0.03
0.291
0.529
0.925
0.391
0.15
0.138
0.294
0.896
0.021
0.213
0.012
0.132
0.106
0.263
0.472
0.763
0.347
0.776
0.799
0.04
0.198
0.467
0.997
0.041
0.079
0.229
0.688
0.608
0.802
0.888
0.846
0.696
0.441
0.374
0.33
0.627
0.063
0.69
0.246
0.152
0
0.873
0.461
0.937
0.41
0.676
0.371
0.371
0.484
0.512
0.123
0.068
0.663
0.317
0.975
0.064
0.604
0.069
0.422
0.867
0.328
0.103
0.498
0.224
0.547
0.349
0.376
0.193
0.349
0.315
0.383
0.612
0.95
0.623
0.996
0.599
0.786
0.149
0.857
0.576
0.479
0.605
0.04
0.885
0.302
0.928
0.155
0.059
0.729
0.362
0.542
0.126
0.352
0.92
0.955
0.835
0.961
0.229
0.998
0.664
0.656
0.361
0.034
0.373
0.783
0.806
0.711
0.088
0.693
0.825
0.681
0.925
0.471
0.577
0.397
0.8
0.75
0.602
0.468
0.71
0.968
0.364
0.134
0.737
0.041
0.593
0.196
0.543
0.001
0.262
0.155
0.926
0.132
0.829
0.067
0.397
0.581
0.225
0
0.87
0.947
0.924
0.786
0.629
0.386
0.274
0.246
0.864
0.389
0.241
0.68
0.637
0.495
0.172
0.237
0.513
0.24
0.164
0.643
0.956
0.101
0.037
0.936
0.018
0.291
0.443
0.981
0.078
0.724
0.634
0.035
0.709
0.091
0.472
0.043
0.69
0.895
0.285
0.8
0.997
0.711
0.178
0.903
0.842
0.289
0.781
0.924
0.562
0.229
0.178
0.817
0.557
0.393
0.963
0.023
0.749
0.697
0.174
0.08
0.451
0.57
0.113
0.325
0.861
0.307
0.353
0.4
0.941
0.662
0.448
0.311
0.367
0.003
0.489
0.338
0.713
0.346
0.5
0.345
0.39
0.206
0.699
0.466
0.115
0.627
0.192
0.559
0.223
0.055
0.14
0.324
0.145
0.172
0.361
0.891
0.12
0.826
0.374
0.754
0.737
0.288
0.762
0.856
0.39
0.075
0.948
0.818
0.139
0.733
0.069
0.574
0.518
0.694
0.837
0.647
0.347
0.414
0.198
0.835
0.375
0.316
0.08
0.194
0.472
0.598
0.009
0.511
0.56
0.422
0.737
0.319
0.602
0.548
0.34
0.27
0.912
0.01
0.102
0.539
0.683
0.533
0.459
0.392
0.971
0.569
0.728
0.372
0.309
0.675
0.592
0.512
0.283
0.338
0.805
0.053
0.32
0.233
0.627
0.908
0.949
0.955
0.578
0.338
0.071
0.225
0.701
0.849
0.991
0.595
0.668
0.232
0.061
0.995
0.896
0.621
0.527
0.173
0.48
0.005
0.316
0.602
0.673
0.372
0.655
0.21
0.614
0.042
0.703
0.62
0.969
0.81
0.593
0.343
0.582
0.953
0.968
0.598
0.434
0.375
0.709
0.272
0.087
0.289
1.0
0.812
0.727
0.071
0.453
0.435
0.664
0.374
0.265
0.296
0.685
0.44
0.4
0.285
0.434
0.818
0.291
0.024
0.005
0.3
0.762
0.069
0.228
0.302
0.231
0.021
0.534
0.942
0.132
0.279
0.577
0.309
0.183
0.679
0.791
0.905
0.639
0.916
0.179
0.394
0.389
0.973
0.232
0.287
0.311
0.251
0.042
0.36
0.715
0.333
0.468
0.997
0.202
0.574
0.368
0.944
0.97
0.971
0.951
0.827
0
0.91
0.343
0.393
0.862
0.85
0.546
0.367
0.724
0.427
0.909
0.821
0.854
0.663
0.215
0.545
0.206
0.12
0.873
0.732
0.485
0.437
0.71
0.695
0.161
0.537
0.648
0.001
0.441
0.621
0.436
0.15
0.994
0.141
0.759
0.687
0.209
0.133
0.699
0.497
0.842
0.84
0.919
0.965
0.052
0.458
0.818
0.938
0.178
0.536
0.648
0.717
0.039
0.424
0.66
0.749
0.976
0.749
0.947
0.233
0.415
0.826
0.876
0.853
0.157
0.2
0.374
0.97
0.388
0.055
0.917
0.731
0.377
0.909
0.084
0.238
0.306
0.469
0.041
0.209
0.769
0.738
0.262
0.881
0.49
0.229
0.099
0.752
0.373
0.045
0.442
0.788
0.06
0.865
0.078
0.556
0.503
0.591
0.895
0.252
0.305
0.175
0.988
0.938
0.196
0.488
0.98
0.893
0.353
0.051
0.969
0.16
0.806
0.625
0.441
0.813
0.571
0.735
0.956
0.448
0.42
0.94
0.252
0.979
0.26
0.55
0.427
0.018
0.469
0.223
0.243
0.863
0.448
0.128
0.005
0.602
0.442
0.243
0.794
0.649
0.134
0.509
0.717
0.453
0.928
0.885
0.645
0.966
0.826
0.174
0.441
0.153
0.678
0.546
0.887
0.5
0.157
0.846
0.073
0.063
0.933
0.347
0.518
0.176
0.751
0.681
0.539
0.546
0.864
0.139
0.829
0.864
0.349
0.776
0.11
0.203
0.28
0.671
0.781
0.948
0.881
0.878
0.009
0.278
0.1
0.759
0.967
0.397
0.627
0.346
0.572
0.466
0.34
0.474
0.158
0.434
0.346
0.024
0.829
0.57
0.023
0.796
0.805
0.932
0.188
0.992
0.974
0.9
0.364
0.274
0.395
0.329
0.047
0.826
0.294
0.697
0.26
0.238
0.096
0.966
0.735
0.601
0.845
0.596
0.461
0.705
0.399
0.953
0.895
0.347
0.912
0.999
0.302
0.766
0.449
0.608
0.211
0.942
0.153
0.133
0
0.014
0.628
0.935
0.381
0.748
0.375
0.149
0.983
0.759
0.129
0.275
0.043
0.963
0.721
0.439
0.153
0.306
0.815
0.868
0.969
0.701
0.187
0.223
0.067
0.639
0.046
0.211
0.482
0.828
0.131
0.011
0.588
0.58
0.004
0.482
0.11
0.847
0.208
0.286
0.253
0.531
0.467
0.713
0.573
0.977
0.743
0.384
0.859
0.905
0.94
0.385
0.663
0.329
0.94
0.883
0.089
0.235
0.52
0.81
0.545
0.476
0.051
0.153
0.454
0.222
0.739
0.818
0.178
0.762
0.814
0.824
0.579
0.79
0.616
0.412
0.681
0.148
0.493
0.023
0.375
0.181
0.137
0.749
0.943
0.074
0.492
0.051
0.715
0.779
0.705
0.586
0.082
0.685
0.223
0.605
0.53
0.429
0.947
0.172
0.501
0.825
0.319
0.675
0.003
0.531
0.553
0.611
0.508
0.831
0.914
0.664
0.864
0.438
0.88
0.73
0.005
0.124
0.891
0.538
0.671
0.441
0.192
0.398
0.415
0.248
0.206
0.48
0.638
0.705
0.068
0.96
0.259
0.972
0.887
0.261
0.792
0.637
0.788
0.636
0.142
0.463
0.183
0.307
0.409
0.601
0.685
0.921
0.0
0.748
0.585
0.337
0.602
0
0.693
0
0.386
0.926
0.694
0
0.601
0.648
0.774
0.616
0.629
0.012
0.851
0.556
0.061
0.891
0.438
0.252
0.807
0.816
0.177
0.035
0.424
0.52
0.954
0.28
0.681
0.453
0.662
0.008
0.374
0.019
0.209
0.221
0.936
0.237
0.084
0.222
0.593
0.468
0.871
0.814
0.204
0.369
0.484
0.147
0.545
0.256
0.472
0.235
0.05
0.273
0.921
0.667
0.903
0.532
0.314
0.313
0.576
0.421
0.004
0.06
0.033
0.954
0.693
0.82
0.392
0.332
0.879
0.291
0.879
0.63
0.769
0.351
0.149
0.08
0.136
0.623
0.026
0.058
0.756
0.386
0.639
0.444
0.447
0.347
0.681
0.881
0.625
0.805
0.998
0.215
0.97
0.279
0.539
0.414
0.119
0.564
0.842
0.529
0.019
0.959
0.816
0.028
0.434
0.805
0.878
0.772
0.11
0.262
0.114
0.63
0.225
0.647
0.28
0.389
0.766
0.838
0.312
