0.09
0.431
0.562
0.046
0.155
0.831
0.558
0.306
0.504
0.871
0.465
0.644
0.395
0.077
0.629
0.197
0.283
0.762
0.481
0.513
0.783
0.726
0.597
0.994
0.551
0.497
0.05
0.052
0.522
0.71
0.986
0.186
0.769
0.322
0.241
0.639
0.911
0.754
0.213
0.865
0.8
0.114
0.398
0.463
0.23
0.065
0.366
0.056
0.744
0.573
0.783
0.967
0.669
0.382
0.471
0.678
0.191
0.872
0.467
0.49
0.178
0.679
0.271
0.604
0.641
0.977
0.245
0.089
0.53
0.373
0.498
0.644
0.996
0.119
0.061
0.35
0.313
0.597
0.206
0.952
0.952
0.566
0.361
0.23
0.724
0.452
0.062
0.461
0.357
0.515
0.971
0.571
0.705
0.666
0.764
0.381
0.899
0.915
0.778
0.808
0.064
0.134
0.423
0.887
0.173
0.986
0.314
0.895
0.917
0.195
0.855
0.714
0.127
0.536
0.247
0.371
0.614
0.913
0.808
0.953
0.446
0.5
0.232
0.74
0.848
0.575
0.516
0.621
0.203
0.982
0.984
0.865
0.573
0.194
0.382
0.713
0.338
0.172
0.034
0.124
0.888
0.873
0.929
0.144
0.92
0.918
0.38
0.823
0.467
0.706
0.378
0.55
0.276
0.487
0.054
0.737
0.366
0.781
0.332
0.283
0.016
0.251
0.265
0.154
0.267
0.307
0.851
0.988
0.694
0.403
0.066
0.627
0.139
0.1
0.537
0.974
0.384
0.2
0.688
0.115
0.445
0.04
0.796
0.802
0.244
0.475
0.313
0.939
0.358
0.044
0.565
0.445
0.717
0.013
0.237
0.809
0.098
0.665
0.169
0.509
0.313
0.182
0.672
0.548
0.971
0.039
0.166
0.48
0.23
0.828
0.054
0.402
0.371
0.303
0.074
0.353
0.529
0.913
0.747
0.867
0.881
0.529
0.966
0.05
0.347
0.715
0.482
0.225
0.084
0.873
0.217
0.628
0.168
0.775
0.862
0.529
0.608
0.768
0.662
0.254
0.528
0.328
0.611
0.544
0.734
0.122
0.387
0.016
0.919
0.643
0.638
0.474
0.078
0.763
0.704
0.683
0.198
0.978
0.809
0.894
0.985
0.007
0.211
0.738
0.583
0.41
0.491
0.898
0.062
0.338
0.78
0.752
0.049
0.656
0.986
0.893
0.234
0.828
0.34
0.466
0.636
0.534
0.578
0.413
0.391
0.095
0.832
0.622
0.772
0.197
0.004
0.413
0.115
0.531
0.718
0.205
0.235
0.369
0.449
0.12
0.508
0.627
0.411
0.069
0.143
0.624
0.643
0.342
0.323
0.269
0.043
0.099
0.022
0
0.576
0.819
0.175
0.599
0.185
0.85
0.78
0.802
0.223
0.766
0.468
0.189
0.975
0.284
0.37
0.576
0.952
0.665
0.136
0.266
0.322
0.921
0.614
0.358
0.986
0.516
0.117
0.926
0.333
0.104
0.376
0.142
0.203
0.468
0.81
0.204
0.777
0.463
0.362
0.734
0.825
0.134
0.565
0.983
0.521
0.234
0.214
0.164
0.59
0.941
0.054
0.798
0.805
0.6
0.084
0.331
0.948
0.906
0.718
0.829
0.275
0.955
0.845
0.37
0
0.197
0.417
0.922
0.071
0.79
0.714
0.468
0.974
0.394
0.363
0.06
0.484
0.721
0.663
0.08
0.817
0.914
0.797
0.458
0.653
0.584
0.606
0.382
0.351
0.752
0.052
0.447
0.12
0.919
0.837
0.006
0.807
0.9
0.195
0.905
0.575
0.975
0.33
0.749
0.264
0.905
0.478
0.781
0.657
0.229
0.7
0.144
0.575
0.249
0.976
0.104
0.912
0.48
0.042
0.022
0.493
0.446
0.252
0.782
0.264
0.937
0.058
0.237
0.982
0.174
0.566
0.677
0.293
0.819
0.823
0.479
0.073
0.928
0.47
0.01
0.463
0.057
1.0
0.191
0.629
0.504
0.162
0.999
0.82
0.795
0.764
0.182
0.756
0.931
0.888
0.328
0.07
0.214
0.101
0.604
0.145
0.446
0.82
0.061
0.208
0.875
0.829
0.625
0.311
0.597
0.447
0.66
0.672
0.51
0.389
0.492
0.009
0.471
0.086
0.912
0.856
0.343
0.279
0.5
0.653
0.095
0.208
0.691
0.641
0.329
0.715
0.491
0.751
0.439
0.157
0.57
0.689
0.398
0.118
0.864
0.446
0.178
0.915
0.872
0.111
0
0.873
0.946
0.583
0.404
0.873
0.872
0.509
0.32
0.441
0.444
0.758
0.949
0.237
0.611
0.599
0.684
0.001
0.457
0.567
0.122
0.037
0.036
0.416
0.556
0.56
0.175
0.001
0.104
0.319
0.896
0.76
0.924
0.479
0.645
0.447
0.123
0.181
0.206
0.781
0.351
0.635
0.668
0.067
0.032
0.077
0.646
0.504
0.571
0.315
0.191
0.195
0.427
0.611
0.982
0.531
0.852
0.746
0.736
0.097
0.194
0.654
0.041
0.601
0.041
0.774
0.236
0.56
0.65
0.51
0.577
0.443
0.97
0.344
0.264
0.161
0.559
0.474
0.373
0.58
0.631
0.68
0.975
0.725
0.614
0.596
0.118
0.113
0.433
0.171
0.234
0.036
0.171
0.464
0.852
0.42
0.718
0.276
0.311
0.483
0.312
0.923
0.246
0.007
0.838
0.025
0.636
0.522
0.983
0.848
0.78
0.233
0.287
0.927
0.227
0.363
0.52
0.108
0.202
0.945
0.487
0.343
0.335
0.364
0.466
0.434
0.515
0.374
0.052
0.642
0.792
0.624
0.669
0.148
0.917
0.415
0.502
0.951
0.313
0.994
0.789
0.727
0.227
0.894
0.932
0.465
0.235
0.193
0.123
0.633
0.667
0.368
0.73
0.842
0.514
0.996
0.25
0.832
0.792
0.857
0.907
0.512
0.326
0.786
0.155
0.288
0.097
0.077
0.244
0.062
0.554
0.223
0.587
0.058
0.851
0.561
0.44
0.212
0.685
0.715
0.105
0.945
0.347
0.834
0.061
0.139
0.715
0.471
0.114
0.712
0.897
0.94
0.743
0.861
0.316
0.563
0.484
0.88
0.709
0.632
0.962
0.608
0.358
0.561
0.069
0.125
0.795
0.565
0.129
0.032
0.292
0.596
0.309
0.58
0.31
0.783
0.263
0.619
0.884
0.526
0.419
0.034
0.368
0.138
0.754
0.837
0.161
0.625
0.801
0.851
0.168
0.366
0.336
0.632
0.165
0.084
0.682
0.505
0.78
0.241
0.446
0.358
0.354
0.622
0.882
0.201
0.134
0.855
0.205
0.866
0.029
0.093
0.487
0.109
0.548
0.859
0.899
0.331
0.346
0.902
0.083
0.068
0.066
0.81
0.456
0.103
0.031
0.389
0.596
0.954
0.303
0.451
0.355
0.83
0.679
0.385
0.191
0.595
0.887
0.44
0.256
0.151
0.534
0.052
0.251
0.565
0.178
0.017
0.192
0.022
0.539
0.977
0.346
0.868
0.632
0.496
0.345
0.272
0.243
0.347
0.834
0.023
0.843
0.106
0.342
0.43
0.086
0.136
0.371
0.144
0.455
0.962
0.755
0.107
0.022
0.131
0.491
0.796
0.857
0.973
0.816
0.136
0.116
0.589
0.973
0.753
0.771
0.88
0.74
0.281
0.888
0.049
0.032
0.961
0.085
0.762
0.019
0.636
0.828
0.614
0.826
0.1
0.286
0.874
0.499
0.644
0.257
0.52
0.636
0.22
0.773
0.279
0.401
0.377
0.745
0.899
0.579
0.76
0.422
0.213
0.149
0.016
0.605
0.636
0.215
0.785
0.607
0.53
0.522
0.294
0.804
0.583
0.11
0.23
0.011
0.577
0.795
0.81
0.586
0.717
0.168
0.574
0.073
0.616
0.556
0.389
0.019
0.094
0.76
0.975
0.601
0.91
0.371
0.446
0.57
0.484
0.02
0.722
0.538
0.724
0.739
0.305
0.755
0.601
0.46
0.937
0.246
0.587
0.909
0.357
0.954
0.91
0.156
0.219
0.61
0.22
0.65
0.949
0.716
0.581
0.434
0.603
0.32
0.667
0.224
0.075
0.218
0.587
0.363
0.466
0.732
0.463
0.138
0.396
0.931
0.178
0.257
0.295
0.367
0.626
0.394
0.294
0.647
0.498
0.618
0.788
0.231
0.788
0.488
0.436
0.071
0.373
0.156
0.7
0.302
0.899
0.132
0.459
0.26
0.256
0.883
0.613
0.881
0.481
0.27
0.716
0.756
0.889
0.859
0.97
0.568
0.739
0.755
0.378
0.334
0.598
0.749
0.432
0.244
0.391
0.273
