0.091
0.665
0.779
0.997
0.144
0.633
0.286
0.188
0.674
0.133
0.384
0.339
0.909
0.164
0.002
0.036
0.792
0.572
0.255
0.21
0.464
0.854
0.63
0.695
0.604
0.593
0.849
0.288
0.221
0.915
0.769
0.192
0.038
0.458
0.171
0.791
0.181
0.636
0.588
0.019
0.702
0.562
0.999
0.192
0.915
0.523
0.338
0.451
0.15
0.665
0.874
0.248
0.222
0.177
0.294
0.946
0.803
0.167
0.842
0.41
0.194
0.173
0.315
0.051
0.392
0.522
0.706
0.236
0.444
0.242
0.63
0.262
0.653
0.893
0.374
0.148
0.865
0.173
0.9
0.463
0.185
0.666
0.141
0.196
0.502
0.844
0.81
0.359
0.046
0.355
0.789
0.893
0.283
0.207
0.535
0.087
0.115
0.771
0.31
0.947
0.351
0.258
0.18
0.633
0.339
0.175
0.376
0.743
0.681
0.901
0.041
0.382
0.256
0.818
0.75
0.953
0.892
0.702
0.882
0.217
0.285
0.666
0.594
0.597
0.903
0.966
0.045
0.81
0.364
0.983
0.481
0.235
0.931
0.934
0.419
0.792
0.83
0.989
0.524
0.616
0.761
0.731
0.57
0.351
0.452
0.924
0.151
0.029
0.779
0.524
0.351
0.305
0.623
0.465
0.77
0.186
0.698
0.352
0.379
0.954
0.33
0.049
0.633
0.169
0.479
0.884
0.136
0.51
0.092
0.724
0.215
0.602
0.873
0.718
0.123
0.966
0.081
0.082
0.265
0.827
0.065
0.617
0.203
0.979
0.382
0.685
0.312
0.495
0.38
0.047
0.97
0.937
0.225
0.056
0.452
0.487
0.515
0.499
0.087
0.331
0.061
0.27
0.59
0.437
0.278
0.229
0.797
0.859
0.23
0.085
0.464
0.302
0.273
0.785
0.839
0.008
0.634
0.176
0.104
0.124
0.945
0.637
0.58
0.45
0.691
0.153
0.559
0.221
0.65
0.623
0.559
0.055
0.571
0.35
0.458
0.965
0.446
0.143
0.711
0.769
0.949
0.831
0.23
0.966
0.735
0.512
0.314
0.86
0.572
0.878
0.968
0.568
0.93
0.678
0.588
0.771
0.901
0.342
0.463
0.022
0.302
0.263
0.725
0.425
0.836
0.232
0.082
0.937
0.228
0.333
0.023
0.396
0.592
0
0.308
0.708
0.227
0.524
0.144
0.817
0.915
0.373
0.436
0.487
0.116
0.402
0.945
0.449
0.708
0.89
0.54
0.584
0.909
0.451
0.277
0.356
0.996
0.873
0.923
0.299
0.348
0.842
0.27
0.544
0.647
0.938
0.1
0.494
0.624
0.099
0.72
0.359
0.544
0.07
0.006
0.248
0.34
0.196
0.622
0.484
0.79
0.864
0.33
0.662
0.058
0.576
0.095
0.955
0.584
0.23
0.516
0.116
0.849
0.723
0.454
0.34
0.786
0.156
0.424
0.519
0.239
0.855
0.429
0.51
0.371
0.17
0.338
0.419
0.786
0.548
0.551
0.217
0.823
0.39
0.984
0.437
0.205
0.906
0.506
0.784
0.143
0.939
0.249
0.05
0.33
0.557
0.345
0.067
0.146
0.692
0.96
0.115
0.421
0.366
0.84
0.941
0.399
0.892
0.909
0.94
0.881
0.477
0.313
0.432
0.885
0.86
0.171
0.476
0.727
0.633
0.497
0.283
0.154
0.698
0.42
0.81
0.772
0.623
0.956
0.178
0.37
0.609
0.349
0.56
0.542
0.521
0.564
0.16
0.486
0.093
0.958
0.478
0.72
0.767
0.015
0.026
0.799
0.287
0.347
0.454
0.947
0.13
0.111
0.004
0.855
0.647
0.182
0.649
0.449
0.903
0.83
0.444
0.68
0.351
0.11
0.197
0.351
0.225
0.641
0.512
0.244
0.205
0.441
0.497
0.818
0.286
0.179
0.155
0.373
0.802
0.018
0.632
0.84
0.193
0.183
0.478
0.385
0.893
0.842
0.519
0.807
0.043
0.423
0.506
0.051
0.721
0.484
0.69
0.646
0.123
0.701
0.041
0.581
0.919
0.305
0.823
0.673
0.622
0.946
0.117
0.811
0.575
0.747
0.89
0.065
0.587
0.311
0.736
0.488
0.323
0.288
0.281
0.518
0.142
0.703
0.019
0.649
0.812
0.187
0.028
0.45
0.904
0.143
0.356
0.067
0.813
0.664
0.476
0.656
0.651
0.271
0.367
0.411
0.251
0.601
0.567
0.011
0.687
0.881
0.367
0.772
0.123
0.56
0.945
0.942
0.136
0.031
0.652
0.494
0.464
0.467
0.2
0.213
0.245
0.476
0.404
0.506
0.7
0.673
0.731
0.549
0.026
0.49
0.892
0.089
0.372
0.057
0.357
0.508
0.08
0.936
0.622
0.365
0.609
0.236
0.992
0.96
0.77
0.817
0.123
0.743
0.595
0.404
0.254
0.071
0.505
0.234
0.093
0
0.255
0.217
0.151
0.802
0.898
0.56
0.2
0.506
0.463
0.887
0.87
0.312
0.188
0.349
0.724
0.616
0.186
0.595
0.012
0.63
0.846
0.255
0.827
0.688
0.072
0.387
0.424
0.235
0.265
0.864
0.793
0.955
0.048
0.171
0.481
0.393
0.847
0.661
0.725
0.623
0.693
0.9
0.779
0.544
0.422
0.43
0.844
0.151
0.663
0.001
0.798
0.325
0.279
0.414
0.687
0.004
0.879
0.997
0.248
0.244
0.738
0.177
0.581
0.404
0.994
0.29
0.378
0.4
0.193
0.369
0.286
0.908
0.91
0.939
0.907
0.262
0.759
0.388
0.129
0.351
0.325
0.112
0.004
0.317
0.969
0.017
0.288
0.131
0.405
0.143
0.119
0.067
0.509
0.909
0.513
0.864
0.031
0.905
0.855
0.02
0.981
0.346
0.014
0.718
0.551
0.35
0.349
0.689
0.246
0.023
0.632
0.557
0.552
0.724
0.405
0.487
0.625
0.6
0.49
0.357
0.599
0.228
0.373
0.082
0.847
0.702
0.519
0
0.807
0.27
0.096
0.905
0.613
0.098
0.42
0.842
0.704
0.839
0.861
0.241
0.647
0.412
0.17
0.103
0.192
0.208
0.062
0.128
0.799
0.43
0.593
0.843
0.366
0.831
0.39
0
0.587
0.646
0.627
0.648
0.804
0.54
0.096
0.044
0.37
0.916
0.068
0.757
0.933
0.161
0.769
0.284
0.153
0.621
0.825
0.07
0.664
0.57
0.294
0.635
0.963
0.017
0.67
0.945
0.006
0.988
0.049
0.862
0.028
0.117
0.983
0.385
0.143
0.129
0.248
0.682
0.621
0.239
0.954
0.203
0.789
0.75
0.973
0.847
0.667
0.416
0.634
0.536
0.873
0.403
0.379
0.96
0.757
0.424
0.555
0.257
0.094
0.721
0.611
0.456
0.739
0.046
0.576
0.39
0.575
0.389
0.255
0.813
0.737
0.442
0.416
0.679
0.071
0.462
0.388
0.79
0.281
0.295
0.487
0.612
0.867
0.958
0.416
0.282
0.651
0.965
0.29
0.842
0.803
0.835
0.814
0.269
0.562
0.258
0.907
0.169
0.064
0.801
0.948
0.495
0.645
0.408
0.204
0.496
0.135
0.4
0.385
0.561
0.362
0.909
0.654
0.866
0.001
0.451
0.115
0.888
0.102
0.602
0.026
0.83
0.843
0.431
0.372
0.521
0.887
0.851
0.912
0.598
0.846
0.022
0.988
0.829
0.037
0.356
0.629
0.272
0.975
0.745
0.244
0.071
0.847
0.423
0.281
0.273
0.337
0.577
0.881
0.986
0.153
0.007
0.513
0.614
0.983
0.364
0.55
0.778
0.296
0.519
0.133
0.795
0.709
0.934
0.474
0.006
0.065
0.38
0.82
0.357
0.337
0.098
0.122
0.491
0.279
0.56
0.701
0.531
0.917
0.708
0.816
0.451
0.529
0.541
0.352
0.821
0.561
0.214
0.295
0.276
0.67
0.341
0.999
0.114
0.983
0.503
0.524
0.863
0.746
0.009
0.497
0
0.712
0.994
0.537
0.078
0.818
0.735
0.98
0.166
0.654
0.773
0.195
0.488
0.063
0.481
0.995
0.174
0.652
0.211
0.017
0.428
0.579
0.058
0.76
0.189
0.446
0.464
0.896
0.498
0.148
0.474
0.501
0.736
0.998
0.576
0.964
0.431
0.015
0.948
0.824
0.374
0.801
0.598
0.636
0.75
0.661
0.602
0.041
0
0.997
0.867
0.528
0.295
0.333
0
0.036
0.183
0.189
0.983
0.769
0.239
0.748
0.748
0.134
0.507
0.141
0.861
0.5
0.259
0.91
0.767
0.76
