0.659
0.212
0.578
0.407
0.092
0.176
0.207
0.238
0.184
0.982
0.001
0.963
0.375
0.337
0.208
0.264
0.483
0.19
0.401
0.609
0.241
0.166
0.873
0.712
0.734
0.601
0.712
0.508
0.691
0.851
0.556
0.609
0.506
1.0
0.354
0.709
0.85
0.222
0.212
0.431
0.215
0.174
0.789
0.33
0.836
0.371
0.033
0.757
0.521
0.393
0.119
0.298
0.839
0.283
0.331
0.226
0.651
0.031
0.322
0.445
0.769
0.911
0.872
0.738
0.006
0.484
0.914
0.03
0.236
0.322
0.298
0.418
0.447
0.403
0.502
0.745
0.188
0.122
0.419
0.841
0.945
0.865
0.585
0.776
0.61
0.897
0.561
0.488
0.037
0.146
0.973
0.269
0.275
0.505
0.594
0.934
0.772
0.747
0.052
0.917
0.741
0.575
0.166
0.815
0.772
0.627
0.706
0.929
0.759
0.68
0.393
0.113
0.838
0.054
0.996
0.962
0.358
0.6
0.638
0.308
0.521
0.277
0.885
0.653
0.347
0.941
0.573
0.072
0.559
0.725
0.708
0.433
0.116
0.108
0.279
0.135
0.913
0.381
0.045
0.037
0.706
0.205
0.284
0.024
0.296
0.45
0.814
0.977
0.466
0.728
0.803
0.333
0.082
0.929
0.064
0.879
0.937
0.155
0.473
0.578
0.51
0.587
0.591
0.482
0.231
0.066
0.158
0.334
0.999
0.745
0.52
0.247
0.724
0.689
0.99
0.849
0.978
0.613
0.168
0.126
0.537
0.549
0.4
0.606
0.1
0.241
0.723
0.665
0.914
0.166
0.505
0.809
0.947
0.822
0.766
0.656
0.707
0.384
0.358
0.367
0.436
0.033
0.044
0.294
0.222
0.27
0.611
0.649
0.729
0.69
0.588
0.689
0.407
0.285
0.157
0.69
0.596
0.756
0.37
0.853
0.059
0.016
0.168
0.687
0.386
0.134
0.564
0.465
0.59
0.749
0.286
0.395
0.609
0.423
0.863
0.151
0.785
0.23
0.285
0.526
0.423
0.335
0.534
0.554
0.01
0.564
0.797
0.115
0.712
0.372
0.443
0.107
0.915
0.858
0.726
0.791
0.675
0.376
0.197
0.203
0.099
0.309
0.576
0.629
0.095
0.583
0.491
0.875
0.144
0.396
0.869
0.221
0.284
0.009
0.349
0.213
0.018
0.313
0.266
0.595
0.378
0.263
0.97
0.725
0.445
0.675
0.482
0.007
0.389
0.562
0.527
0.597
0.732
0.32
0.177
0.08
0.867
0.028
0.089
0.628
0.435
0.589
0.174
0.417
0.788
0.901
0.527
0.282
0.039
0.245
0.839
0.567
0.625
0.926
0.964
0.899
0.562
0.843
0.351
0.201
0.632
0.728
0.345
0.463
0.164
0.078
0.923
0.782
0.632
0.437
0.259
0.145
0.505
0.313
0.722
0.792
0.223
0.186
0.542
0.245
0.937
0.57
0.057
0.739
0.451
0.642
0.354
0.175
0.337
0.125
0.184
0.566
0.669
0.451
0.503
0.14
0.834
0.944
0.616
0.211
0.741
0.559
0.637
0.611
0.06
0.611
0.166
0.469
0.707
0.024
0.841
0.427
0.532
0.511
0.86
0.82
0.964
0.486
0.968
0.326
0.205
0.789
0.335
0.293
0.465
0.229
0.225
0.83
0.788
0.578
0.693
0.307
0.684
0.578
0.241
0.37
0.624
0.157
0.017
0.941
0.619
0.215
0.835
0.537
0.534
0.393
0.57
0.285
0.67
0.901
0.559
0.27
0.411
0.682
0.439
0.946
0.341
0.998
0.144
0.633
0.53
0.78
0.646
0.397
0.966
0.984
0.708
0.824
0.31
0.551
0.262
0.887
0.929
0.708
0.146
0.018
0.697
0.698
0.765
0.943
0.777
0.4
0.171
0.858
0.402
0.466
0.211
0.472
0.664
0.926
0.496
0.779
0.418
0.047
0.989
0.883
0.232
0.551
0.988
0.456
0.558
0.041
0.445
0.39
0.844
0.052
0.589
0.34
0.623
0.431
0.464
0.647
0.954
0.806
0.849
0.494
0.295
0.969
0.601
0.707
0.941
0.236
0.055
0.722
0.719
0.724
0.061
0.405
0.368
0.598
0.101
0.495
0.441
0.076
0.363
0.787
0.361
0.071
0.119
0.343
0.624
0.453
0.071
0.084
0.982
0.978
0.797
0.027
0.522
0.184
0.292
0.18
0.843
0.395
0.723
0.567
0.29
0.356
0.061
0.33
0.303
0.232
0.18
0.919
0.05
0.239
0.67
0.182
0.798
0.012
0.789
0.1
0.538
0.814
0.014
0.657
0.19
0.167
0.988
0.993
0.15
0.607
0.435
0.546
0.689
0.93
0.171
0.236
0.862
0.963
0.975
0.242
0.108
0.936
0.936
0.489
0.458
0.884
0.457
0.469
0.029
0.284
0.901
0.193
0.65
0.704
0.511
0.953
0.71
0.09
0.231
0.249
0.505
0.884
0.079
0.744
0.267
0.281
0.621
0.712
0.376
0.5
0.888
0.35
0.365
0.497
0.015
0.084
0.788
0.29
0.058
0.209
0.253
0.835
0.705
0.817
0.668
0.433
0.979
0.659
0.83
0.947
0.384
0.179
0.68
0.311
0.902
0.593
0.917
0.553
0.93
0.701
0.006
0.467
0.617
0.043
0.856
0.681
0.482
0.068
0.537
0.428
0.563
0.353
0.258
0.705
0.031
0.445
0.76
0.62
0.154
0.166
0.313
0.549
0.466
0.232
0.601
0.568
0.606
0.106
0.465
0.608
0.356
0.783
0.498
0.065
0.444
0.023
0.464
0.967
0.066
0.809
0.431
0.379
0.576
0.054
0.435
0.108
0.785
0.902
0.253
0.698
0.259
0.993
0.066
0.427
0.328
0.565
0.978
0.592
0.555
0.317
0.741
0.029
0.287
0.385
0.839
0.693
0.504
0.358
0.499
0.122
0.39
0.533
0.59
0.512
0.859
0.693
0.237
0.02
0.302
0.975
0.898
0.599
0.355
0.731
0.556
0.311
0.582
0.512
0.62
0.423
0.736
0.54
0.327
0.841
0.388
0.087
0.664
0.549
0.722
0.491
0.986
0.222
0.684
0.022
0.637
0.346
0.3
0.881
0.582
0.229
0.017
0.242
0.435
0.424
0.892
0.03
0.522
0.703
0.302
0.051
0.357
0.306
0.826
0.753
0.12
0.997
0.127
0.486
0.291
0.837
0.911
0.176
0.264
0.562
0.997
0.986
0.228
0.827
0.036
0.001
0.92
0.169
0.303
0.22
0.053
0.567
0.676
0.274
0.47
0.778
0.79
0.396
0.511
0.723
0.781
0.978
0.029
0.413
0.507
0.15
0.116
0.341
0.645
0.984
0.735
0.298
0.978
0.689
0.848
0.043
0.194
0.817
0.289
0.21
0.321
0.993
0.297
0.157
0.606
0.884
0.924
0.336
0.982
0.7
0.866
0.453
0.582
0.851
0.888
0.917
0.646
0.208
0.544
0.933
0.712
0.333
0.03
0.751
0.414
0.607
0.417
0.733
0.048
0.902
0.354
0.295
0.247
0.463
0.963
0.818
0.622
0.798
0.026
0.661
0.972
0.04
0.019
0.251
0.099
0.415
0.65
0.475
0.264
0.944
0.416
0.618
0.102
0.434
0.609
0.034
0.503
0.244
0.068
0.725
0.521
0.364
0.727
0.363
1.0
0.53
0.349
0.726
0.366
0.829
0.611
0.1
0.663
0.258
0.511
0.001
0.84
0.299
0.76
0.542
0.537
0.846
0.457
0.668
0.186
0.048
0.904
0.21
0.999
0.841
0.092
0.275
0.965
0.748
0.104
0.024
0.531
0.369
0.024
0.584
0.801
0.127
0.797
0.34
0.243
0.118
0.49
0.629
0.429
0.109
0.861
0.164
0.621
0.609
0.444
0.585
0.714
0.488
0.15
0.503
0.558
0.1
0.639
0.853
0.42
0.358
0.386
0.72
0.049
0.537
0.353
0.148
0.038
0.589
0.211
0.921
0.496
0.859
0.371
0.088
0.529
0.815
0.312
0.561
0.624
0.995
0.42
0.687
0.614
0.742
0.878
0.016
0.408
0.097
0.3
0.412
0.798
0.7
0.024
0.145
0.297
0.925
0.689
0.343
0.471
0.852
0.812
0.213
0.946
0.249
0.252
0.264
0.145
0.702
0.53
0.704
0.788
0.1
0.428
0.43
0.378
0.908
0.045
0.087
0.629
0.771
0.941
0.799
0.845
0.598
0.241
0.615
0.138
0.692
0.683
0.692
0.923
0.958
0.864
0.857
0.857
0.591
0.318
0.86
0.875
0.891
0.419
0.337
0.37
0.207
0.561
0.837
0.757
0.1
