0.7
0.925
0.872
0.29
0.494
0.873
0.981
0.692
0.36
0.7
0.936
0.157
0.7
0.022
0.094
0.789
0.703
0.384
0.12
0.909
0.869
0.177
0.716
0.891
0.397
0.36
0.733
0.151
0.565
0.828
0.342
0.192
0.59
0.619
0.61
0.832
0.087
0.053
0.54
0.612
0.293
0.207
0.306
0.929
0.434
0.145
0.198
0.957
0.602
0.853
0.205
0.955
0.488
0.07
0.982
0.425
0.217
0.332
0.281
0.918
0.629
0.683
0.011
0.047
0.613
0.332
0.45
0.533
0.167
0.172
0.659
0.161
0.352
0.005
0.233
0.532
0.663
0.728
0.807
0.649
0.153
0.213
0.089
0.491
0.642
0.609
0.873
0.071
0.064
0.847
0.084
0.677
0.529
0.123
0.87
0.763
0.743
0.935
0.948
0.988
0.743
0.705
0.814
0.681
0.04
0.707
0.227
0.588
0.6
0.115
0.251
0.418
0.624
0.418
0.903
0.484
0.655
0.677
0.306
0.744
0.562
0.231
0.592
0.28
0.408
0.156
0.163
0.449
0.24
0.949
0.819
0.992
0.23
0.98
0.964
0.618
0.191
0.965
0.098
0.836
0.903
0.555
0.938
0.933
0.444
0.318
0.726
0.572
0.68
0.821
0.543
0.625
0.88
0.882
0.095
0.523
0.569
0.012
0.541
0.217
0.227
0.097
0.045
0.758
0.623
0.194
0.821
0.818
0.295
0.368
0.925
0.132
0.739
0.594
0.273
0.506
0.526
0.753
0.411
0.101
0.898
0.522
0.998
0.66
0.072
0.144
0.013
0.032
0.077
0.699
0.426
0.922
0.067
0.676
0.332
0.772
0.155
0.333
0.257
0.794
0.217
0.515
0.512
0.457
0.731
0.32
0.359
0.238
0.128
0.193
0.466
0.208
0.624
0.438
0.689
0.549
0.343
0.096
0.738
0.339
0.325
0.125
0.331
0.992
0.5
0.499
0.254
0.336
0.177
0.79
0.674
0.354
0.453
0.663
0.188
0.839
0.021
0.36
0.108
0.61
0.963
0.151
0.654
0.703
0.954
0.333
0.854
0.371
0.319
0.062
0.959
0.905
0.356
0.778
0.572
0.173
0.426
0.456
0.375
0.223
0.744
0.701
0.313
0.108
0.515
0.87
0.916
0.08
0.666
0.87
0.682
0.798
0.959
0.131
0.361
0.693
0.551
0.196
0.692
0.632
0.604
0.546
0.306
0.53
0.497
0.033
0.353
0.631
0.364
0.395
0.047
0.752
0.159
0.647
0.575
0.444
0.582
0.692
0.895
0.361
0.161
0.055
0.543
0.796
0.18
0.444
0.695
0.738
0.723
0.308
0.165
0.491
0.342
0.633
0.584
0.376
0.303
0.676
0.372
0.259
0.097
0.654
0.984
0.485
0.077
0.241
0.06
0.966
0.17
0.619
0.084
0.584
0.642
0.882
0.891
0.882
0.33
0.011
0.863
0.335
0.07
0.459
0.368
0.221
0.274
0.294
0.036
0.218
0.465
0.82
0.331
0.567
0.763
0.861
0.265
0.058
0.062
0.726
0.088
0.679
0.736
0.572
0.684
0.657
0.291
0.8
0.449
0.481
0.56
0.762
0.932
0.962
0.075
0.373
0.711
0.422
0.813
0.275
0.476
0.64
0.698
0.468
0.25
0.844
0.841
0.564
0.553
0.283
0.686
0.652
0.16
0.185
0.455
0.493
0.005
0.995
0.543
0.03
0.131
0.338
0.526
0.459
0.432
0.087
0.188
0.43
0.316
0.399
0.198
0.84
0.383
0.618
0.164
0.986
0.094
0.771
0.029
0.633
0.989
0.339
0.224
0.814
0.982
0.375
0.999
0.761
0.855
0.272
0.091
0.54
0.424
0.728
0.63
0.416
0.144
0.355
0.967
0.982
0.64
0.955
0.146
0.512
0.714
0.181
0.264
0.095
0.788
0.655
0
0.912
0.478
0.968
0.708
0.676
0.559
0.591
0.319
0.754
0.899
0.198
0.423
0.385
0.74
0.06
0.793
0.491
0.478
0.922
0.594
0.194
0.15
0.331
0.612
0.319
0.876
0.155
0.201
0.606
0.808
0.095
0.042
0.262
0.998
0.366
0.881
0.029
0.45
0.189
0.044
0.111
0.692
0.115
0.029
0.953
0.879
0.754
0.555
0.749
0.554
0.477
0.562
0.841
0.471
0.743
0.544
0.825
0.992
0.675
0.607
0.503
0.217
0.71
0.557
0.566
0.94
0.247
0.844
0.033
0.222
0.097
0.482
0.367
0.178
0.896
0.683
0.618
0.629
0.507
0.788
0.205
0.188
0.434
0
0.68
0.947
0.255
0.708
0.104
0.995
0.654
0.911
0.313
0.94
0.3
0.889
0.034
0.389
0.618
0.124
0.965
0.877
0.918
0.026
0.351
0.366
0.729
0.02
0.614
0.94
0.199
0.677
0.037
0.988
0.947
0.528
0.015
0.184
0.834
0.703
0.273
0.102
0.7
0.726
0.568
0.98
0.192
0.211
0.765
0.9
0.97
0.938
0.85
0.141
0.226
0.795
0.736
0.919
0.463
0.471
0.752
0.447
0.641
0.924
0.094
0.311
0.9
0.114
0.281
0.054
0.299
0.0
0.737
0.985
0.612
0.231
0.402
0.102
0.437
0.549
0.67
0.184
0.111
0.272
0.282
0.071
0.16
0.763
0.804
0.465
0.913
0.299
0.387
0.251
0.97
0.53
0.551
0.954
0.472
0.897
0.204
0.467
0.053
0.232
0.954
0.564
0.858
0.748
0.006
0.04
0.655
0.476
0.225
0.116
0.987
0.769
0.605
0.124
0.542
0.072
0.399
0.288
0.544
0.809
0.814
0.056
0.096
0.464
0.269
0.8
0.651
0.664
0.898
0.491
0.485
0.843
0.018
0.094
0.581
0.944
0.911
0.17
0.837
0.467
0.815
0.404
0.492
0.148
0.439
0.189
0.522
0.413
0.636
0.499
0.869
0.912
0.876
0.816
0.93
0.019
0.493
0.581
0.141
0.368
0.909
0.638
0.607
0.457
0.431
0.566
0.647
0.673
0.646
0.103
0.925
0.354
0.947
0.599
0.499
0.531
0.92
0.36
0.319
0.062
0.783
0.624
0.256
0.317
0.496
0.62
0.705
0.263
0.498
0.36
0.957
0.351
0.998
0.796
0.683
0.874
0.842
0.846
0.774
0.33
0.773
0.264
0.562
0.321
0.702
0.879
0.574
0.682
0.116
0.38
0.726
0.474
0.268
0.773
0.353
0.405
0.511
0.059
0.061
0.511
0.161
0.03
0.139
0.436
0.94
0.523
0.441
0.217
0.8
0.552
0.464
0.563
0.056
0.699
0.551
0.317
0.078
0.76
0.718
0.641
0.899
0.563
0.375
0.798
0.709
0.811
0.969
0.408
0.233
0.033
0.615
0.629
0.638
0.413
0.344
0.746
0.858
0.437
0.096
0.554
0.038
0.252
0.778
0.5
0.393
0.906
0.966
0.618
0.006
0.839
0.893
0.293
0.532
0.266
0.469
0.273
0.79
0.9
0.557
0.207
0.68
0.968
0.611
0.894
0.017
0.522
0.845
0.069
0.419
0.844
0.258
0.109
0.442
0.978
0.747
0.651
0.247
0.675
0.486
0.838
0.34
0.411
0.527
0.925
0.43
0.774
0.461
0.149
0.213
0.046
0.55
0.068
0.424
0.82
0.355
0.093
0.433
0.568
0.578
0.328
0.112
0.447
0.221
0.773
0.598
0.339
0.358
0.043
0.691
0.333
0.493
0.788
0.976
0.355
0.785
0.439
0.83
0.019
0.487
0.381
0.155
0.093
0.314
0.133
0.452
0.726
0.844
0.834
0.505
0.036
0.151
0.49
0.017
0.725
0.174
0.198
0.053
0.514
0.525
0.386
0.222
0.669
0.203
0.059
0.728
0.947
0.806
0.231
0.611
0.478
0.202
0.942
0.786
0.264
0.68
0.737
0.776
0.362
0.711
0.026
0.623
0.142
0.536
0.328
0.95
0.611
0.695
0.345
0.744
0.668
0.686
0.983
0.96
0.799
0.944
0.458
0.126
0.337
0.827
0.567
0.957
0.543
0.004
0.569
0.472
0.657
0.084
0.752
0.022
0.605
0.984
0.037
0.477
0.47
0.848
0.426
0.552
0.793
0.016
0.8
0.089
0.288
0.828
0.742
0.742
0.347
0.709
0.729
0.45
0.102
0.924
0.858
0.543
0.392
0.953
0.211
0.722
0.003
0.012
0.531
0.473
0.147
0.69
0.628
0.269
0.74
0.275
0.298
0.794
0.641
0.963
0.601
0.816
0.594
0.743
0.371
0.785
0.432
0.451
0.903
0.816
0.082
0.226
0.492
0.142
0
0.983
