0.933
0.011
0.966
0.496
0.84
0.515
0.034
0.201
0.38
0.898
0.84
0.77
0.6
0.313
0.74
0.559
0.015
0.1
0.846
0.319
0.012
0.652
0.932
0.411
0.647
0.76
0.735
0.999
0.014
0.922
0.616
0.183
0.399
0.998
0.455
0.201
0.205
0.022
0.634
0.669
0.418
0.461
0.117
0.126
0.996
0.789
0.023
0.001
0.09
0.917
0.912
0.274
0.165
0.334
0.655
0.544
0.929
0.665
0.979
0.568
0.995
0.005
0.726
0.234
0.635
0.924
0.956
0.202
0.3
0.3
0.302
0.949
0.681
0.434
0.005
0.204
0.608
0.88
0.867
0.561
0.719
0.989
0.218
0.073
0.846
0.77
0.753
0.119
0.483
0.799
0.822
0.623
0.229
0.343
0.701
0.847
0.876
0.316
0.804
0.94
0.071
0.66
0.126
0.638
0.979
0.766
0.318
0.465
0.389
0.051
0.916
0.754
0.541
0.123
0.647
0.153
0.012
0.85
0.911
0.588
0.726
0.09
0.495
0.649
0.576
0.536
0.246
0.467
0.085
0.731
0.069
0.346
0.626
0.815
0.872
0.935
0.203
0.288
0.141
0.448
0.589
0.695
0.114
0.055
0.247
0.208
0.023
0.97
0.719
0.648
0.2
0.274
0.963
0.528
0.379
0.491
0.293
0.146
0.441
0.758
0.519
0.03
0.387
0.406
0.648
0.403
0.691
0.709
0.293
0.132
0.541
0.24
0.411
0.094
0.336
0.175
0.332
0.955
0.802
0.17
0.511
0.455
0.879
0.847
0.315
0.399
0.311
0.162
0.416
0.009
0.462
0
0.281
0.888
0.958
0.49
0.762
0.721
0.756
0.675
0.446
0.898
0.803
0.163
0.964
0.939
0.611
0.127
0.336
0.539
0.767
0.842
0.417
0.151
0.068
0.465
0.623
0.86
0.754
0.048
0.226
0.966
0.338
0.354
0.043
0.933
0.073
0.967
0.825
0.872
0.287
0.245
0.781
0.36
0.718
0.568
0.151
0.216
0.792
0.769
0.52
0.855
0.527
0.095
0
0.101
0.236
0.956
0.468
0.264
0.369
0.292
0.061
0.806
0.123
0.01
0.515
0.535
0.694
0.402
0.747
0.507
0.613
0.928
0.092
0.761
0.942
0.909
0.05
0.724
0.51
0.292
0.998
0.82
0.352
0.112
0.187
0.587
0.456
0.41
0.49
0.718
0.346
0.958
0.01
0.101
0.761
0.133
0.142
0.142
0.412
0.878
0.055
0.352
0.14
0.133
0.468
0.544
0.642
0.372
0.833
0.982
0.315
0.458
0.435
0.691
0.734
0.234
0.081
0.846
0.826
0.614
0.849
0.548
0.598
0.918
0.81
0.313
0.715
0.728
0.241
0.241
0.616
0.43
0.122
0.008
0
0.693
0.308
0.641
0.997
0.925
0.737
0.545
0.042
0.56
0.175
0.945
0.717
0.945
0.096
0.888
0.886
0.043
0.812
0.161
0.459
0.437
0.323
0.499
0.107
0.899
0.469
0.1
0.637
0.515
0.5
0.601
0.471
0.722
0.277
0.85
0.965
0.079
0.359
0.491
0.915
0.546
0.063
0.009
0.354
0.307
0.693
0.927
0.976
0.555
0.282
0.708
0.572
0.532
0.108
0.045
0.118
0.081
0.032
0.126
0.771
0.409
0.655
0.34
0.614
0.869
0.036
0.976
0.659
0.107
0.306
0.467
0.24
0.753
0.541
0.961
0.085
0.118
0.478
0.753
0.811
0.711
0.157
0.864
0.748
0.92
0.988
0.308
0.137
0.563
0.314
0.463
0.354
0.668
0.159
0.685
0.539
0.937
0.594
0.74
0.065
0.779
0.712
0.244
0.164
0.957
0.917
0.77
0.997
0.448
0.616
0.492
0.595
0.938
0.204
0.606
0.475
0.311
0.574
0.994
0.282
0.891
0.083
0.363
0.168
0.681
0.367
0.2
0.207
0.098
0.352
0.769
0.843
0.155
0.158
0.62
0.781
0.125
0.59
0.735
0.904
0.187
0.747
0.198
0.336
0.058
0.772
0.998
0.788
0.886
0.315
0.733
0.463
0.615
0.329
0.72
0.258
0.007
0.446
0.97
0.032
0.12
0.7
0.982
0.128
0.427
0.067
0.661
0.168
0.03
0.464
0.862
0.835
0.971
0.49
0.038
0.339
0.2
0.956
0.111
0.312
0.863
0
0.559
0.319
0.776
0.957
0.174
0.668
0.273
0.146
0.8
0.296
0.888
0.896
0.878
0.962
0.681
0.203
0.559
0.108
0.544
0.691
0.796
0.429
0.929
0.544
0.438
0.898
0.305
0.566
0.522
0.141
0.483
0.782
0.106
0.726
0.51
0.315
0.531
0.763
0.322
0.7
0.854
0.404
0.651
0.799
0.424
0.413
0.865
0.135
0.061
0.973
0.602
0.931
0.998
0.753
0.984
0.857
0.749
0.205
0.928
0.087
0.192
0.472
0.52
0.175
0.137
0.128
0.329
0.331
0.327
0.598
0.173
0.784
0.121
0.114
0.121
0.036
0.569
0.343
0.571
0.122
0.599
0.212
0.229
0.376
0.478
0.064
0.225
0.176
0.336
0.999
0.718
0.307
0.082
0.351
0.042
0.917
0.986
0.378
0.449
0.75
0.283
0.483
0.17
0.477
0.837
0.124
0.447
0.695
0.676
0.38
0.828
0.587
0.787
0.393
0.415
0.187
0.548
0.735
0.138
0.273
0.028
0.5
0.946
0.297
0.754
0.038
0.781
0.401
0.321
0.223
0.693
0.884
0.266
0.481
0.342
0.562
0.984
0.238
0.892
0.097
0.553
0.526
0.031
0.698
0.239
0.054
0.126
0.534
0.592
0.892
0.436
0.225
0.328
0.128
0.75
0.218
0.464
0.611
0.977
0.486
0.72
0.345
0.025
0.05
0.338
0.612
0.379
0.091
0.161
0.367
0.111
0.108
0.565
0.008
0.876
0.031
0.444
0.201
0.333
0.583
0.917
0.004
0.2
0.372
0.896
0.551
0.709
0.249
0.976
0.459
0.226
0.921
0.817
0.345
0.589
0.049
0.557
0.441
0.48
0.627
0.744
0.574
0.39
0.549
0.402
0.608
0.837
0.847
0.925
0.948
0.446
0.356
0.669
0.239
0.159
0.727
0.73
0.951
0.098
0.089
0.065
0.575
0.853
0.36
0.511
0.083
0.94
0.443
0.321
0.205
0.382
0.11
0.859
0.372
0.501
0.733
0.784
0.94
0.055
0.113
0.659
0.705
0.647
0.337
0.764
0
0.706
0.773
0.606
0.046
0.597
0.73
0.756
0.325
0.325
0.911
0.784
0.902
0.985
0.966
0.186
0.019
0.062
0.071
0.46
0.912
0.406
0.961
0.008
0.224
0.403
0.196
0.92
0
0.358
0.259
0.782
0.815
0.405
0.19
0.728
0.215
0.35
0.565
0.835
0.186
0.41
0.34
0.046
0.322
0.433
0.899
0.864
0.418
0.179
0.373
0.86
0.726
0.844
0.458
0.819
0.251
0.34
0.345
0.199
0.154
0.184
0.689
0.165
0.168
0.457
0.938
0.776
0.039
0.218
0.956
0.73
0.393
0.447
0.926
0.891
0.086
0.596
0.027
0.058
0
0.88
0.137
0.041
0.102
0.647
0.538
0.498
0.677
0.66
0.661
0.736
0.505
0.983
0.483
0.966
0.506
0.353
0.051
0.079
0.878
0.259
0.374
0.711
0.302
0
0.001
0.153
0.828
0.937
0.924
0.427
0.947
0.161
0.544
0.954
0.505
0.646
0.924
0.57
0.37
0.791
0.659
0.375
0.427
0.722
0.324
0.047
0.599
0.324
0.74
0.644
0.56
0.255
0.835
0.541
0.469
0.067
0.704
0.239
0.293
0.585
0.854
0.774
0.448
0.407
0.792
0.948
0.213
0.872
0.226
0.686
0.631
0.384
0.146
0.597
0.124
0.312
0.825
0.403
0.405
0.003
0.612
0.084
0.634
0.818
0.494
0.752
0
0.073
0.497
0.674
0.463
0.838
0.903
0.676
0.468
0.301
0.27
0.333
0.261
0.439
0.802
0.045
0.602
0.381
0.836
0.521
0.69
0.65
0.659
0.977
0.497
0.591
0.467
0.306
0.058
0.508
0.171
0.955
0.937
0.504
0.419
0.807
0.364
0.627
0.867
0.01
0.215
0.496
0.446
0.699
0.631
0.824
0.037
0.044
0.644
0.548
0.255
0.807
0.653
0.931
0.769
0.83
0.129
0.701
0.526
0.555
0.293
0.891
0.966
0.236
0.827
0.196
0.051
0.91
0.091
0.451
0.561
0.138
0.341
0.154
0.628
0.171
0.837
0.611
