0.733
0.015
0.25
0.153
0.007
0.488
0.929
0.931
0.808
0.451
0.61
0.924
0.192
0.701
0.775
0.403
0.788
0.175
0.247
0.745
0.798
0.941
0.099
0.129
0.222
0.722
0.924
0.029
0.127
0.394
0.309
0.175
0.259
0.698
0.065
0.728
0.432
0.265
0.812
0.125
0.018
0.898
0.107
0.297
0.747
0.404
0.302
0.432
0.08
0.911
0.543
0.186
0.375
0.289
0.979
0.527
0.052
0.509
0.021
0.276
0.243
0.425
0.233
0.505
0.598
0.015
0.503
0.914
0.891
0.945
0.711
0.156
0.294
0.332
0.93
0.669
0.942
0.102
0.08
0.352
0.027
0.94
0.359
0.585
0.62
0.193
0.272
0.337
0.826
0.35
0.913
0.401
0.199
0.154
0.569
0.09
0.061
0.071
0.784
0.838
0.063
0.95
0.805
0.69
0.494
0.094
0.271
0.227
0.891
0.662
0.105
0.545
0.04
0.317
0.431
0.983
0.065
0.419
0.855
0.287
0.977
0.232
0.435
0.61
0.909
0.705
0.756
0.201
0.291
0.197
0.459
0.383
0.225
0.722
0.116
0.362
0.323
0.977
0.212
0.851
0.59
0.833
0.968
0.836
0.496
0.32
0.072
0.015
0.645
0.729
0.339
0.367
0.464
0.61
0.95
0.423
0.915
0.331
0.485
0.164
0.469
0.575
0.407
0.689
0.808
0.097
0.587
0.948
0.666
0.695
0.669
0.738
0.924
0.494
0.754
0.483
0.381
0.046
0.655
0.319
0.147
0.328
0.17
0.001
0.575
0.225
0.043
0.754
0.041
0.147
0.969
0.336
0.793
0.387
0.915
0.178
0.633
0.403
0.408
0.023
0.982
0.673
0.75
0.36
0.306
0.057
0.745
0.176
0.659
0.055
0.357
0.913
0.326
0.461
0.049
0.851
0.984
0.009
0.421
0.388
0.776
0.619
0.082
0.999
0.917
0.804
0.415
0.625
0.866
0.138
0.364
0.811
0.394
0.946
0.473
0.725
0.281
0.188
0.859
0.872
0.838
0.066
0.598
0.213
0.16
0.815
0.648
0.192
0.707
0.131
0.226
0.473
0.762
0.047
0.173
0.18
0.799
0.317
0.987
0.592
0.202
0.644
0.019
0.401
0.336
0.972
0.365
0.202
0.036
0.315
0.901
0.319
0.253
0.568
0.303
0.625
0.569
0.204
0.53
0.253
0.352
0.819
0.419
0.155
0.121
0.861
0.308
0.112
0.579
0.952
0.605
0.266
0.231
0.482
0.282
0.806
0.949
0.292
0.194
0.06
0.945
0.276
0.255
0.963
0.05
0.065
0.141
0.437
0.43
0.375
0.135
0.608
0.143
0.728
0.836
0.639
0.495
0.416
0.755
0.761
0.157
0.685
0.967
0.578
0.562
0.711
0.191
0.764
0.65
0.965
0.011
0.109
0.913
0.216
0.919
0.41
0.524
0.958
0.073
0.621
0.675
0.41
0.587
0.942
0.582
0.394
0.234
0.653
0.572
0.688
0.72
0.162
0.998
0.669
0.132
0.971
0.389
0.671
0.891
0.431
0.939
0.13
0.322
0.33
0.35
0.821
0.987
0.052
0.178
0.795
0.483
0.414
0.611
0.184
0.366
0.633
0.722
0.351
0.253
0.889
0.226
0.573
0.491
0.237
0.275
0.091
0.624
0.779
0.328
0.084
0.443
0.897
0.609
0.764
0.052
0.941
0.238
0.045
0.009
0.104
0.111
0.786
0.243
0.755
0.191
0.079
0.717
0.008
0.645
0.577
0.549
0.871
0.563
0.951
0.296
0.032
0.586
0.478
0.581
0.919
0.182
0.704
0.746
0.062
0.668
0.73
0.744
0.893
0.116
0.834
0.363
0.819
0.292
0.48
0.412
0.538
0.028
0.075
0.579
0.764
0.339
0.45
0.262
0.377
0.822
0.011
0.362
0.945
0.448
0.539
0.447
0.761
0.267
0.941
0.882
0.713
0.84
0.602
0.055
0.805
0.319
0.625
0.172
0.923
0.725
0.372
0.726
0.396
0.595
0.103
0.535
0.208
0.397
0.845
0.981
0.935
0.194
0.691
0.077
0.104
0.211
0.162
0.389
0.087
0.11
0.507
0.248
0.979
0.313
0.386
0.236
0.887
0.354
0.431
0.206
0.869
0.369
0.636
0.28
0.088
0.035
0.655
0.567
0.864
0.1
0.679
0.514
0.03
0.448
0.765
0.916
0.21
0.122
0.769
0.201
0.031
0.22
0.746
0.838
0.589
0.774
0.24
0.654
0.347
0.349
0.505
0.947
0.76
0.313
0.351
0.942
0.753
0.299
0.621
0.834
0.035
0.571
0.222
0.401
0.229
0.358
0.817
0.463
0.37
0.56
0.889
0.77
0.812
0.5
0.055
0.055
0.809
0.817
0.039
0.458
0.567
0.831
0.174
0.838
0.576
0.908
0.783
0.355
0.496
0.88
0.22
0.898
0.175
0.152
0.619
0.921
0.257
0.445
0.1
0.991
0.044
0.008
0.447
0.244
0.689
0.997
0.642
0.328
0.897
0.998
0.387
0.595
0.586
0.454
0.156
0.007
0.276
0.736
0.537
0.782
0.331
0.047
0.212
0.52
0.537
0.178
0.067
0.449
0.657
0.592
0.201
0.419
0.151
0.453
0.635
0.488
0.233
0.979
0.498
0.395
0.55
0.426
0.155
0.544
0.091
0.443
0.642
0.165
0.313
0.171
0.19
0.456
0.411
0.616
0.444
0.365
0.99
0.523
0.582
0.69
0.57
0.847
0.373
0.987
0.324
0.233
0.949
0.362
0.331
0.81
0.05
0.133
0.091
0.141
0.118
0.639
0.082
0.646
0.875
0.946
0
0.752
0.121
0.36
0.547
0.358
0.277
0.593
0.881
0.217
0.495
0.48
0.177
0.525
0.439
0.827
0.879
0.733
0.399
0.887
0.851
0.273
0.699
0.327
0.689
0.176
0.658
0.596
0.864
0.594
0.625
0.463
0.059
0.137
0.998
0.917
0.587
0.838
0.332
0.588
0.739
0.878
0.828
0.502
0.848
0.14
0.651
0.632
0.216
0.576
0.139
0.622
0.345
0.283
0.147
0.391
0.716
0.811
0.934
0.786
0.414
0.778
0.392
0.371
0.428
0.295
0.952
0.411
0.412
0.015
0.398
0.44
0.734
0.952
0.436
0.178
0.718
0.079
0.184
0.318
0.136
0.083
0.556
0.758
0.949
0.675
0.073
0.232
0.328
0.313
0.682
0.825
0.799
0.509
0.15
0.335
0.898
0.207
0.824
0.456
0.118
0.614
0.672
0.618
0.513
0.612
0.794
0.241
0.12
0.908
0.103
0.908
0.388
0.559
0.511
0.733
0.431
0.164
0.872
0.662
0.186
0.225
0.442
0.384
0.097
0.748
0.838
0.718
0.158
0.277
0.706
0.11
0.646
0.795
0.046
0.439
0.153
0.774
0.678
0.407
0.486
0.641
0.948
0.804
0.283
0.69
0.815
0.676
0.035
0.62
0.369
0.77
0.578
0.578
0.573
0.214
0.489
0.434
0.874
0.357
0.436
0.363
0.844
0.564
0.937
0.054
0.531
0.602
0.969
0.96
0.329
0.462
0.9
0.525
0.571
0.704
0.231
0.833
0.552
0.779
0.93
0.288
0.899
0.35
0.299
0.396
0.782
0.445
0.724
0.023
0.445
0.408
0.75
0.08
0.859
0.586
0.483
0.694
0
0.036
0.287
0.569
0.896
0.223
0.977
0.625
0.73
0.241
0.009
0.374
0.633
0.805
0.233
0.359
0.057
0.524
0.378
0.524
0.858
0.659
0.824
0.671
0.235
0.943
0.534
0.426
0.261
0.294
0.077
0.051
0.202
0.736
0.361
0.702
0.422
0.218
0.759
0.13
0.557
0.634
0.781
0.151
0.192
0.173
0.053
0.705
0.31
0.119
0.55
0.462
0.102
0.636
0.973
0.696
0.752
0.42
0.686
0.187
0.362
0.254
0.034
0.491
0.685
0.988
0.857
0.05
0.423
0.392
0.463
0.474
0.401
0.515
0.931
0.66
0.666
0.063
0.992
0.953
0.509
0.521
0.062
0.462
0.636
0.585
0.341
0.919
0.713
0.042
0.593
0.906
0.567
0.029
0.473
0.616
0.485
0.703
0.737
0.948
0.913
0.098
0.279
0.255
0.608
0.333
0.643
0.21
0.377
0.045
0.162
0.783
0.233
0.695
0.372
0.801
0.685
0.57
0.431
0.325
0.521
0.366
0.781
0.96
0.276
0.179
0.135
0.693
0.881
0.13
0.017
0.45
0.148
0.523
0.344
0.847
0.263
0.619
0.658
0.528
0.048
0.514
0.268
0.383
0.193
0.774
0.663
