0.945
0.253
0.019
0.826
0.512
0.633
0.793
0.481
0.428
0.328
0.471
0.98
0.77
0.136
0.656
0.17
0.656
0.483
0.726
0.15
0.594
0.529
0.643
0.786
0.963
0.685
0.145
0.007
0.476
0.058
0.453
0.855
0.125
0.734
0.979
0.201
0.738
0.476
0.0
0.553
0.346
0.981
0.887
0.204
0.0
0.844
0.709
0.373
0.242
0.267
0.233
0.696
0.693
0.067
0.643
0.324
0.304
0.24
0.201
0.208
0.146
0.652
0.47
0.371
0.327
0.089
0
0.634
0.748
0.097
0.732
0.18
0.293
0.174
0.429
0.063
0.421
0.451
0.219
0.482
0.838
0.981
0.874
0.343
0.964
0.074
0.391
0.139
0.045
0.885
0.475
0.122
0.482
0.601
0.355
0.354
0.579
0.685
0.37
0.542
0.114
0.137
0.144
0.89
0.956
0.648
0.803
0.471
0.844
0.107
0.265
0.484
0.426
0.329
0.794
0.814
0.071
0.689
0.762
0.323
0.777
0.0
0.383
0.48
0.327
0.013
0.491
0.442
0.408
0.462
0.264
0.751
0.8
0.648
0.117
0.978
0.264
0.149
0.976
0.583
0.354
0.753
0.18
0.237
0.231
0.93
0.217
0.448
0.998
0.529
0.322
0.009
0.324
0.096
0.891
0.464
0.124
0.573
0.562
0.572
0.989
0.482
0.44
0.896
0.158
0.076
0.858
0.951
0.457
0.113
0.969
0.233
0.004
0.34
0.868
0.012
0.782
0.902
0.914
0.698
0.284
0.693
0.852
0.024
0.06
0.529
0.977
0.218
0.755
0.078
0.401
0.302
0.835
0.607
0.923
0.692
0.312
0.7
0.136
0.746
0.989
0.777
0.915
0.271
0.968
0.326
0.483
0.734
0.13
0.616
0.951
0.103
0.653
0.321
0.951
0.34
0.713
0.801
0.396
0.441
0.145
0.44
0.646
0.275
0.239
0.261
0.705
0.433
0.032
0.021
0.296
0.949
0.031
0.119
0.791
0.153
0.984
0.084
0.658
0.209
0.32
0.526
0.672
0.366
0.163
0.33
0.802
0.39
0.543
0.653
0.99
0.682
0.167
0.823
0.043
0.918
0.847
0.166
0.434
0.747
0.535
0.852
0.354
0.601
0.402
0.456
0.12
0.245
0.836
0.878
0.097
0.412
0.296
0.677
0.042
0.436
0.257
0.128
0.198
0.487
0.923
0.243
0.45
0.156
0.77
0.071
0.646
0.551
0.352
0.546
0.882
0.626
0.077
0.618
0.671
0.475
0.3
0.165
0.963
0.576
0.499
0.58
0.189
0.406
0.622
0.703
0.861
0.706
0.902
0.439
0.964
0.824
0.338
0.316
0.414
0.963
0.932
0.039
0.836
0.849
0.189
0.107
0.039
0.595
0.436
0.173
0.406
0.779
0.593
0.824
0.6
0.365
0.849
0.238
0.791
0.915
0.789
0.716
0.331
0.166
0.284
0.761
0.022
0.616
0.605
0.621
0.119
0.98
0.274
0.682
0.733
0.433
0.882
0.204
0.272
0.772
0.72
0.092
0.501
0.218
0.74
0.477
0.313
0.446
0.248
0.777
0.379
0.894
0.288
0.585
0.782
0.375
0.915
0
0.854
0.059
0.16
0.308
0.301
0.71
0.332
0.63
0.754
0.628
0.944
0.876
0.908
0.392
0.136
0.957
0.255
0.758
0.256
0.746
0.352
0.217
0.924
0.526
0.842
0.034
0.597
0.545
0.573
0.544
0.098
0.685
0.129
0.313
0.942
0.008
0.838
0.367
0.385
0.899
0.767
0.898
0.397
0.373
0.537
0.243
0.074
0.912
0.818
0.863
0.411
0.881
0.228
0.152
0.314
0.952
0.428
0.948
0.65
0.472
0.493
0.245
0.342
0.678
0.902
0.647
0.929
0.265
0.729
0
0.312
0.738
0.978
0.003
0.312
0.235
0.593
0.595
0.946
0.175
0.903
0.5
0.618
0.987
0.624
0.194
0.35
0.282
0.224
0.443
0.54
0.263
0.001
0.728
0.695
0.188
0.063
0.866
0.596
0.256
0.269
0.547
0.681
0.138
0.797
0.468
0.342
0.545
0.413
0.489
0.274
0.777
0.34
0.223
0.819
0.489
0.483
0.751
0.218
0.635
0
0.484
0.556
0.982
0.783
0.958
0.228
0.094
0.284
0.355
0.322
0.081
0.985
0.335
0.353
0.482
0.731
0.743
0.808
0.67
0.938
0.303
0.018
0
0.889
0.061
0.273
0.259
0.329
0.474
0.988
0.572
0.238
0.424
0.063
0.148
0.815
0.991
0.225
0.59
0.622
0.305
0.194
0.079
0.226
0.187
0.711
0.401
0.095
0.374
0.953
0.201
0.523
0.585
0.76
0.522
0.834
0.474
0.07
0.368
0.786
0.638
0.565
0.0
0.374
0.864
0.625
0.792
0.484
0.835
0.605
0.047
0.946
0.107
0.669
0.477
0.655
0.557
0.947
0.676
0.443
0.999
0.112
0.36
0.094
0.05
0.247
0.271
0.423
0.965
0.023
0.854
0.489
0.906
0.354
0.099
0.143
0.161
0.113
0.387
0.769
0.619
0.283
0.202
0.062
0.812
0.678
0.444
0.253
0.474
0.967
0.851
0.635
0.233
0.719
0.261
0.726
0.023
0.266
0.078
0.029
0.612
0.362
0.19
0.569
0.908
0.303
0.791
0.08
0.433
0.477
0.859
0.596
0.449
0.645
0.76
0.99
0.024
0.016
0.816
0.492
0.485
0.938
0.557
0.626
0.725
0.195
0.63
0.007
0.181
0.526
0.768
0.908
0.522
0.489
0.859
0.97
0.341
0.397
0.168
0.556
0.652
0.472
0.478
0.942
0.149
0.368
0.377
0.345
0.979
0.346
0.305
0.974
0.767
0.835
0.65
0.248
0.979
0.947
0.12
0.107
0.541
0.015
0.635
0.003
0.487
0.654
0.412
0.767
0.171
0.031
0.78
0.291
0.483
0.053
0.032
0
0.418
0.307
0.768
0.845
0.427
0.76
0.802
0.515
0.056
0.679
0.339
0.598
0.383
0.432
0.189
0.1
0.406
0.18
0.647
0.847
0.488
0.579
0.307
0.542
0.613
0.455
0.127
0.571
0.069
0.323
0.209
0.188
0.633
0.69
0.531
0.133
0.455
0.712
0.526
0.095
0.85
0.645
0.845
0.537
0.895
0.952
0.721
0.022
0.311
0.249
0.687
0.09
0.737
0.334
0.382
0.522
0.083
0.708
0.477
0.877
0.799
0.369
0.27
0.948
0.934
0.665
0.859
0.037
0.573
0.308
0.528
0.098
0.345
0.628
0.697
0.916
0.132
0.038
0.154
0.181
0.289
0.192
0.405
0.513
0.467
0.212
0.351
0.49
0.747
0.589
0.272
0.445
0.457
0.465
0.531
0.675
0.728
0.964
0.214
0.756
0.176
0.957
0.868
0.612
0.15
0.826
0.758
0
0.245
0.68
0.134
0.704
0.994
0.4
0.239
0.528
0.092
0.382
0.978
0.865
0.103
0.802
0.087
0.449
0.943
0.477
0.107
0.359
0.77
0.088
0.277
0.889
0.349
0.039
0.67
0.491
0.353
0
0.636
0.898
0.287
0.801
0.499
0.665
0.282
0.012
0.609
0.892
0.486
0.712
0.575
0.841
0.324
0.321
0.983
0.254
0.771
0.616
0.719
0.834
0.855
0.521
0.212
0.078
0.373
0.911
0.872
0.383
0.502
0.945
0.69
0.985
0.713
0.357
0.597
0.877
0.389
0.78
0.735
0.452
0.332
0.533
0.214
0.368
0.614
0.232
0.68
0.857
0.935
0
0.788
0.286
0.472
0.197
0.492
0.032
0.461
0.459
0.889
0.338
0.793
0.877
0.8
0.713
0.649
0.436
0.813
0.777
0.799
0.255
0.602
0.769
0.773
0.237
0.268
0.93
0.992
0.75
0.023
0.092
0.774
0.018
0.088
0.336
0.966
0.795
0.755
0.263
0.082
0.423
0.73
0.587
0.308
0.332
0.439
0.592
0.143
0.609
0.266
0.351
0.368
0.46
0.122
0.439
0.301
0.292
0.619
0.029
0.475
0.318
0.189
0.376
0.367
0.118
0.019
0.333
0.161
0.039
0.118
0.686
0.09
0.24
0.587
0.965
0.472
0.236
0.899
0.138
0.399
0.624
0.073
0.552
0.585
0.852
0.45
0.235
0.924
0.492
0.343
0.341
0.713
0.575
0.086
0.343
0.301
0.453
0.014
0.602
0.347
0.004
0.387
0.896
0.581
0.36
0.416
0.832
0.015
0.472
0.315
0.467
0.842
0.297
0.47
0.425
0.187
0.971
0.744
0.063
0.673
