0.291
0.555
0.862
0.801
0.266
0.812
0.421
0.608
0.798
0.196
0.765
0.805
0.785
0.937
0.53
0.884
0.964
0.938
0.999
0.805
0.787
0.905
0.875
0.289
0.388
0.687
0.632
0.396
0.381
0.326
0.194
0.522
0.776
0.187
0.355
0.608
0.987
0.063
0.987
0.88
0.108
0.46
0.06
0.248
0.568
0.719
0.69
0.521
0.591
0.976
0.466
0.305
0.595
0.161
0.326
0.458
0.32
0.674
0.229
0.553
0.129
0.771
0.563
0.81
0.022
0.023
0.96
0.038
0.02
0.713
0.757
0.951
0.191
0.076
0.146
0.744
0.318
0.034
0.824
0.403
0.78
0.47
0.739
0.047
0.598
0.727
0.237
0.696
0.204
0.754
0.029
0.664
0.125
0.084
0.386
0.64
0.871
0.195
0.504
0.539
0.062
0.436
0.636
0.275
0.313
0.89
0.362
0.707
0.774
0.3
0.307
0.664
0.224
0.458
0.494
0.476
0.99
0.021
0.571
0.82
0.064
0.092
0.807
0.953
0.326
0.196
0.161
0.991
0.217
0.548
0.216
0.758
0.837
0.335
0.214
0.325
0.935
0.709
0.149
0.023
0.645
0.04
0.246
0.228
0.727
0.155
0.489
0.672
0.558
0.392
0.246
0.517
0.571
0.019
0.625
0.77
0.562
0.389
0.492
0.025
0.211
0.745
0.651
0.397
0.034
0.736
0.479
0.625
0.916
0.98
0.679
0.073
0.154
0.658
0.907
0.166
0.504
0.439
0.148
0.317
0
0.479
0.626
0.486
0.655
0.395
0.354
0.941
0.092
0.367
0.702
0.931
0.017
0.507
0.335
0.752
0.829
0.335
0.915
0.888
0.78
0.162
0.804
0.843
0.483
0.628
0.213
0.28
0.347
0.668
0.81
0.886
0.979
0.136
0.379
0.698
0.187
0.973
0.382
0.2
0.769
0.56
0.906
0.699
0.493
0.217
0.351
0.385
0.968
0.422
0.757
0.885
0.501
0.703
0.275
0.473
0.961
0.936
0.073
0.097
0.41
0.156
0.88
0.94
0.906
0.964
0.829
0.913
0.573
0.984
0.91
0.241
0.038
0.013
0.465
0.985
0.345
0.14
0.019
0.592
0.363
0.864
0.065
0.328
0.103
0.143
0.936
0.52
0.292
0.659
0.86
0.391
0.396
0.284
0.364
0.858
0.633
0.503
0.2
0.289
0.168
0.253
0.747
0.396
0.766
0.07
0.253
0.637
0.979
0.615
0.627
0.962
0.871
0.407
0.965
0.224
0.083
0.459
0.491
0.733
0.17
0.268
0.053
0.232
0.457
0.229
0.967
0.591
0.155
0.639
0.491
0.203
0.403
0.057
0.335
0.342
0.253
0.617
0.273
0.783
0.363
0.019
0.156
0.883
0.389
0.125
0.475
0.877
0.627
0.714
0.099
0.396
0.832
0.085
0.673
0.752
0.835
0.843
0.907
0.062
0.662
0.131
0.32
0.204
0.581
0.37
0.733
0.593
0.624
0.746
0.905
0.547
0.469
0.548
0.43
0.678
0.767
0.508
0.31
0.192
0.205
0.697
0.163
0.818
0.998
0.284
0.443
0.496
0.115
0.899
0.535
0.429
0.878
0.843
0.862
0.466
0.786
0.138
0.064
0.14
0.218
0.609
0.568
0.346
0.002
0.422
0.868
0.823
0.112
0.445
0.036
0.312
0.233
0.528
0.715
0.178
0.897
0.807
0.128
0.76
0.131
0.07
0.318
0.025
0.101
0.605
0.091
0.981
0.041
0.17
0.683
0.154
0.976
0.309
0.113
0.479
0.381
0.769
0.139
0.813
0.537
0.627
0.75
0.844
0.262
0.808
0.286
0.737
0.124
0.542
0.807
0.356
0.489
0.895
0.269
0.478
0.034
0.417
0.215
0.305
0.802
0.345
0.579
0.789
0.647
0.643
0.587
0.541
0.709
0.109
0.51
0.709
0.246
0.622
0.195
0.753
0.738
0.229
0.117
0.744
0.854
0.505
0.461
0.132
0.773
0.048
0.342
0.388
0.355
0.594
0.072
0.454
0.141
0.099
0.23
0.858
0.012
0.25
0.029
0.209
0.994
0.265
0.244
0.565
0.387
0.645
0.943
0.333
0.667
0.792
0.036
0.544
0.625
0.769
0.33
0.761
0.434
0.356
0.565
0.19
0.057
0.758
0.949
0.562
0.542
0.536
0.073
0.1
0.871
0.056
0.489
0.525
0.651
0.31
0.997
0.996
0.469
0.076
0.041
0.182
0.985
0.635
0.682
0.344
0.716
0.543
0.653
0.535
0.816
0.392
0.26
0.925
0.342
0.043
0.853
0.755
0.333
0.666
0.147
0.703
0.762
0.388
0.61
0.161
0.825
0.966
0.466
0.267
0.423
0.026
0.822
0.924
0.022
0.548
0.218
0.74
0.29
0.359
0.074
0.931
0.885
0.889
0.576
0.475
0.01
0.856
0.463
0.338
0.301
0.465
0.986
0.6
0.669
0.25
0.176
0.18
0.576
0.552
0.508
0.937
0.095
0.662
0.446
0.036
0.344
0.387
0.707
0.517
0.849
0.148
0.423
0.197
0.564
0.287
0.848
0.372
0.058
0.439
0.94
0.221
0.366
0.171
0.721
0.342
0.864
0.627
0.45
0.663
0.59
0.712
0.487
0.786
0.617
0.482
0.917
0.335
0.016
0.589
0.911
0.354
0.373
0.547
0.396
0.293
0.079
0.246
0.693
0.852
0.018
0.736
0.316
0.058
0.837
0.975
0.861
0.949
0.118
0.274
0.423
0.607
0.466
0.062
0.238
0.006
0.787
0.41
0.349
0.22
0.106
0.813
0.881
0.609
0.247
0.778
0.155
0.095
0.969
0.47
0.315
0.056
0.185
0.953
0.287
0.882
0.517
0.245
0.41
0.914
0.698
0.362
0.693
0.099
0.621
0.398
0.027
0.437
0.035
0.628
0.762
0.939
0.456
0.546
0.071
0.642
0.428
0.969
0.843
0.218
0.871
0.5
0.555
0.162
0.299
0.925
0.91
0.273
0.821
0.876
0.325
0.755
0.799
0.339
0.397
0.543
0.735
0.15
0.83
0.023
0.799
0.675
0.852
0.504
0.41
0.221
0.159
0.594
0.086
0.512
0.987
0.368
0.416
0.064
0.13
0.328
0.285
0.051
0.589
0.026
0.745
0.004
0.722
0.06
0.225
0.027
0.296
0.534
0.372
0.79
0
0.109
0.593
0.649
0.17
0.9
0.961
0.143
0.399
0.1
0.334
0.36
0.23
0.171
0.232
0.502
0.061
0.624
0.798
0.304
0.443
0.836
0.04
0.629
0.666
0.395
0.398
0.795
0.052
0.298
0.914
0.183
0.452
0.607
0.444
0.773
0.91
0.485
0.704
0.818
0.959
0.935
0.573
0.28
0.438
0.748
0.571
0.188
0.811
0.636
0.897
0.902
0.121
0.602
0.069
0.069
0.416
0.503
0.9
0.241
0.098
0.348
0.495
0.989
0.018
0.743
0.959
0.835
0.805
0.981
0.096
0.473
0.619
0.59
0.859
0.977
0.856
0.522
0.674
0.682
0.811
0.002
0.546
0.275
0.748
0.385
0.603
0.182
0.981
0.946
0.384
0.041
0.476
0.329
0.675
0.688
0.956
0.541
0.885
0.619
0.055
0.37
0.089
0.572
0.051
0.309
0.647
0.875
0.261
0.254
0.955
0.736
0.113
0.032
0.877
0.519
0.924
0.657
0.192
0.002
0.341
0.762
0.731
0.078
0.528
0.492
0.669
0.82
0.701
0.774
0.278
0.597
0.564
0.683
0.62
0.159
0.741
0.599
0.583
0.253
0.038
0.317
0.301
0.937
0.03
0.088
0.148
0.323
0.332
0.569
0.127
0.563
0.434
0.837
0.223
0.705
0.97
0.011
0.267
0.075
0.578
0.034
0.282
0.3
0.686
0.102
0.31
0.071
0.805
0.012
0.821
0.209
0.038
0.924
0.584
0.382
0.204
0.387
0.586
0.401
0.135
0.198
0.19
0.322
0.253
0.851
0.182
0.788
0.133
0.612
0.272
0.934
0.478
0.838
0.211
0.601
0.726
0.882
0.451
0.206
0.742
0.318
0.47
0.089
0.998
0.648
0.336
0.809
0.141
0.944
0.801
0.307
0.154
0.451
0.315
0.963
0.287
0.278
0.248
0.964
0.865
0.258
0.985
0.445
0.91
0.972
0.008
0.208
0.51
0.196
0.393
0.217
0.5
0.4
0.707
0.692
0.518
0.92
0.698
0.451
0.839
0.718
0.743
0.679
0.806
0.463
0.168
0.269
0.172
0.969
0.675
0.155
0.686
0.607
0.998
0.441
0.33
0.701
0.19
0.505
0.29
0.978
