0.795
0.714
0.055
0.756
0.382
0.436
0.626
0.683
0.007
0.932
0.949
0.118
0.9
0.466
0.752
0.417
0.203
0.772
0.708
0.928
0.156
0.413
0.291
0.321
0.826
0.567
0.768
0.133
0.119
0.311
0.475
0.546
0.809
0.186
0.785
0.782
0.19
0.868
0.875
0.175
0.03
0.686
0.511
0.149
0.965
0.024
0.324
0.246
0.086
0.344
0.92
0.692
0.515
0.923
0.751
0.313
0.513
0.055
0.32
0.357
0.713
0.192
0.932
0.719
0.817
0.457
0.0
0.06
0.755
0.15
0.545
0.142
0.702
0.374
0.716
0.934
0.484
0.164
0.614
0.97
0.492
0.475
0.519
0.179
0.244
0.743
0.843
0.957
0.15
0.987
0.522
0.362
0.215
0.819
0.941
0.669
0.411
0.512
0.527
0.755
0.06
0.894
0.055
0.378
0.711
0.377
0.24
0.265
0.676
0.441
0.888
0.162
0.771
0.579
0.234
0.444
0.613
0.246
0.922
0.293
0.229
0.922
0.8
0.526
0.298
0.492
0.121
0.661
0.932
0.7
0.867
0.973
0.177
0.159
0.626
0.593
0.839
0.613
0.409
0.468
0.319
0.887
0.461
0.455
0.728
0.328
0.216
0.763
0.993
0.482
0.173
0.387
0.377
0.409
0.283
0.639
0.85
0.104
0.639
0.509
0.402
0.435
0.923
0.749
0.433
0.531
0.643
0.099
0.894
0.394
0.528
0.97
0.995
0.117
0.201
0.695
0.523
0.436
0.164
0.156
0.303
0.481
0.634
0.659
0.152
0.662
0.872
0.716
0.98
0.844
0.666
0.95
0.882
0.246
0.826
0.065
0.309
0.24
0.033
0.715
0.549
0.623
0.812
0.328
0.517
0.704
0.614
0.286
0.487
0.005
0.169
0.203
0.172
0.281
0.669
0.221
0.286
0.974
0.238
0.21
0.594
0.813
0.574
0.13
0.094
0.839
0.696
0.541
0.862
0.043
0.426
0.61
0.22
0.072
0.73
0.737
0.352
0.277
0.942
0.264
0.682
0.159
0.714
0.126
0.58
0.051
0.755
0.42
0.627
0.398
0.095
0.465
0.05
0.177
0.061
0.23
0.873
0.869
0.194
0.063
0.704
0.596
0.212
0.593
0.158
0.993
0.764
0.811
0.928
0.437
0.716
0.137
0.983
0.181
0.944
0.945
0.035
0.922
0.205
0.457
0.06
0.58
0.272
0.047
0.454
0.198
0.383
0.49
0.855
0.343
0.062
0.534
0.461
0.239
0.763
0.905
0.074
0.087
0.53
0.479
0.935
0.173
0.606
0.449
0.886
0.231
0.418
0.744
0.232
0.104
0.887
0.376
0.062
0.907
0.019
0.055
0.185
0.994
0.621
0.54
0.52
0.405
0.313
0.316
0.361
0.531
0.699
0.677
0.5
0.108
0.742
0.748
0.455
0.262
0.797
0.208
0.138
0.705
0.294
0.351
0.763
0.081
0.577
0.493
0.27
0.759
0.462
0.189
0.234
0.753
0.436
0.4
0.22
0.79
0
0.39
0.548
0.522
0.547
0.88
0.165
0.675
0.135
0.199
0.931
0.664
0.905
0.891
0.567
0.188
0.225
0.669
0.966
0.14
0.115
0.784
0.405
0.109
0.052
0.031
0.29
0.948
0.713
0.77
0.617
0.16
0.072
0.272
0.918
0.536
0.451
0.62
0.595
0.093
0.185
0.021
0.679
0.756
0.075
0.292
0.923
0.812
0.5
0.677
0.211
0
0.515
0.482
0.662
0.815
0.873
0.439
0.403
0.927
0.006
0.083
0.696
0.119
0.481
0.866
0.483
0.695
0.678
0.002
0.546
0.398
0.537
0.376
0.371
0.68
0.394
0.366
0.535
0.902
0.0
0.001
0.08
0.981
0.082
0.641
0.435
0.962
0.875
0.118
0.803
0.148
0.302
0.185
0.491
0.026
0.0
0.98
0.314
0.465
0.849
0.434
0.79
0.982
0.757
0.598
0.384
0.293
0.122
0.971
0.095
0.289
0.002
0.235
0.25
0.194
0.368
0.613
0.534
0.222
0.174
0.59
0.353
0.155
0.92
0.198
0.977
0.112
0.369
0.643
0.639
0.94
0.101
0.098
0.009
0.297
0.023
0.126
0.195
0.458
0.987
0.778
0.202
0.486
0.258
0.472
0.523
0.311
0.29
0.047
0.421
0.423
0.18
0.819
0.386
0.308
0.085
0.844
0.708
0.744
0.495
0.258
0.736
0.241
0.54
0.839
0
0.047
0.909
0.335
0.513
0.455
0.615
0.026
0.38
0.238
0.813
0.366
0.281
0.132
0.534
0.847
0.517
0.635
0.144
0.305
0.173
0.876
0.33
0
0.197
0.908
0.269
0.47
0.777
0.529
0.188
0.796
0.174
0.517
0.746
0.683
0.63
0.009
0.599
0.408
0.294
0.006
0.201
0.117
0.567
0.177
0.657
0.201
0.842
0.081
0.372
0.882
0.303
0.389
0.285
0.667
0.985
0.158
0.089
0.544
0.031
0.937
0.534
0.213
0.842
0.022
0.228
0.857
0.831
0.03
0.718
0.949
0.995
0.954
0.324
0
0.513
0.404
0.703
0.037
0.384
0.344
0.559
0.288
0.612
0.128
0.802
0.543
0.298
0.618
0.913
0.746
0.003
0.858
0.723
0.761
0.903
0.456
0.93
0.376
0.886
0.711
0.496
0.914
0.099
0.088
0.823
0.644
0.447
0.648
0.699
0.613
0.129
0.203
0.932
0.484
0.413
0.695
0.074
0.997
0.108
0.274
0.991
0.423
0.053
0.696
0.707
0.514
0.345
0.452
0.869
0.943
0.463
0.771
0.621
0.481
0.544
0.04
0.885
0.538
0.952
0.433
0.904
0.161
0.757
0.363
0.716
0
0.499
0.394
0.816
0.435
0.568
0.312
0.73
0.098
0.712
0.718
0.287
0.973
0.595
0.764
0.398
0.704
0.552
0.599
0.767
0.028
0.993
0.287
0.725
0.055
0.216
0.964
0.852
0.048
0.869
0.244
0.258
0.062
0.834
0.326
0.275
0.022
0.285
0.806
0.006
0.645
0.857
0.821
0.38
0.849
0.71
0.128
0.783
0.681
0.815
0.382
0.903
0.989
0.465
0.713
0.624
0.684
0.781
0.274
0.521
0.047
0.874
0.524
0.558
0.212
0.961
0.736
0.64
0.994
0.142
0.293
0.868
0.553
0.012
0.88
0.184
0.318
0.714
0.421
0.157
0.864
0.98
0.146
0.818
0.734
0.733
0.792
0.402
0.58
0.487
0.047
0.249
0.902
0.939
0.376
0.923
0.603
0.708
0.417
0.993
0.402
0.831
0.048
0.951
0.751
0.651
0.32
0.226
0.78
0.281
0.905
0.788
0.57
0.198
0.978
0.603
0.949
0.088
0.217
0.574
0.587
0.376
0.031
0.68
0.336
0.251
0.499
0.447
0.91
0.586
0.158
0.346
0.083
0.584
0.44
0.238
0.665
0.573
0.938
0.303
0.043
0.75
0.797
0.04
0.877
0.491
0.578
0.888
0.63
0.799
0.135
0.134
0.899
0.465
0.801
0.498
0.926
0.606
0.917
0.499
0.038
0.358
0.392
0.274
0.485
0.596
0.807
0.783
0.597
0.329
0.513
0.184
0.905
0.776
0.668
0.722
0.616
0.407
0.352
0.031
0.159
0.384
0.352
0.142
0.084
0.975
0.962
0.51
0.128
0.718
0.467
0.841
0.812
0.354
0.026
0.297
0.352
0.521
0.862
0.235
0.047
0.157
0.307
0.633
0.128
0.981
0.62
0.845
0.61
0.462
0.508
0.902
0.846
0.914
0.144
0.14
0.253
0.364
0.236
0.083
0.354
0.993
0.475
0.835
0.754
0.465
0.768
0.378
0.588
0.693
0.91
0.337
0.579
0.049
0.2
0
0.047
0.09
0.205
0.295
0.74
0.783
0.908
0.719
0.018
0.89
0.924
0.676
0.213
0.074
0.735
0.169
0.901
0.957
0.207
0.368
0.663
0.766
0.378
0.645
0.998
0.912
0.284
0.493
0.569
0.842
0.891
0.025
0.608
0.552
0.149
0.558
0.11
0.141
0.751
0.807
0.219
0.373
0.606
0
0.021
0.783
0.592
0.877
0.702
0.565
0.309
0.008
0.313
0.08
0.582
0.644
0.776
0.969
0.369
0.605
0.356
0.675
0.235
0.897
0.153
0.547
0.619
0.212
0.341
0.055
0.689
0.401
0.034
0.175
0.022
0.129
0.638
0.692
0.175
0.661
0.609
0.652
0.827
0.546
0.477
0.414
0.291
0.736
0.376
0.14
0.971
0.357
0.481
0.115
0.652
0.023
0.321
