0.665
0.712
0.461
0.505
0.038
0.064
0.78
0.109
0.995
0.525
0.825
0.089
0.306
0.02
0.254
0.352
0.005
0.799
0.953
0.233
0.352
0.566
0.803
0.447
0.997
0.786
0.11
0.022
0.683
0.99
0.871
0.641
0.144
0.509
0.102
0.803
0.85
0.626
0.766
0.578
0.712
0.16
0.611
0.435
0.938
0.543
0.697
0.871
0.905
0.538
0.137
0.44
0.328
0.96
0.687
0.501
0.662
0.885
0.936
0.839
0.965
0.745
0.145
0.956
0.502
0.441
0.436
0.571
0.608
0.433
0.625
0.667
0.243
0.852
0.564
0.342
0.561
0.605
0.583
0.354
0.387
0.588
0.294
0.103
0.661
0.871
0.721
0.384
0.479
0.459
0.042
0.38
0.497
0.911
0.415
0.201
0.14
0.236
0.641
0.108
0.062
0.814
0.625
0.542
0.989
0.848
0.292
0.472
0.737
0.544
0.23
0.028
0.34
0.065
0.429
0.554
0.102
0.755
0.706
0.995
0.609
0.586
0.733
0.036
0.412
0.966
0.979
0.512
0.872
0.457
0.537
0.218
0.839
0.575
0.7
0.339
0.028
0.774
0.708
0.652
0.477
0.912
0.97
0.782
0.86
0.219
0.942
0.843
0.391
0.981
0.962
0.09
0.326
0.949
0.446
0.463
0.825
0.49
0.577
0.031
0.232
0.831
0.549
0.517
0.695
0.342
0.645
0.99
0.597
0.669
0.653
0.559
0.008
0.1
0.511
0.635
0.949
0.228
0.4
0.626
0.667
0.74
0.198
0.666
0.371
0.867
0.162
0.945
0.516
0.702
0.912
0.821
0.469
0.468
0.048
0.163
0.817
0.884
0.998
0.504
0.328
0.024
0.908
0.788
0.061
0.856
0.307
0.426
0.106
0.804
0.156
0.389
0.549
0.037
0.295
0.433
0.462
0.33
0.867
0.57
0.844
0.724
0.972
0.148
0.208
0.535
0.505
0.451
0.439
0.19
0.07
0.754
0.177
0.597
0.23
0.263
0.049
0.872
0.008
0.297
0.629
0.829
0.296
0.779
0.807
0.172
0.137
0.335
0.928
0.365
0.009
0.752
0.642
0.148
0.879
0.337
0.976
0.064
0.487
0.106
0.799
0.297
0.305
0.274
0.365
0.426
0.209
0.409
0.773
0.877
0.635
0.148
0.485
0.326
0.669
0.395
0.927
0.282
0.159
0.983
0.279
0.094
0.934
0.109
0.039
0.028
0.257
0.683
0.498
0.986
0.079
0.994
0.118
0.709
0.783
0.636
0.186
0.996
0.456
0.696
0.213
0.046
0.25
0.212
0.017
0.19
0.172
0.757
0.292
0.469
0.554
0.101
0.468
0.682
0.494
0.217
0.908
0.304
0.833
0.303
0.965
0.257
0.216
0.343
0.034
0.444
0.98
0.524
0.705
0.457
0.526
0.566
0.573
0.619
0.023
0.577
0.751
0.179
0.211
0.87
0.346
0.109
0.77
0.535
0.551
0.236
0.489
0.394
0.544
0.869
0.722
0.16
0.7
0.137
0.153
0.119
0.138
0.416
0.941
0.82
0.546
0.2
0.97
0.133
0.067
0.134
0.887
0.397
0.889
0.007
0.197
0.232
0.003
0.125
0.81
0.351
0.768
0.651
0.383
0.502
0.17
0.546
0.592
0.125
0.691
0.839
0.073
0.323
0.703
0.131
0.183
0.405
0.283
0.474
0.584
0.07
0.117
0.557
0.526
0.107
0.717
0.566
0.984
0.783
0.506
0.474
0.74
0.11
0.568
0.061
0.682
0.032
0.118
0.621
0.705
0.635
0.289
0.211
0.81
0.683
0.714
0.757
0.133
0.038
0.093
0.682
0.668
0.899
0.166
0.754
0.974
0.064
0.474
0.577
0.111
0.01
0.008
0.405
0.169
0.78
0.41
0.555
0.991
0.149
0.008
0
0.925
0.042
0.031
0.66
0.375
0.776
0.306
0.72
0.759
0.302
0.075
0.145
0.314
0.392
0.406
0.661
0.558
0.15
0.548
0.602
0.299
0.367
0.679
0.262
0.125
0.26
0.35
0.486
0.961
0.768
0.729
0.434
0.71
0.877
0.891
0.396
0.06
0.046
0.759
0.259
0.769
0.145
0.207
0.837
0.485
0.833
0.377
0.79
0.112
0.863
0.038
0.193
0.727
0.984
0.154
0.854
0.167
0.821
0.611
0.53
0.41
0.452
0.073
0.943
0.742
0.025
0.463
0.217
0.575
0.457
0.17
0.575
0.689
0.234
0.075
0.735
0.419
0.397
0.182
0.422
0.565
0.908
0.062
0.514
0.095
0.058
0.835
0.244
0.26
0.165
0.784
0.075
0.478
0.643
0.724
0.894
0.056
0.739
0.396
0.716
0.801
0.29
0.847
0.502
0.428
0.938
0.711
0.962
0.2
0.763
0.229
0.714
0.71
0.459
0.443
0.483
0.089
0.455
0.421
0.344
0.874
0.578
0.655
0.497
0.11
0.174
0.061
0.049
0.196
0.445
0.053
0.389
0.953
0.041
0.429
0.487
0.615
0.977
0.963
0.245
0.534
0.426
0.232
0.961
0.456
0.656
0.926
0.137
0.374
0.677
0.503
0.077
0.907
0.593
0.149
0.412
0.395
0.68
0.794
0.086
0.283
0.477
0.599
0.377
0.724
0.935
0.06
0.11
0.425
0.414
0.553
0.636
0.102
0.194
0.282
0.194
0.285
0.776
0.725
0.876
0.005
0.671
0.235
0.419
0.759
0.309
0.472
0.869
0.284
0.009
0.348
0.496
0.799
0.112
0.068
0.326
0.539
0.001
0.18
0.547
0.76
0.185
0.337
0.399
0.606
0.419
0.564
0.253
0.916
0.821
0.802
0.756
0.556
0.468
0.851
0.654
0.002
0.925
0.099
0.387
0.351
0.176
0.107
0.919
0.863
0.775
0.449
0.959
0.009
0.261
0.858
0.497
0.815
0.796
0.331
0.537
0.509
0.811
0.779
0.195
0.053
0.202
0.907
0.479
0.681
0.186
0.664
0.28
0.775
0.496
0.276
0.162
0.857
0.075
0.935
0.392
0.871
0.49
0.825
0.081
0.812
0.212
0.821
0.06
0.886
0.676
0.062
0.841
0.552
0.251
0.059
0.257
0.661
0.585
0.057
0.128
0.336
0.118
0.75
0.653
0.4
0.357
0.078
0.036
0.405
0.064
0.081
0.701
0.01
0.838
0.386
0.423
0.928
0.632
0.052
0.915
0.975
0.167
0.101
0.27
0.499
0.487
0.303
0.558
0.079
0.517
0.213
0.595
0.104
0.925
0.86
0.234
0.56
0.556
0.971
0.324
0.847
0.778
0.525
0.177
0.852
0.679
0.87
0.223
0.225
0.821
0.257
0.057
0.316
0.294
0.958
0.11
0.413
0.325
0.849
0.393
0.739
0.083
0.436
0.088
0.466
0.668
0.943
0.165
0.391
0.663
0.41
0.316
0.2
0.329
0.131
0.451
0.248
0.569
0.876
0.723
0.473
0.46
0.337
0.778
0.571
0.215
0.197
0.639
0.795
0.004
0.753
0.795
0.296
0.05
0.801
0.913
0.94
0.655
0.592
0.793
0.801
0.312
0.599
0.357
0
0.573
0.8
0.215
0.024
0.351
0.276
0.716
0.66
0.167
0.634
0.143
0.484
0.114
0.688
0.743
0.487
0.048
0.636
0.642
0.149
0.906
0.14
0.627
0.965
0.172
0.178
0.068
0.067
0.512
0.903
0.08
0.595
0.422
0.707
0.357
0.572
0.824
0.616
0.922
0.497
0.361
0.314
0.091
0.423
0.643
0.643
0.754
0.464
0.323
0.479
0.338
0.973
0.036
0.878
0.256
0.505
0.432
0.126
0.395
0.408
0.223
0.422
0.667
0.145
0.968
0.151
0.37
0.192
0.221
0.584
0.969
0.707
0.053
0.577
0.588
0.673
0.103
0.651
0.363
0.27
0.149
0.975
0.724
0.217
0.777
0.36
0.673
0.792
0.684
0.523
0.316
0.507
0.334
0.015
0.48
0.658
0.406
0.066
0.588
0.41
0.587
0.252
0.033
0.281
0.622
0.125
0.491
0.566
0.639
0.22
0.93
0.625
0.003
0.259
0.651
0.37
0.577
0.792
0.615
0.492
0.901
0.874
0.937
0.614
0.787
0.936
0.231
0.392
0.529
0.766
0.418
0.743
0.362
0.006
0.3
0.449
0.011
0.23
0.262
0.543
0.699
0.92
0.303
0.048
0.483
0.578
0.056
0.864
0.881
0.127
0.593
0.021
0.279
0.289
0.906
0.392
0.796
0.818
0.103
0.952
0.295
0.526
0.244
0.59
0.173
0.506
0.153
0.828
0.862
0.896
0.69
0.766
0.881
