0.668
0.74
0.689
0.858
0.464
0.209
0.414
0.024
0.833
0.367
0.603
0.546
0.938
0.028
0.693
0.119
0.032
0.515
0.042
0.89
0.774
0.8
0.211
0.785
0.352
0.094
0.459
0.501
0.147
0.1
0.321
0.013
0.118
0.604
0.351
0.752
0.625
0.137
0.47
0.64
0.585
0.358
0.849
0.222
0.915
0.079
0.165
0.364
0.677
0.677
0.536
0.305
0.359
0.302
0.707
0.294
0.034
0.622
0.273
0.783
0.782
0.646
0.218
0.514
0.73
0.681
0.973
0.776
0.867
0.665
0.032
0.288
0.537
0.224
0.965
0.239
0.861
0.906
0.569
0.347
0.603
0.584
0.64
0.793
0.18
0.779
0.516
0.73
0.467
0.174
0.603
0.763
0.24
0.893
0.627
0.568
0.528
0.572
0.486
0.447
0.723
0.021
0.802
0.872
0.865
0.232
0.606
0.22
0.765
0.146
0.505
0.754
0.874
0.495
0.073
0.24
0.571
0.434
0.35
0.728
0.858
0.459
0.176
0.901
0.53
0.63
0.172
0.194
0.139
0.203
0.375
0.78
0.494
0.764
0.061
0.643
0.677
0.171
0.419
0.839
0.363
0.659
0.932
0.531
0.182
0.324
0.728
0.609
0.201
0.887
0.166
0.852
0.999
0.674
0.511
0.176
0.296
0.598
0.94
0.664
0.116
0.307
0.156
0
0.823
0.733
0.447
0.776
0.69
0.019
0.506
0.675
0.325
0.136
0.65
0.029
0.618
0.801
0.689
0.481
0.146
0.04
0.809
0.666
0.769
0.39
0.934
0.62
0.565
0.719
0.621
0.369
0.234
0.558
0.198
0.43
0.742
0.299
0.969
0.12
0.413
0.943
0.235
0.403
0.533
0.597
0.988
0.712
0.065
0.158
0.783
0.579
0.936
0.76
0.847
0.629
0.21
0.437
0.643
0.516
0.3
0.868
0.992
0.319
0.627
0.315
0.84
0.688
0.508
0.728
0.443
0.871
0.182
0.406
0.499
0.326
0.361
0.001
0.212
0.108
0.449
0.218
0.452
0.977
0.653
0.714
0.787
0.556
0.849
0.167
0.996
0.159
0.331
0.444
0.973
0.594
0.808
0.803
0.013
0.196
0.279
0.241
0.162
0.88
0.756
0.247
0.505
0.563
0.151
0.736
0.465
0.672
0.694
0.994
0.298
0.192
0.201
0.762
0.842
0.374
0.166
0.429
0.373
0.24
0.327
0.923
0.167
0.439
0.565
0.067
0.741
0.376
0.625
0.096
0.922
0.635
0.982
0.06
0.493
0.06
0.546
0.927
0.528
0.154
0.115
0.354
0.167
0.493
0.152
0.217
0.615
0.408
0.537
0.905
0.588
0.289
0.796
0.835
0.26
0.208
0.194
0.078
0.025
0.555
0.925
0.079
0.135
0.985
0.71
0.106
0.426
0.933
0.199
0.189
0.584
0.767
0.735
0.773
0.839
0.386
0.554
0.388
0.881
0.085
0.582
0.661
0.508
0.589
0.843
0.333
0.328
0.67
0.007
0.159
0.18
0.037
0.767
0.06
0.096
0.896
0.243
0.833
0.285
0.083
0.538
0.069
0.082
0.4
0.157
0.471
0.772
0.612
0.284
0.114
0.565
0.687
0.282
0.085
0.754
0.885
0.481
0.828
0.946
0.371
0.583
0.053
0.846
0.706
0.952
0.284
0.118
0.648
0.165
0.347
0.73
0.925
0.068
0.508
0.409
0.71
0.31
0.525
0.872
0.181
0.828
0.976
0.153
0.3
0.764
0.048
0.361
0.468
0.287
0.868
0.151
0.933
0.893
0.609
0.636
0.495
0.38
0.398
0.857
0.528
0.369
0.987
0.291
0.886
0.107
0.79
0.356
0.953
0.434
0.299
0.276
0.885
0.33
0.579
0.763
0.961
0.817
0.541
0.312
0.392
0.729
0.312
0.931
0.808
0.194
0.34
0.735
0.109
0.893
0
0.392
0.776
0.209
0.156
0.754
0.755
0.596
0.555
0.769
0.896
0.509
0.897
0.238
0.117
0.837
0.227
0.759
0.545
0.615
0.696
0.2
0.358
0.449
0.254
0.092
0.308
0.677
0.286
0.192
0.082
0.518
0.277
0.34
0.131
0.522
0.727
0.67
0.049
0.84
0.088
0.662
0.486
0.86
0.109
0.576
0.808
0.934
0.471
0.547
0.1
0.779
0.608
0.239
0.492
0.934
0.422
0.014
0.331
0.83
0.611
0.699
0.167
0.639
0.594
0.78
0.628
0.814
0.494
0.112
0.065
0.037
0.1
0.277
0.572
0.037
0.068
0.781
0.759
0.124
0.116
0.292
0.206
0
0.216
0.935
0.051
0.844
0.868
0.466
0.309
0.344
0.456
0.109
0.447
0.837
0.653
0.822
0.076
0.641
0.17
0.883
0.352
0.721
0.116
0.402
0.658
0.138
0.683
0.923
0.5
0.83
0.769
0.496
0.342
0.033
0.229
0.338
0.085
0.741
0.095
0.343
0.241
0.34
0.491
0.074
0.355
0.237
0
0.76
0.547
0.842
0.618
0.386
0.374
0.124
0.519
0.364
0.063
0.346
0.949
0.521
0.678
0.685
0.964
0.673
0.411
0.025
0.859
0.762
0.083
0.264
0.638
0.526
0.914
0.803
0.303
0.453
0.125
0.717
0.552
0.559
0.935
0.762
0.189
0.549
0.731
0.358
0.395
0.769
0.982
0.751
0.446
0.934
0.431
0.676
0.43
0.113
0.35
0.582
0.523
0.795
0.388
0.506
0.656
0.85
0.933
0.966
0.479
0.274
0.01
0.105
0.947
0.069
0.991
0.852
0.232
0.388
0.596
0.012
0.82
0.159
0.327
0.815
0.929
0.18
0.292
0.877
0.157
0.928
0.423
0.545
0.156
0.554
0.083
0.799
0.894
0.054
0.626
0.717
0.968
0.057
0.999
0.755
0.702
0.246
0.879
0.896
0.598
0.155
0.527
0.651
0.653
0.748
0.283
0.401
0.569
0.962
0.479
0.773
0.152
0.0
0.623
0.582
0.281
0.167
0.88
0.308
0.252
0.491
0.188
0.373
0.272
0.144
0.241
0.608
0.012
0.767
0.017
0.5
0.47
0.902
0.084
0.966
0.253
0.844
0.502
0.231
0.224
0.48
0.561
0.548
0.497
0.767
0.791
0.545
0.628
0.668
0.886
0.088
0.395
0.359
0.055
0.289
0.299
0.39
0.991
0.334
0.458
0.401
0.723
0.723
0.328
0.09
0.551
0.816
0.261
0.405
0.431
0.754
0.945
0.569
0.279
0.61
0.126
0.976
0.465
0.518
0.96
0.285
0.772
0.025
0.08
0.977
0.884
0.043
0.257
0.857
0.296
0.423
0.358
0.277
0.836
0.313
0.718
0.005
0.479
0.429
0.359
0.573
0.911
0.228
0.655
0.164
0.911
0.171
0.785
0.614
0.606
0.795
0.778
0.791
0.48
0.724
0.521
0.472
0.182
0.921
0.057
0.715
0.14
0.99
0.648
0.661
0.05
0.206
0.586
0.665
0.318
0.52
0.361
0.934
0.597
0.166
0.253
0.934
0.59
0.307
0.032
0.776
0.507
0.656
0.261
0.456
0.499
0.835
0.404
0.246
0.209
0.752
0.227
0.669
0.895
0.257
0.47
0.066
0.542
0.681
0.701
0.433
0.103
0.401
0.565
0.781
0.815
0.605
0.566
0.355
0.011
0.83
0.635
0.41
0.859
0.787
0.392
0.941
0.125
0.725
0.98
0.956
0.192
0.292
0.636
0.846
0.041
0.883
0.101
0.086
0.361
0.972
0.023
0.951
0.68
0.771
0.814
0.696
0.201
0.503
0.037
0.311
0.381
0.418
0.44
0.642
0.179
0.612
0.069
0.833
0.907
0.814
0.579
0.832
0.899
0.828
0.775
0.155
0.864
0.607
0.022
0.287
0.349
0.307
0.879
0.217
0.238
0.398
0.44
0.638
0.435
0.39
0.325
0.837
0.152
0.182
0.706
0.214
0.647
0.966
0.653
0.222
0.146
0.508
0.956
0.675
0.868
0.972
0.108
0.837
0.409
0.317
0.586
0.164
0.24
0.719
0.115
0.263
0.951
0.691
0.875
0.03
0.791
0.345
0.936
0.392
0.859
0.344
0.551
0.723
0.745
0.897
0.381
0.849
0.654
0.229
0.045
0.388
0.355
0.071
0.74
0.575
0.173
0.355
0.995
0.52
0.824
0.685
0.695
0.904
0.345
0.378
0.024
0.987
0.142
0.368
0.494
0.079
0.108
0.091
0.239
0.961
0.656
0.449
0.097
0.726
0.742
0.203
0.606
0.092
0.245
0.041
0.887
0.526
0.502
0.703
0.722
0.587
0.354
