0.101
0.118
0.089
0.934
0.399
0.587
0.321
0.011
0.605
0.612
0.236
0.623
0.568
0.686
0.221
0.305
0.979
0.675
0.707
0.563
0.191
0.793
0.822
0.06
0.125
0.299
0.593
0.948
0.906
0.9
0.933
0.416
0.562
0.142
0.691
0.104
0.862
0.63
0.745
0.674
0.524
0.557
0.463
0.471
0.56
0.635
0.411
0.991
0.839
0.99
0.016
0.414
0.369
0.245
0.13
0.794
0.368
0.848
0.713
0.645
0.272
0.764
0.604
0.546
0.638
0.005
0.871
0.208
0.986
0.358
0.997
0.862
0.132
0.441
0.31
0.671
0.571
0.015
0.668
0.835
0.601
0.665
0.996
0.326
0.353
0.189
0.879
0.558
0.18
0.174
0.922
0.237
0.179
0.807
0.258
0.447
0.884
0.244
0.919
0.495
0.456
0.317
0.681
0.646
0.665
0.794
0.358
0.583
0.025
0.519
0.672
0.422
0.545
0.268
0.942
0.491
0.513
0.295
0.08
0.972
0.237
0.031
0.707
0.841
0.674
0.023
0.008
0.101
0.491
0.623
0.226
0.339
0.395
0.679
0.714
0.617
0.959
0.372
0.977
0.062
0.919
0.618
0.582
0.364
0.042
0.179
0.768
0.593
0.582
0.855
0.889
0.469
0.006
0.17
0.2
0.032
0.336
0.269
0.696
0.42
0.696
0.19
0.123
0.48
0.269
0.581
0.606
0.839
0.55
0.806
0.963
0.409
0.559
0.667
0.124
0.343
0.217
0.917
0.04
0.575
0.896
0.526
0.79
0.404
0.342
0.929
0.817
0.314
0.233
0.824
0.508
0.64
0.572
0.403
0.127
0.9
0.099
0.323
0.388
0.539
0.697
0.053
0.825
0.6
0.642
0.488
0.559
0.222
0.451
0.089
0.756
0.301
0.86
0.113
0.104
0.163
0.401
0.175
0.761
0.774
0.642
0.121
0.706
0.622
0.82
0.246
0.831
0.66
0.087
0.736
0.25
0.919
0.72
0.205
0.105
0.331
0.036
0.484
0.982
0.355
0.936
0.79
0.247
0.313
0.408
0.473
0.911
0.209
0.133
0.738
0.288
0.177
0.945
0.962
0.408
0.078
0.658
0.951
0.432
0.563
0.894
0.253
0.728
0.483
0.359
0.964
0.913
0.84
0.792
0.186
0.343
0.09
0.283
0.539
0.656
0.317
0.984
0.94
0.516
0.309
0.246
0.171
0.413
0.061
0.14
0.038
0.659
0.481
0.001
0.199
0.447
0.281
0.329
0.225
0.021
0.165
0.023
0.265
0.437
0.172
0.926
0.613
0.049
0.633
0.617
0.751
0.302
0.587
0.196
0.843
0.503
0.549
0.588
0.204
0.76
0.881
0.626
0.418
0.14
0.681
0.586
0.955
0.308
0.382
0.475
0.359
0.997
0.921
0.173
0.234
0.912
0.744
0.118
0.856
0.79
0.653
0.909
0.897
0.036
0.019
0.789
0.229
0.283
0.487
0.071
0.122
0.629
0.432
0.533
0.765
0.458
0.365
0.27
0.542
0.125
0.439
0.144
0.646
0.415
0.936
0.593
0.076
0.092
0.212
0.975
0.498
0.556
0.831
0.766
0.306
0.887
0.483
0.825
0.433
0.379
0.991
0.517
0.666
0.643
0.681
0.313
0.305
0.503
0.587
0.906
0.943
0.017
0.583
0.138
0.197
0.355
0.496
0.467
0.955
0.147
0.989
0.882
0.975
0.574
0.001
0.045
0.142
0.681
0.388
0.418
0.042
0.488
0.047
0.94
0.145
0.509
0.372
0.925
0.244
0.434
0.714
0.948
0.797
0.278
0
0.453
0.925
0.757
0.536
0.045
0.703
0.241
0.531
0.709
0.6
0.348
0.542
0.062
0.795
0.264
0.346
0.16
0.611
0.644
0.298
0.496
0.179
0.294
0.295
0.205
0.122
0.682
0.475
0.479
0.429
0.291
0.756
0.842
0.294
0.28
0.934
0.297
0.506
0.566
0.066
0.214
0.25
0.887
0.025
0.981
0.883
0.517
0.137
0.291
0.37
0.095
0.337
0.966
0.981
0
0.05
0.142
0.026
0.291
0.855
0.272
0.316
0.029
0.69
0.482
0.126
0.08
0.286
0.092
0.064
0.305
0.086
0.834
0.167
0.887
0.166
0.569
0.456
1.0
0.979
0.513
0.388
0.166
0.251
0.825
0.463
0.904
0.573
0.606
0.456
0.366
0.679
0.886
0.865
0.174
0.659
0.528
0.301
0.932
0.538
0.686
0.027
0.5
0.867
0.059
0.225
0.2
0.949
0.009
0.044
0.217
0.84
0.883
0.799
0.429
0.557
0.587
0.282
0.395
0.327
0.077
0.606
0.157
0.039
0.836
0.563
0.389
0.209
0.573
0.558
0.681
0.446
0.634
0.62
0.566
0.152
0.649
0.111
0.418
0.812
0.67
0.512
0.975
0.48
0.619
0.449
0.225
0.406
0.766
0.381
0.923
0.853
0.84
0.607
0.259
0.4
0.128
0.47
0.969
0.454
0.058
0.598
0.719
0.739
0.381
0.454
0.737
0.33
0.473
0.336
0.247
0.799
0.724
0.861
0.044
0.439
0.612
0.841
0.01
0.315
0.876
0.949
0.695
0.88
0.339
0.167
0.753
0.167
0.635
0.85
0.836
0.718
0.496
0.782
0.072
0.487
0.912
0.17
0.884
0.702
0.75
0.38
0.166
0.013
0.537
0.535
0.592
0.11
0.462
0.337
0.473
0.557
0.316
0.509
0.471
0.313
0.796
0.486
0.085
0.985
0.22
0.073
0.827
0.865
0.676
0.235
0.396
0.76
0.009
0.238
0.76
0.104
0.635
0.904
0.741
0.865
0.846
0.679
0.27
0.812
0.791
0.588
0.517
0.468
0.0
0.149
0.052
0.794
0.749
0.609
0.443
0.427
0.034
0.433
0.007
0.015
0.488
0.335
0.943
0.347
0.678
0.343
0.613
0.499
0.756
0.514
0.444
0.602
0.957
0.628
0.732
0.331
0.694
0.46
0.351
0.033
0.451
0.922
0.026
0.005
0.44
0.236
0.41
0.122
0.86
0.702
0.625
0.751
0.8
0.453
0.709
0.684
0.507
0.595
0.306
0.493
0.703
0.504
0.729
0.38
0.906
0.784
0.904
0.783
0.585
0.528
0.454
0.881
0.743
0.023
0.102
0.427
0.012
0.884
0.489
0.964
0.046
0.506
0.482
0.736
0.332
0.819
0.177
0.948
0.743
0.939
0.028
0.056
0.293
0.481
0.068
0.756
0.173
0.58
0.079
0.315
0.664
0.324
0.696
0.918
0.839
0.616
0.777
0.282
0.149
0.985
0.22
0.238
0.399
0.967
0.442
0.885
0.833
0.638
0.98
0.461
0.994
0.243
0.542
0.402
0.549
0.931
0.888
0.889
0.767
0.908
0.058
0.369
0.022
0.126
0.933
0.168
0.215
0.805
0.45
0.032
0.449
0.796
0.542
0.263
0.343
0.587
0.091
0.029
0.078
0.795
0.044
0.738
0.708
0.583
0.199
0.734
0.547
0.949
0.086
0.619
0.779
0.203
0.518
0.299
0.209
0.756
0.275
0.254
0.697
0.111
0.425
0.938
0.257
0.103
0.951
0.94
0.043
0.88
0.085
0.782
0.415
0.28
0.869
0.362
0.654
0.552
0.968
0.846
0.216
0.613
0.064
0.268
0.091
0.002
0.146
0.621
0.806
0.895
0.929
0.695
0.16
0.834
0.762
0.137
0.829
0.94
0.657
0.047
0.531
0.777
0.487
0.327
0.328
0.342
0.276
0.127
0.448
0.077
0.36
0.237
0.687
0.058
0.759
0.214
0.228
0.247
0.891
0.441
0.521
0.004
0.227
0.008
0.252
0.983
0.409
0.77
0.476
0.924
0.09
0.509
0.139
0.574
0.708
0.474
0.649
0.235
0.002
0.445
0.432
0
0.302
0.039
0.89
0.75
0.542
0.959
0.46
0.828
0.971
0.425
0.006
0.479
0.501
0.368
0.928
0.536
0.71
0.415
0.547
0.385
0.521
0.077
0.375
0.194
0.438
0.79
0.997
0.048
0.485
0.797
0.791
0.024
0.861
0.029
0.562
0.441
0.228
0.957
0.11
0.198
0.844
0.863
0.148
0.046
0.233
0.902
0.298
0.83
0.048
0.222
0.517
0.406
0.963
0.547
0.365
0.683
0.033
0.744
0.298
0.376
0.742
0.038
0.146
0.431
0.347
0.845
0.51
0.316
0.479
0.282
0.774
0.521
0.193
0.301
0.318
0.972
0.087
0.52
0.661
0.678
0.655
0.505
0.808
0.898
0.783
0.777
0.858
0.689
0.487
0.79
0.235
0.496
0.394
0.643
