0.224
0.28
0.109
0.4
0.278
0.152
0.616
0.838
0.674
0.234
0.96
0.245
0.129
0.746
0.426
0.691
0.126
0.365
0.158
1.0
0.725
0.637
0.561
0.785
0.769
0.555
0.046
0.129
0.573
0.912
0.58
0.746
0.769
0.023
0.484
0.087
0
0.13
0.502
0.743
0.895
0.374
0.165
0.785
0.848
0.092
0.984
0.481
0.202
0.248
0.447
0.333
0.411
0.691
0.106
0.374
0.994
0.755
0.267
0.128
0.118
0.836
0.163
0.662
0.382
0.226
0.91
0.637
0.673
0.74
0.798
0.218
0.631
0.752
0.689
0.947
0.792
0.147
0.689
0.023
0.835
0.057
0.438
0.618
0.301
0.14
0.603
0.496
0.563
0.663
0.402
0.174
0.116
0.452
0.421
0.99
0.865
0.736
0.888
0.944
0.339
0.729
0.024
0.592
0.742
0.099
0.034
0.839
0.963
0.147
0.617
0.959
0.648
0.295
0.046
0.934
0.778
0.693
0.092
0.415
0.438
0.447
0.346
0.465
0.11
0.494
0.848
0.54
0.255
0.325
0.915
0.471
0.644
0.178
0.996
0.702
0.488
0.582
0.491
0.004
0.121
0.273
0.157
0.501
0.332
0.369
0.021
0.852
0.622
0.74
0.488
0.039
0.353
0.26
0.389
0.315
0.903
0.832
0.213
0.129
0.08
0.006
0.469
0.034
0.347
0.383
0.328
0.328
0.137
0.79
0.814
0.853
0.5
0.43
0.194
0.464
0.969
0.15
0.96
0.248
0.426
0.33
0.333
0.358
0.84
0.573
0.51
0.102
0.508
0.087
0.755
0.47
0.579
0.746
0.101
0.433
0.077
0.39
0.092
0.864
0.184
0.661
0.091
0.436
0.665
0.391
0.493
0.269
0.11
0.042
0.864
0.733
0.495
0.053
0.778
0.922
0.643
0.225
0.572
0.673
0.943
0.044
0.289
0.146
0.386
0.13
0.245
0.219
0.358
0.828
0.072
0.921
0.281
0.193
0.115
0.918
0.692
0.297
0.773
0.652
0.48
0.123
0.906
0.14
0.11
0.69
0.982
0.261
0.385
0.835
0.296
0.648
0.604
0.923
0.442
0.462
0.143
0.996
0.91
0.82
0.162
0
0.377
0.225
0.079
0.122
0.557
0.251
0.714
0.963
0.769
0.916
0.858
0.595
0.894
0.684
0.944
0.863
0.562
0.805
0.081
0.515
0.079
0.248
0.774
0.8
0.374
0.317
0.601
0.548
0.188
0.007
0.873
0.24
0.588
0.244
0.097
0.518
0.382
0.124
0.881
0.106
0.937
0.963
0.927
0
0.954
0.582
0.81
0.407
0.612
0.558
0.599
0.541
0.749
0.268
0.796
0.128
0.258
0.059
0.716
0.57
0.212
0.789
0.603
0.033
0.077
0.886
0.821
0.521
0.798
0.227
0.657
0.922
0.129
0.304
0.534
0.123
0.683
0.056
0.302
0.475
0.393
0.363
0.096
0.195
0.442
0.015
0.059
0.626
0.172
0.354
0.706
0.716
0.689
0.053
0.267
0.132
0.025
0.756
0.7
0.337
0.957
0.855
0.481
0.519
0.006
0.756
0.476
0.95
0.047
0.245
0.179
0.875
0.097
0.903
0.679
0.935
0.093
0.516
0.907
0.862
0.594
0.03
0.015
0.795
0.028
0.654
0.811
0.782
0.858
0.775
0.157
0.717
0.972
0.664
0.871
0.958
0.658
0.037
0.455
0.161
0.324
0.451
0.326
0.525
0.402
0.205
0.545
0.567
0.148
0.887
0.146
0.827
0.365
0.642
0.509
0.873
0.31
0.189
0.91
0.972
0.629
0.821
0.744
0.908
0.989
0.19
0.331
0.353
0.219
0.597
0.279
0.346
0.505
0.804
0.346
0.186
0.411
0.546
0.001
0.818
0.981
0.496
0.968
0.14
0.712
0.073
0.004
0.715
0.996
0.92
0.989
0.541
0.038
0.214
0.753
0.952
0.413
0.882
0.729
0.862
0.315
0.595
0.693
0.73
0.836
0.285
0.691
0.737
0.041
0.666
0.768
0.515
0.713
0.956
0.772
0.898
0.16
0.605
0.713
0.754
0.801
0.545
0.124
0.05
0.199
0.292
0.177
0.634
0.62
0.304
0.704
0.487
0.02
0.244
0.003
0.2
0.453
0.991
0.519
0.598
0.537
0.478
0.22
0.279
0.21
0.958
0.196
0.58
0.602
0.03
0.42
0.979
0.013
0.355
0.357
0.906
0.534
0.549
0.369
0.729
0.574
0.954
0.805
0.81
0.869
0.67
0.641
0.265
0.723
0.554
0.728
0.508
0.778
0.524
0.853
0.301
0.589
0.461
0.276
0.479
0.109
0.803
0.081
0.712
0.932
0.503
0.609
0.699
0.971
0.987
0.536
0.301
0.586
0.086
0.647
0.171
0.62
0.712
0.64
0.254
0.32
0.923
0.548
0.988
0.554
0.034
0.94
0.568
0.885
0.165
0.997
0.496
0.53
0.984
0.54
0.637
0.101
0.54
0.264
0.577
0.756
0.222
0.932
0.867
0.22
0.523
0.778
0.397
0.588
0.407
0.668
0.512
0.299
0.607
0.911
0.473
0.611
0.181
0.798
0.209
0.445
0.123
0.472
0.675
0.782
0.716
0.36
0.281
0.682
0.927
0.592
0.359
0.288
0.589
0.956
0.35
0.217
0.561
0.327
0.511
0.295
0.101
0.234
0.745
0.038
0.237
0.311
0.64
0.644
0.172
0.629
0.618
0.768
0.095
0.363
0.34
0.469
0.626
0.825
0.099
0.626
0.3
0.821
0.385
0.338
0.282
0.051
0.661
0.017
0.793
0.681
0.655
0.538
0.791
0.626
0.135
0.308
0.12
0.958
0.405
0.232
0.041
0.445
0.449
0.837
0.27
0.211
0.462
0.672
0.974
0.026
0.57
0.978
0.626
0.517
0.321
0.827
0.969
0.256
0.023
0.572
0.119
0.75
0.82
0.748
0.242
0.79
0.394
0.133
0.88
0.882
0.527
0.137
0.598
0.741
0.024
0.829
0.225
0.862
0.016
0.957
0.008
0.016
0.731
0.471
0.845
0.413
0.785
0.189
0.451
0.054
0.666
0.553
0.543
0.416
0.206
0.161
0.229
0.396
0.308
0.663
0.569
0.115
0.906
0.884
0.445
0.425
0.236
0.509
0.449
0.88
0.211
0.454
0.484
0.011
0.051
0.469
0.218
0.231
0.234
0.766
0.82
0.318
0.205
0.485
0.318
0.492
0.457
0.033
0.128
0.48
0.662
0.619
0.964
0.853
0.491
0.036
0.483
0.304
0.163
0.845
0.094
0.567
0.225
0.746
0.89
0.457
0.328
0.133
0.588
0.621
0.381
0.99
0.761
0.904
0.588
0.979
0.511
0.665
0.276
0.55
0.655
0.342
0.908
0.13
0.703
0.08
0.276
0.293
0.072
0.594
0.518
0.929
0.942
0.995
0.221
0.432
0.759
0.166
0.274
0.448
0.422
0.562
0.079
0.445
0.707
0.615
0.704
0.814
0.573
0.35
0.774
0.01
0.387
0.869
0.227
0.217
0.356
0.081
0.069
0.38
0.779
0.365
0.539
0.136
0.624
0.834
0.449
0.535
0.899
0.051
0.596
0.146
0.483
0.776
0.555
0.218
0.344
0.606
0.54
0.205
0.645
0.395
0.819
0.039
0.584
0.257
0.338
0.002
0.98
0.068
0.071
0.393
0.083
0.641
0.63
0.934
0.169
0.134
0.93
0.693
0.786
0.226
0.229
0.023
0.904
0.986
0.106
0.114
0.37
0.24
0.927
0.115
0.096
0.03
0.571
0.45
0.75
0.273
0.33
0.607
0.938
0.444
0.828
0.505
0.124
0.168
0.441
0.042
0.426
0.017
0.795
0.668
0.62
0.033
0.181
0.31
0.461
0.142
0.712
0.187
0.43
0.351
0.503
0.105
0.068
0.842
0.823
0.955
0.454
0.235
0.923
0.127
0.32
0.781
0.82
0.542
0.649
0.205
0.434
0.106
0.217
0.226
0.36
0.593
0.93
0.079
0.24
0.208
0.958
0.753
0.242
0.174
0.541
0.055
0.871
0.523
0.766
0.385
0.766
0.227
0.913
0.107
0.501
0.622
0.716
0.652
0.749
0.967
0.006
0.279
0.384
0.496
0.211
0.592
0.219
0.755
0.496
0.299
0.239
0.869
0.613
0.858
0.888
0.075
0.847
0.416
0.726
0.117
0.645
0.668
0.168
0.726
0.096
0.312
0.909
0.418
0.161
0.729
0.456
0.421
0.335
0.205
0.599
0.668
0.491
0.023
0.711
0.052
0.583
0.675
0.822
0.248
0.725
0.015
0.203
0.288
0.249
