0.337
0.833
0.779
0.925
0.196
0.425
0.114
0.935
0.424
0.297
0.841
0.299
0.533
0.684
0.62
0.096
0.164
0.886
0.4
0.259
0.213
0.856
0.23
0.637
0.825
0.709
0.899
0.987
0.846
0.967
0.856
0.983
0.803
0.23
0.929
0.962
0.577
0.998
0.337
0.486
0.295
0.35
0.897
0.415
0.846
0.277
0.21
0.918
0.75
0.897
0.518
0.182
0.344
0.896
0.991
0.506
0.548
0.443
0.738
0.083
0.673
0.218
0.959
0.76
0.952
0.923
0.706
0.077
0.066
0.233
0.781
0.89
0.916
0.108
0.083
0.604
0.576
0.869
0.418
0.657
0.201
0.814
0.781
0.967
0.336
0.262
0.239
0.242
0.535
0.695
0.164
0.527
0.886
0.028
0.324
0.654
0.125
0.757
0.19
0.139
0.056
0.183
0.974
0.202
0.398
0.867
0.843
0.708
0.826
0.328
0.33
0.431
0.674
0.145
0.565
0.487
0.981
0.642
0.595
0.916
0.574
0.967
0.001
0.44
0.026
0.551
0.743
0.741
0.008
0.412
0.986
0.949
0.653
0.978
0.311
0.503
0.212
0.926
0.007
0.908
0.051
0.853
0.405
0.081
0.603
0.207
0.436
0.595
0.322
0.025
0.085
0.872
0.856
0.585
0.806
0.624
0.208
0.812
0.547
0.404
0.947
0.779
0.302
0.866
0.262
0.849
0.227
0.623
0.937
0.172
0.362
0.041
0.475
0.039
0.745
0.227
0.042
0.514
0.986
0.197
0.953
0.582
0.781
0.026
0.472
0.596
0.104
0.671
0.617
0.363
0.389
0.541
0
0.194
0.167
0.917
0.323
0.618
0.72
0.312
0.724
0.835
0.522
0.276
0.314
0.064
0.139
0.863
0.055
0.801
0.922
0.457
0.645
0.015
0.591
0.602
0.637
0.985
0.654
0.783
0.687
0.592
0.153
0.838
0.344
0.67
0.215
0.613
0.675
0.341
0.063
0.945
0.006
0.677
0.489
0.201
0.21
0.822
0.379
0.465
0.375
0.096
0.792
0.694
0.978
0.839
0.093
0.787
0.809
0.706
0.581
0.245
0.398
0.003
0.058
0.504
0.036
0.703
0.735
0.271
0.579
0.667
0.753
0.773
0.198
0.936
0.823
0.281
0.253
0.334
0.421
0.882
0.542
0.281
0.516
0.016
0.393
0.229
0
0.398
0.094
0.465
0.518
0.108
0.031
0.077
0.229
0.116
0.475
0.351
0.324
0.288
0.323
0.901
0.859
0.876
0.237
0.944
0.035
0.716
0.409
0.255
0.558
0.481
0.808
0.976
0.877
0.285
0.284
0.875
0.365
0.207
0.188
0.263
0.747
0.861
0.493
0.104
0.451
0.442
0.578
0.956
0.863
0.468
0.539
0.508
0.911
0.042
0.201
0.171
0.639
0.966
0.342
0.139
0.327
0.286
0.064
0.207
0.714
0.387
0.287
0.699
0.318
0.901
0.774
0.665
0.868
0.672
0.466
0.338
0.455
0.667
0.187
0.772
0.578
0.172
0.013
0.654
0.465
0.079
0.636
0.806
0.403
0.955
0.602
0.165
0.814
0.371
0.851
0.442
0.577
0.646
0.195
0.696
0.559
0.232
0.031
0.049
0.068
0.911
0.305
0.38
0.234
0.349
0.999
0.337
0.516
0.176
0.181
0.733
0.746
0.134
0.801
0.037
0.953
0.01
0.455
0.634
0.525
0.908
0.366
0.482
0.016
0.638
0.863
0.209
0.156
0.16
0.781
0.103
0.961
0.1
0.014
0.968
0.189
0.219
0.719
0.635
0.572
0.103
0.29
0.0
0.584
0.064
0.627
0
0.83
0.649
0.592
0.891
0.247
0.978
0.842
0.729
0.862
0.876
0.159
0.574
0.198
0.032
0.258
0.306
0.023
0.463
0.474
0.889
0.9
0.264
0.297
0.002
0.876
0.54
0.174
0.44
0.559
0.654
0.575
0.739
0.587
0.275
0.992
0.241
0.663
0.111
0.474
0.695
0.301
0.388
0.328
0.106
0.938
0.36
0.667
0.362
0.097
0.036
0.779
0.237
0.823
0.088
0.653
0.939
0.684
0.241
0.44
0.907
0.764
0.912
0.288
0.082
0.797
0.013
0.635
0.869
0.249
0.975
0.657
0.978
0.014
0.624
0.157
0.537
0.832
0.757
0
0.501
0.071
0.839
0.426
0.37
0.058
0.959
0.794
0.406
0.31
0.315
0.73
0.039
0.57
0.264
0.865
0.447
0.044
0.175
0.687
0.292
0.08
0.403
0.698
0.937
0.111
0.531
0.07
0.405
0.157
0.292
0.494
0.566
0.389
0
0.067
0.67
0.672
0.825
0.703
0.636
0.752
0.834
0.594
0.978
0.651
0.187
0.404
0.367
0.19
0.357
0.169
0.792
0.429
0.954
0.617
0.736
0.134
0.332
0.667
0.47
0.138
0.8
0.981
0.07
0.294
0.799
0.322
0.116
0.58
0.335
0.008
0.899
0.251
0.326
0.674
0.581
0.489
0.958
0.903
0.076
0.71
0.117
0.765
0.033
0.972
0.83
0.945
0.699
0.448
0.08
0.264
0.983
0.398
0.22
0.752
0.263
0.453
0.636
0.138
0.675
0.029
0.39
0.018
0.501
0.72
0.829
0.659
0.982
0.046
0.591
0.284
0.188
0.662
0.602
0.583
0.641
0.165
0.887
0.969
0.898
0.959
0.941
0.386
0.762
0.747
0.33
0.366
0.684
0.063
0.745
0.443
0.362
0.276
0.982
0.918
0.43
0.83
0.962
0.082
0.96
0.314
0.265
0.374
0.458
0.854
0.626
0.836
0.042
0.245
0.893
0.642
0.503
0.393
0.498
0.826
0.494
0.319
0.797
0.819
0.965
0.211
0.257
0.844
0.475
0.552
0.49
0.497
0.968
0.116
0.326
0.135
0.131
0.653
0.094
0.532
0.398
0.433
0.566
0.416
0.244
0.639
0.6
0.155
0.053
0.067
0.573
0.314
0.98
0.13
0.934
0.211
0.539
0.964
0.08
0.907
0.098
0.722
0.383
0.225
0.852
0.537
0.489
0.073
0.177
0.237
0.757
0.764
0.618
0.454
0.794
0.632
0.875
0.962
0.345
0.819
0.674
0.942
0.502
0.885
0.53
0.821
0.786
0.844
0.881
0.707
0.606
0.335
0.251
0.677
0.673
0.405
0.882
0.03
0.61
0.681
0.622
0.423
0.048
0.862
0.27
0.489
0.2
0.695
0.905
0.55
0.897
0.977
0.93
0.228
0.954
0.705
0.972
0.592
0.93
0.24
0.795
0.388
0.004
0.584
0.594
0.771
0.843
0.752
0.318
0.462
0.461
0.465
0.06
0.217
0.56
0.362
0.409
0.881
0.935
0.594
0.891
0.161
0.172
0.02
0.103
0.669
0.971
0.863
0.862
0.788
0.378
0.222
0.73
0.41
0.057
0.468
0.293
0.928
0.756
0.872
0.438
0.049
0.359
0.942
0.164
0.222
0.73
0.522
0.826
0.798
0.052
0.513
0.315
0.338
0.822
0.519
0.501
0.45
0.79
0.88
0.129
0.17
0.103
0.969
0.482
0.306
0.733
0.843
0.07
0.859
0.261
0.78
0.787
0.195
0.646
0.498
0.46
0.267
0.486
0.481
0.174
0.585
0.556
0.677
0.088
0.375
0.915
0.197
0.669
0.092
0.12
0.737
0.511
0.64
0.717
0.199
0.076
0.33
0.218
0.158
0.926
0.793
0.43
0.998
0.388
0.718
0.467
0.555
0.735
0.666
0.367
0.792
0.219
0.9
0.578
0.971
0.497
0.987
0.5
0.124
0.392
0.137
0.962
0.629
0.023
0.849
0.238
0.461
0.474
0.402
0.002
0.377
0.646
0.042
0.819
0.016
0.552
0.648
0.656
0.132
0.515
0.033
0.987
0.038
0.893
0.503
0.211
0.844
0.351
0
0.476
0.105
0.627
0.786
0.072
0.859
0.834
0.786
0.692
0.596
0.344
0.942
0.284
0.475
0.65
0.546
0.849
0.654
0.665
0.266
0.716
0.72
0.854
0.428
0.067
0.424
0.473
0.515
0.233
0.823
0.189
0.857
0.122
0.323
0.23
0.726
0.873
0.308
0.426
0.12
0.205
0.71
0.745
0.137
0.806
0.5
0.775
0.847
0.866
0.484
0.537
0.652
0
0.539
0.953
0.079
0.952
0.362
0.833
0.01
0.688
0.184
0.593
0.201
0.737
0
0.785
0.565
0.856
0.067
0.418
0.036
0.461
0.551
0.254
0.081
0.321
0.016
0.501
0.475
0.71
0.715
0.56
0.946
0.375
0.813
0.287
0.084
0.919
